2572645138169593,2667,3,99944,4,2020,-2826.11
2572645138169593,2667,3,99944,5,2020,-4744.28
2572645138169593,2667,3,99944,6,2020,-7027.25
2572645138169593,2667,3,99944,7,2020,-4935.35
2572645138169593,2667,3,99944,8,2020,-7094.05
2572645138169593,2667,3,99944,9,2020,-9189.11
2572645138169593,2667,3,99944,10,2020,-5985.89
2572645138169593,2667,3,99944,11,2020,-9108.78
2572645138169593,2667,3,99944,12,2020,-7051.36
257422111230735104,3910,9,86284,1,2020,2644.09
257422111230735104,3910,9,86284,2,2020,9273.27
257422111230735104,3910,9,86284,3,2020,14233.07
257422111230735104,3910,9,86284,4,2020,13652.65
257422111230735104,3910,9,86284,5,2020,20523.82
257422111230735104,3910,9,86284,6,2020,24498.92
257422111230735104,3910,9,86284,7,2020,35872.87
257422111230735104,3910,9,86284,8,2020,39757.94
257422111230735104,3910,9,86284,9,2020,44233.05
257422111230735104,3910,9,86284,10,2020,45962.81
257422111230735104,3910,9,86284,11,2020,42719.52
257422111230735104,3910,9,86284,12,2020,41801.07
2575773698565916672,880,6,87154,1,2020,0.0
2575773698565916672,880,6,87154,2,2020,-3229.47
2575773698565916672,880,6,87154,3,2020,-3829.23
2575773698565916672,880,6,87154,4,2020,-10857.33
2575773698565916672,880,6,87154,5,2020,-8589.85
2575773698565916672,880,6,87154,6,2020,-9497.3
2575773698565916672,880,6,87154,7,2020,-11817.81
2575773698565916672,880,6,87154,8,2020,-10797.32
2575773698565916672,880,6,87154,9,2020,-11322.29
2575773698565916672,880,6,87154,10,2020,-11322.29
2575773698565916672,880,6,87154,11,2020,-10556.86
2575773698565916672,880,6,87154,12,2020,-12553.04
2576709408245584896,8661,0,31203,1,2020,556.08
2576709408245584896,8661,0,31203,2,2020,-1370.0
2576709408245584896,8661,0,31203,3,2020,1941.64
2576709408245584896,8661,0,31203,4,2020,1615.39
2576709408245584896,8661,0,31203,5,2020,-3311.31
2576709408245584896,8661,0,31203,6,2020,-4473.33
2576709408245584896,8661,0,31203,7,2020,-14395.2
2576709408245584896,8661,0,31203,8,2020,-11744.83
2576709408245584896,8661,0,31203,9,2020,-8439.81
2576709408245584896,8661,0,31203,10,2020,-5379.17
2576709408245584896,8661,0,31203,11,2020,-8298.41
2576709408245584896,8661,0,31203,12,2020,-12402.8
2578019295293609472,4679,3,93147,1,2020,4961.4
2578019295293609472,4679,3,93147,2,2020,6754.95
2578019295293609472,4679,3,93147,3,2020,6786.03
2578019295293609472,4679,3,93147,4,2020,4886.81
2578019295293609472,4679,3,93147,5,2020,5501.13
2578019295293609472,4679,3,93147,6,2020,10720.69
2578019295293609472,4679,3,93147,7,2020,12086.66
2578019295293609472,4679,3,93147,8,2020,20771.39
2578019295293609472,4679,3,93147,9,2020,16612.37
2578019295293609472,4679,3,93147,10,2020,15968.37
2578019295293609472,4679,3,93147,11,2020,17100.74
2578019295293609472,4679,3,93147,12,2020,15372.82
2578703701104116736,9439,1,22146,1,2020,5116.92
2578703701104116736,9439,1,22146,2,2020,2267.09
2578703701104116736,9439,1,22146,3,2020,4421.64
2578703701104116736,9439,1,22146,4,2020,1538.21
2578703701104116736,9439,1,22146,5,2020,1276.35
2578703701104116736,9439,1,22146,6,2020,1034.46
2578703701104116736,9439,1,22146,7,2020,2648.79
2578703701104116736,9439,1,22146,8,2020,-3750.22
2578703701104116736,9439,1,22146,9,2020,-6529.9
2578703701104116736,9439,1,22146,10,2020,-18010.26
2578703701104116736,9439,1,22146,11,2020,-16012.19
2578703701104116736,9439,1,22146,12,2020,-12397.87
2579703769389719552,1016,6,13322,1,2020,-641.01
2579703769389719552,1016,6,13322,2,2020,-2612.89
2579703769389719552,1016,6,13322,3,2020,-2859.16
2579703769389719552,1016,6,13322,4,2020,-165.18
2579703769389719552,1016,6,13322,5,2020,-165.18
2579703769389719552,1016,6,13322,6,2020,835.32
2579703769389719552,1016,6,13322,7,2020,835.32
2579703769389719552,1016,6,13322,8,2020,1814.17
2579703769389719552,1016,6,13322,9,2020,642.13
2579703769389719552,1016,6,13322,10,2020,1941.19
2579703769389719552,1016,6,13322,11,2020,1626.18
2579703769389719552,1016,6,13322,12,2020,1626.18
258052331167854624,177,4,91935,1,2020,2978.91
258052331167854624,177,4,91935,2,2020,3871.26
258052331167854624,177,4,91935,3,2020,8141.2
258052331167854624,177,4,91935,4,2020,9478.09
258052331167854624,177,4,91935,5,2020,9788.51
258052331167854624,177,4,91935,6,2020,12143.9
258052331167854624,177,4,91935,7,2020,16500.28
258052331167854624,177,4,91935,8,2020,18264.3
258052331167854624,177,4,91935,9,2020,20576.65
258052331167854624,177,4,91935,10,2020,21992.35
258052331167854624,177,4,91935,11,2020,21608.47
258052331167854624,177,4,91935,12,2020,19770.05
2580604964062608896,8899,2,5961,1,2020,519.85
2580604964062608896,8899,2,5961,2,2020,-9025.35
2580604964062608896,8899,2,5961,3,2020,-26393.12
2580604964062608896,8899,2,5961,4,2020,-27914.93
2580604964062608896,8899,2,5961,5,2020,-22134.02
2580604964062608896,8899,2,5961,6,2020,-25030.03
2580604964062608896,8899,2,5961,7,2020,-11855.31
2580604964062608896,8899,2,5961,8,2020,-10837.27
2580604964062608896,8899,2,5961,9,2020,-21509.54
2580604964062608896,8899,2,5961,10,2020,-25437.03
2580604964062608896,8899,2,5961,11,2020,-31993.46
2580604964062608896,8899,2,5961,12,2020,-38902.94
2580628306825528320,2750,6,26744,1,2020,1510.0
2580628306825528320,2750,6,26744,2,2020,-1508.07
2580628306825528320,2750,6,26744,3,2020,-9883.41
2580628306825528320,2750,6,26744,4,2020,-8456.65
2580628306825528320,2750,6,26744,5,2020,-7576.46
2580628306825528320,2750,6,26744,6,2020,-8502.28
2580628306825528320,2750,6,26744,7,2020,-8832.19
2580628306825528320,2750,6,26744,8,2020,-3953.14
2580628306825528320,2750,6,26744,9,2020,-5524.04
2580628306825528320,2750,6,26744,10,2020,296.96
2580628306825528320,2750,6,26744,11,2020,2980.72
2580628306825528320,2750,6,26744,12,2020,-2579.03
2581043264455072256,4501,1,64739,1,2020,-141.94
2581043264455072256,4501,1,64739,2,2020,-141.94
2581043264455072256,4501,1,64739,3,2020,-141.94
2581043264455072256,4501,1,64739,4,2020,1572.8
2581043264455072256,4501,1,64739,5,2020,1348.17
2581043264455072256,4501,1,64739,6,2020,2603.54
2581043264455072256,4501,1,64739,7,2020,1041.69
2581043264455072256,4501,1,64739,8,2020,48.47
2581043264455072256,4501,1,64739,9,2020,2025.41
2581043264455072256,4501,1,64739,10,2020,3823.65
2581043264455072256,4501,1,64739,11,2020,2678.85
2581043264455072256,4501,1,64739,12,2020,1254.64
258143738296482496,4266,6,39639,1,2020,3628.91
258143738296482496,4266,6,39639,2,2020,11083.17
258143738296482496,4266,6,39639,3,2020,11790.82
258143738296482496,4266,6,39639,4,2020,16486.32
258143738296482496,4266,6,39639,5,2020,10414.59
258143738296482496,4266,6,39639,6,2020,16144.27
258143738296482496,4266,6,39639,7,2020,9021.76
258143738296482496,4266,6,39639,8,2020,7978.08
258143738296482496,4266,6,39639,9,2020,17857.23
258143738296482496,4266,6,39639,10,2020,16499.2
258143738296482496,4266,6,39639,11,2020,20147.61
258143738296482496,4266,6,39639,12,2020,14911.76
2581619563453145600,4698,2,27696,1,2020,9997.6
2581619563453145600,4698,2,27696,2,2020,10575.47
2581619563453145600,4698,2,27696,3,2020,10246.43
2581619563453145600,4698,2,27696,4,2020,7378.43
2581619563453145600,4698,2,27696,5,2020,12144.63
2581619563453145600,4698,2,27696,6,2020,15420.66
2581619563453145600,4698,2,27696,7,2020,17568.72
2581619563453145600,4698,2,27696,8,2020,8871.06
2581619563453145600,4698,2,27696,9,2020,7707.07
2581619563453145600,4698,2,27696,10,2020,2817.09
2581619563453145600,4698,2,27696,11,2020,-1487.75
2581619563453145600,4698,2,27696,12,2020,-6556.41
2582312454490957824,4957,6,62670,1,2020,-5441.33
2582312454490957824,4957,6,62670,2,2020,4288.74
2582312454490957824,4957,6,62670,3,2020,10433.77
2582312454490957824,4957,6,62670,4,2020,13379.2
2582312454490957824,4957,6,62670,5,2020,15717.88
2582312454490957824,4957,6,62670,6,2020,19192.07
2582312454490957824,4957,6,62670,7,2020,17083.05
2582312454490957824,4957,6,62670,8,2020,18621.53
2582312454490957824,4957,6,62670,9,2020,16116.29
2582312454490957824,4957,6,62670,10,2020,13096.44
2582312454490957824,4957,6,62670,11,2020,15722.44
2582312454490957824,4957,6,62670,12,2020,9112.33
258250010206456960,2061,6,77996,1,2020,5272.18
258250010206456960,2061,6,77996,2,2020,3160.59
258250010206456960,2061,6,77996,3,2020,-1801.7
258250010206456960,2061,6,77996,4,2020,4899.82
258250010206456960,2061,6,77996,5,2020,7489.76
258250010206456960,2061,6,77996,6,2020,12200.25
258250010206456960,2061,6,77996,7,2020,13328.67
258250010206456960,2061,6,77996,8,2020,16768.73
258250010206456960,2061,6,77996,9,2020,6519.1
258250010206456960,2061,6,77996,10,2020,5633.67
258250010206456960,2061,6,77996,11,2020,8064.57
258250010206456960,2061,6,77996,12,2020,6609.63
258392000025497024,5823,7,54610,1,2020,1629.21
258392000025497024,5823,7,54610,2,2020,1460.22
258392000025497024,5823,7,54610,3,2020,3753.79
258392000025497024,5823,7,54610,4,2020,2838.92
258392000025497024,5823,7,54610,5,2020,6633.31
258392000025497024,5823,7,54610,6,2020,8638.71
258392000025497024,5823,7,54610,7,2020,11458.71
258392000025497024,5823,7,54610,8,2020,6971.82
258392000025497024,5823,7,54610,9,2020,8905.97
258392000025497024,5823,7,54610,10,2020,6643.16
258392000025497024,5823,7,54610,11,2020,7400.56
258392000025497024,5823,7,54610,12,2020,8142.37
2584190978058143744,9895,7,68779,1,2020,-5849.02
2584190978058143744,9895,7,68779,2,2020,-7026.39
2584190978058143744,9895,7,68779,3,2020,-6881.45
2584190978058143744,9895,7,68779,4,2020,-6201.73
2584190978058143744,9895,7,68779,5,2020,-7706.33
2584190978058143744,9895,7,68779,6,2020,-6155.68
2584190978058143744,9895,7,68779,7,2020,-5646.58
2584190978058143744,9895,7,68779,8,2020,-5351.88
2584190978058143744,9895,7,68779,9,2020,-6152.48
2584190978058143744,9895,7,68779,10,2020,-10024.34
2584190978058143744,9895,7,68779,11,2020,-14180.78
2584190978058143744,9895,7,68779,12,2020,-13475.35
2584929773583613952,1079,0,41878,1,2020,-4564.21
2584929773583613952,1079,0,41878,2,2020,-3839.93
2584929773583613952,1079,0,41878,3,2020,-3001.74
2584929773583613952,1079,0,41878,4,2020,-2893.63
2584929773583613952,1079,0,41878,5,2020,-3099.99
2584929773583613952,1079,0,41878,6,2020,-2746.76
2584929773583613952,1079,0,41878,7,2020,-5156.38
2584929773583613952,1079,0,41878,8,2020,-8764.39
2584929773583613952,1079,0,41878,9,2020,-13995.19
2584929773583613952,1079,0,41878,10,2020,-15686.45
2584929773583613952,1079,0,41878,11,2020,-20341.95
2584929773583613952,1079,0,41878,12,2020,-17796.6
2585912559743459840,508,7,53586,1,2020,7352.88
2585912559743459840,508,7,53586,2,2020,3548.17
2585912559743459840,508,7,53586,3,2020,-2952.61
2585912559743459840,508,7,53586,4,2020,-11101.95
2585912559743459840,508,7,53586,5,2020,-10081.12
2585912559743459840,508,7,53586,6,2020,-8881.56
2585912559743459840,508,7,53586,7,2020,-10833.04
2585912559743459840,508,7,53586,8,2020,-11474.61
2585912559743459840,508,7,53586,9,2020,-5248.24
2585912559743459840,508,7,53586,10,2020,-8952.11
2585912559743459840,508,7,53586,11,2020,-15705.42
2585912559743459840,508,7,53586,12,2020,-10089.78
2586841573165230080,5962,5,46603,1,2020,747.71
2586841573165230080,5962,5,46603,2,2020,62.29
2586841573165230080,5962,5,46603,3,2020,3422.1
2586841573165230080,5962,5,46603,4,2020,5617.51
2586841573165230080,5962,5,46603,5,2020,6994.45
2586841573165230080,5962,5,46603,6,2020,12166.02
2586841573165230080,5962,5,46603,7,2020,17333.83
2586841573165230080,5962,5,46603,8,2020,17324.29
2586841573165230080,5962,5,46603,9,2020,15186.6
2586841573165230080,5962,5,46603,10,2020,12614.7
