400545390962560448,2,8,86036,10,2020,-9100.61
400545390962560448,2,8,86036,11,2020,-7953.83
400545390962560448,2,8,86036,12,2020,-4355.59
402796263538252608,8291,8,46797,1,2020,561.43
402796263538252608,8291,8,46797,2,2020,3760.76
402796263538252608,8291,8,46797,3,2020,7870.76
402796263538252608,8291,8,46797,4,2020,9215.52
402796263538252608,8291,8,46797,5,2020,9430.99
402796263538252608,8291,8,46797,6,2020,12243.42
402796263538252608,8291,8,46797,7,2020,15125.68
402796263538252608,8291,8,46797,8,2020,17237.16
402796263538252608,8291,8,46797,9,2020,16725.33
402796263538252608,8291,8,46797,10,2020,19590.56
402796263538252608,8291,8,46797,11,2020,17796.27
402796263538252608,8291,8,46797,12,2020,14453.06
403187652398892416,5834,1,52478,1,2020,-1744.75
403187652398892416,5834,1,52478,2,2020,-8099.87
403187652398892416,5834,1,52478,3,2020,-3305.66
403187652398892416,5834,1,52478,4,2020,-5198.26
403187652398892416,5834,1,52478,5,2020,-5752.8
403187652398892416,5834,1,52478,6,2020,-7764.92
403187652398892416,5834,1,52478,7,2020,-11298.62
403187652398892416,5834,1,52478,8,2020,-21603.29
403187652398892416,5834,1,52478,9,2020,-17709.23
403187652398892416,5834,1,52478,10,2020,-19681.66
403187652398892416,5834,1,52478,11,2020,-19808.16
403187652398892416,5834,1,52478,12,2020,-24434.76
404235009899832576,5665,9,97888,1,2020,261.05
404235009899832576,5665,9,97888,2,2020,-1001.27
404235009899832576,5665,9,97888,3,2020,300.96
404235009899832576,5665,9,97888,4,2020,2212.85
404235009899832576,5665,9,97888,5,2020,-1353.04
404235009899832576,5665,9,97888,6,2020,-1473.31
404235009899832576,5665,9,97888,7,2020,-1417.37
404235009899832576,5665,9,97888,8,2020,-2172.53
404235009899832576,5665,9,97888,9,2020,-2670.44
404235009899832576,5665,9,97888,10,2020,-2118.34
404235009899832576,5665,9,97888,11,2020,-2118.34
404235009899832576,5665,9,97888,12,2020,-2959.2
404677690320992256,4452,6,26956,1,2020,-450.24
404677690320992256,4452,6,26956,2,2020,-5011.62
404677690320992256,4452,6,26956,3,2020,-13147.25
404677690320992256,4452,6,26956,4,2020,-12769.62
404677690320992256,4452,6,26956,5,2020,-9320.32
404677690320992256,4452,6,26956,6,2020,-4818.13
404677690320992256,4452,6,26956,7,2020,-4357.74
404677690320992256,4452,6,26956,8,2020,-6723.4
404677690320992256,4452,6,26956,9,2020,-9752.39
404677690320992256,4452,6,26956,10,2020,-12572.37
404677690320992256,4452,6,26956,11,2020,-8269.52
404677690320992256,4452,6,26956,12,2020,-9936.91
407330868980180416,2387,0,619,1,2020,-4554.16
407330868980180416,2387,0,619,2,2020,-6360.2
407330868980180416,2387,0,619,3,2020,-1757.12
407330868980180416,2387,0,619,4,2020,-3425.13
407330868980180416,2387,0,619,5,2020,-7377.8
407330868980180416,2387,0,619,6,2020,-4020.02
407330868980180416,2387,0,619,7,2020,-2113.17
407330868980180416,2387,0,619,8,2020,-1274.07
407330868980180416,2387,0,619,9,2020,-5154.08
407330868980180416,2387,0,619,10,2020,-4244.89
407330868980180416,2387,0,619,11,2020,6431.4
407330868980180416,2387,0,619,12,2020,6022.4
407514318012190336,6480,3,65144,1,2020,403.29
407514318012190336,6480,3,65144,2,2020,881.83
407514318012190336,6480,3,65144,3,2020,142.8
407514318012190336,6480,3,65144,4,2020,-2076.16
407514318012190336,6480,3,65144,5,2020,-4815.93
407514318012190336,6480,3,65144,6,2020,-3020.01
407514318012190336,6480,3,65144,7,2020,-3020.01
407514318012190336,6480,3,65144,8,2020,-1013.46
407514318012190336,6480,3,65144,9,2020,-1882.27
407514318012190336,6480,3,65144,10,2020,2425.17
407514318012190336,6480,3,65144,11,2020,888.62
407514318012190336,6480,3,65144,12,2020,961.49
40759391581305632,4577,7,43898,1,2020,-386.17
40759391581305632,4577,7,43898,2,2020,-386.17
40759391581305632,4577,7,43898,3,2020,-386.17
40759391581305632,4577,7,43898,4,2020,-819.91
40759391581305632,4577,7,43898,5,2020,-2615.81
40759391581305632,4577,7,43898,6,2020,-4433.05
40759391581305632,4577,7,43898,7,2020,-5423.49
40759391581305632,4577,7,43898,8,2020,-5423.49
40759391581305632,4577,7,43898,9,2020,-5423.49
40759391581305632,4577,7,43898,10,2020,-139.97
40759391581305632,4577,7,43898,11,2020,2512.6
40759391581305632,4577,7,43898,12,2020,2838.1
407866482855816000,2232,5,61581,1,2020,-987.88
407866482855816000,2232,5,61581,2,2020,-3925.88
407866482855816000,2232,5,61581,3,2020,-5858.17
407866482855816000,2232,5,61581,4,2020,-8069.77
407866482855816000,2232,5,61581,5,2020,-6730.0
407866482855816000,2232,5,61581,6,2020,-7901.29
407866482855816000,2232,5,61581,7,2020,-9401.17
407866482855816000,2232,5,61581,8,2020,-14648.47
407866482855816000,2232,5,61581,9,2020,-16811.46
407866482855816000,2232,5,61581,10,2020,-15650.4
407866482855816000,2232,5,61581,11,2020,-17277.06
407866482855816000,2232,5,61581,12,2020,-13894.79
40830563732074832,2784,3,65337,1,2020,5100.67
40830563732074832,2784,3,65337,2,2020,8620.61
40830563732074832,2784,3,65337,3,2020,4795.52
40830563732074832,2784,3,65337,4,2020,5550.39
40830563732074832,2784,3,65337,5,2020,3491.24
40830563732074832,2784,3,65337,6,2020,1794.93
40830563732074832,2784,3,65337,7,2020,-1076.7
40830563732074832,2784,3,65337,8,2020,-1668.99
40830563732074832,2784,3,65337,9,2020,-10323.5
40830563732074832,2784,3,65337,10,2020,-8353.73
40830563732074832,2784,3,65337,11,2020,-3472.67
40830563732074832,2784,3,65337,12,2020,-6660.16
408908263317497856,5467,0,11291,1,2020,73.55
408908263317497856,5467,0,11291,2,2020,-676.31
408908263317497856,5467,0,11291,3,2020,-2303.36
408908263317497856,5467,0,11291,4,2020,-3431.33
408908263317497856,5467,0,11291,5,2020,-1689.01
408908263317497856,5467,0,11291,6,2020,-1694.17
408908263317497856,5467,0,11291,7,2020,665.35
408908263317497856,5467,0,11291,8,2020,-1046.09
408908263317497856,5467,0,11291,9,2020,-1046.09
408908263317497856,5467,0,11291,10,2020,-1372.19
408908263317497856,5467,0,11291,11,2020,-1372.19
408908263317497856,5467,0,11291,12,2020,-3279.45
409574045218418688,5011,0,56602,1,2020,534.8
409574045218418688,5011,0,56602,2,2020,3870.49
409574045218418688,5011,0,56602,3,2020,4177.17
409574045218418688,5011,0,56602,4,2020,882.17
409574045218418688,5011,0,56602,5,2020,3217.75
409574045218418688,5011,0,56602,6,2020,5676.8
409574045218418688,5011,0,56602,7,2020,10801.14
409574045218418688,5011,0,56602,8,2020,10777.89
409574045218418688,5011,0,56602,9,2020,8521.04
409574045218418688,5011,0,56602,10,2020,13212.04
409574045218418688,5011,0,56602,11,2020,10799.12
409574045218418688,5011,0,56602,12,2020,7852.99
41053188821172824,9048,5,42687,1,2020,4603.32
41053188821172824,9048,5,42687,2,2020,1628.1
41053188821172824,9048,5,42687,3,2020,-3293.11
41053188821172824,9048,5,42687,4,2020,-7059.23
41053188821172824,9048,5,42687,5,2020,-4022.15
41053188821172824,9048,5,42687,6,2020,-4264.84
41053188821172824,9048,5,42687,7,2020,-9536.71
41053188821172824,9048,5,42687,8,2020,-13259.06
41053188821172824,9048,5,42687,9,2020,-29409.92
41053188821172824,9048,5,42687,10,2020,-33418.68
41053188821172824,9048,5,42687,11,2020,-23490.9
41053188821172824,9048,5,42687,12,2020,-19410.88
410679952743047552,9564,6,2593,1,2020,-2436.71
410679952743047552,9564,6,2593,2,2020,-2332.3
410679952743047552,9564,6,2593,3,2020,358.73
410679952743047552,9564,6,2593,4,2020,-4936.25
410679952743047552,9564,6,2593,5,2020,-3803.0
410679952743047552,9564,6,2593,6,2020,-6506.67
410679952743047552,9564,6,2593,7,2020,-12063.87
410679952743047552,9564,6,2593,8,2020,-16695.31
410679952743047552,9564,6,2593,9,2020,-15499.7
410679952743047552,9564,6,2593,10,2020,-17272.76
410679952743047552,9564,6,2593,11,2020,-20627.99
410679952743047552,9564,6,2593,12,2020,-18759.48
410680885485375616,9148,8,81215,1,2020,-3375.15
410680885485375616,9148,8,81215,2,2020,-4883.95
410680885485375616,9148,8,81215,3,2020,328.33
410680885485375616,9148,8,81215,4,2020,2328.6
410680885485375616,9148,8,81215,5,2020,2074.62
410680885485375616,9148,8,81215,6,2020,3659.82
410680885485375616,9148,8,81215,7,2020,-1422.36
410680885485375616,9148,8,81215,8,2020,3544.16
410680885485375616,9148,8,81215,9,2020,2818.16
410680885485375616,9148,8,81215,10,2020,8376.51
410680885485375616,9148,8,81215,11,2020,6634.1
410680885485375616,9148,8,81215,12,2020,9691.69
411147575008959424,4925,5,42913,1,2020,8025.48
411147575008959424,4925,5,42913,2,2020,4202.6
411147575008959424,4925,5,42913,3,2020,6495.42
411147575008959424,4925,5,42913,4,2020,900.13
411147575008959424,4925,5,42913,5,2020,-3264.0
411147575008959424,4925,5,42913,6,2020,-5151.49
411147575008959424,4925,5,42913,7,2020,-10487.45
411147575008959424,4925,5,42913,8,2020,-11710.5
411147575008959424,4925,5,42913,9,2020,-13808.51
411147575008959424,4925,5,42913,10,2020,-20987.02
411147575008959424,4925,5,42913,11,2020,-23730.73
411147575008959424,4925,5,42913,12,2020,-22428.24
41141008423600128,9621,9,35618,1,2020,5303.07
41141008423600128,9621,9,35618,2,2020,2422.25
41141008423600128,9621,9,35618,3,2020,204.73
41141008423600128,9621,9,35618,4,2020,-1785.51
41141008423600128,9621,9,35618,5,2020,3650.97
41141008423600128,9621,9,35618,6,2020,7631.14
41141008423600128,9621,9,35618,7,2020,5703.49
41141008423600128,9621,9,35618,8,2020,6464.1
41141008423600128,9621,9,35618,9,2020,13629.68
41141008423600128,9621,9,35618,10,2020,10670.03
41141008423600128,9621,9,35618,11,2020,10906.87
41141008423600128,9621,9,35618,12,2020,10953.06
412996602659981504,1255,9,8262,1,2020,-6638.18
412996602659981504,1255,9,8262,2,2020,-7762.82
412996602659981504,1255,9,8262,3,2020,-9272.92
412996602659981504,1255,9,8262,4,2020,-11341.63
412996602659981504,1255,9,8262,5,2020,-12364.98
412996602659981504,1255,9,8262,6,2020,-14259.52
412996602659981504,1255,9,8262,7,2020,-10499.16
412996602659981504,1255,9,8262,8,2020,-7447.58
412996602659981504,1255,9,8262,9,2020,-11859.94
412996602659981504,1255,9,8262,10,2020,-11964.24
412996602659981504,1255,9,8262,11,2020,1149.43
412996602659981504,1255,9,8262,12,2020,44.89
413282146570314176,3746,7,6132,1,2020,-3826.36
413282146570314176,3746,7,6132,2,2020,-2490.46
413282146570314176,3746,7,6132,3,2020,-1196.77
413282146570314176,3746,7,6132,4,2020,-219.91
413282146570314176,3746,7,6132,5,2020,1647.21
413282146570314176,3746,7,6132,6,2020,4981.48
413282146570314176,3746,7,6132,7,2020,7270.07
413282146570314176,3746,7,6132,8,2020,7045.48
413282146570314176,3746,7,6132,9,2020,4709.0
413282146570314176,3746,7,6132,10,2020,4103.01
413282146570314176,3746,7,6132,11,2020,-7110.52
413282146570314176,3746,7,6132,12,2020,-2747.44
413472486955993984,268,4,4857,1,2020,4199.63
413472486955993984,268,4,4857,2,2020,1166.8
413472486955993984,268,4,4857,3,2020,4358.77
413472486955993984,268,4,4857,4,2020,6283.24
413472486955993984,268,4,4857,5,2020,9244.87
413472486955993984,268,4,4857,6,2020,11625.0
413472486955993984,268,4,4857,7,2020,10823.09
413472486955993984,268,4,4857,8,2020,7847.88
413472486955993984,268,4,4857,9,2020,6798.88
413472486955993984,268,4,4857,10,2020,5063.36
413472486955993984,268,4,4857,11,2020,5077.82
413472486955993984,268,4,4857,12,2020,5300.38
414105220864039104,6440,8,92893,1,2020,-587.85
414105220864039104,6440,8,92893,2,2020,-821.59
414105220864039104,6440,8,92893,3,2020,-3944.51
414105220864039104,6440,8,92893,4,2020,-6595.09
414105220864039104,6440,8,92893,5,2020,-4376.36
414105220864039104,6440,8,92893,6,2020,-5266.84
414105220864039104,6440,8,92893,7,2020,-4905.12
414105220864039104,6440,8,92893,8,2020,-3771.94
