553845833311154240,8068,7,9562,9,2020,-805.58
553845833311154240,8068,7,9562,10,2020,1746.73
553845833311154240,8068,7,9562,11,2020,7895.73
553845833311154240,8068,7,9562,12,2020,8278.84
553877761827634368,8521,7,64583,1,2020,5170.45
553877761827634368,8521,7,64583,2,2020,4588.89
553877761827634368,8521,7,64583,3,2020,13775.05
553877761827634368,8521,7,64583,4,2020,10159.19
553877761827634368,8521,7,64583,5,2020,8207.78
553877761827634368,8521,7,64583,6,2020,16506.36
553877761827634368,8521,7,64583,7,2020,15236.26
553877761827634368,8521,7,64583,8,2020,12006.75
553877761827634368,8521,7,64583,9,2020,11244.71
553877761827634368,8521,7,64583,10,2020,12137.51
553877761827634368,8521,7,64583,11,2020,18440.55
553877761827634368,8521,7,64583,12,2020,24974.72
554400726544294464,5294,4,38875,1,2020,-2299.93
554400726544294464,5294,4,38875,2,2020,2240.55
554400726544294464,5294,4,38875,3,2020,3102.1
554400726544294464,5294,4,38875,4,2020,867.17
554400726544294464,5294,4,38875,5,2020,17.11
554400726544294464,5294,4,38875,6,2020,-2405.03
554400726544294464,5294,4,38875,7,2020,-8145.56
554400726544294464,5294,4,38875,8,2020,-13811.55
554400726544294464,5294,4,38875,9,2020,-11940.58
554400726544294464,5294,4,38875,10,2020,-5745.82
554400726544294464,5294,4,38875,11,2020,-11408.29
554400726544294464,5294,4,38875,12,2020,-13469.7
554745589994320704,1619,4,48616,1,2020,-1554.83
554745589994320704,1619,4,48616,2,2020,24.02
554745589994320704,1619,4,48616,3,2020,1698.01
554745589994320704,1619,4,48616,4,2020,2629.75
554745589994320704,1619,4,48616,5,2020,4133.58
554745589994320704,1619,4,48616,6,2020,5370.73
554745589994320704,1619,4,48616,7,2020,5732.65
554745589994320704,1619,4,48616,8,2020,7769.5
554745589994320704,1619,4,48616,9,2020,11605.14
554745589994320704,1619,4,48616,10,2020,14097.34
554745589994320704,1619,4,48616,11,2020,16514.88
554745589994320704,1619,4,48616,12,2020,15323.44
555210813361430656,5937,9,66569,1,2020,-2126.89
555210813361430656,5937,9,66569,2,2020,-3092.74
555210813361430656,5937,9,66569,3,2020,-2064.48
555210813361430656,5937,9,66569,4,2020,-3824.81
555210813361430656,5937,9,66569,5,2020,-6760.09
555210813361430656,5937,9,66569,6,2020,-4525.99
555210813361430656,5937,9,66569,7,2020,-1844.07
555210813361430656,5937,9,66569,8,2020,-574.78
555210813361430656,5937,9,66569,9,2020,-2612.02
555210813361430656,5937,9,66569,10,2020,-271.87
555210813361430656,5937,9,66569,11,2020,730.47
555210813361430656,5937,9,66569,12,2020,5869.48
555267790260254144,7985,9,37857,1,2020,-332.43
555267790260254144,7985,9,37857,2,2020,4421.26
555267790260254144,7985,9,37857,3,2020,-96.17
555267790260254144,7985,9,37857,4,2020,-4095.23
555267790260254144,7985,9,37857,5,2020,571.6
555267790260254144,7985,9,37857,6,2020,-3601.11
555267790260254144,7985,9,37857,7,2020,-3911.65
555267790260254144,7985,9,37857,8,2020,2748.96
555267790260254144,7985,9,37857,9,2020,-6553.69
555267790260254144,7985,9,37857,10,2020,-16428.96
555267790260254144,7985,9,37857,11,2020,-17798.02
555267790260254144,7985,9,37857,12,2020,-14041.12
55533234061754200,1327,0,31597,1,2020,11900.41
55533234061754200,1327,0,31597,2,2020,10880.37
55533234061754200,1327,0,31597,3,2020,12148.94
55533234061754200,1327,0,31597,4,2020,9947.83
55533234061754200,1327,0,31597,5,2020,8904.78
55533234061754200,1327,0,31597,6,2020,7358.27
55533234061754200,1327,0,31597,7,2020,8949.1
55533234061754200,1327,0,31597,8,2020,10866.37
55533234061754200,1327,0,31597,9,2020,13672.45
55533234061754200,1327,0,31597,10,2020,10570.34
55533234061754200,1327,0,31597,11,2020,8260.5
55533234061754200,1327,0,31597,12,2020,4221.78
556295770816320320,9088,9,78298,1,2020,-832.11
556295770816320320,9088,9,78298,2,2020,-4086.74
556295770816320320,9088,9,78298,3,2020,-6062.57
556295770816320320,9088,9,78298,4,2020,967.78
556295770816320320,9088,9,78298,5,2020,-2359.87
556295770816320320,9088,9,78298,6,2020,-3066.18
556295770816320320,9088,9,78298,7,2020,3134.37
556295770816320320,9088,9,78298,8,2020,6118.58
556295770816320320,9088,9,78298,9,2020,8555.86
556295770816320320,9088,9,78298,10,2020,13824.11
556295770816320320,9088,9,78298,11,2020,10209.74
556295770816320320,9088,9,78298,12,2020,3640.54
55816037922410592,8901,2,72869,1,2020,68.85
55816037922410592,8901,2,72869,2,2020,-4957.07
55816037922410592,8901,2,72869,3,2020,-5441.29
55816037922410592,8901,2,72869,4,2020,-12177.14
55816037922410592,8901,2,72869,5,2020,-4510.87
55816037922410592,8901,2,72869,6,2020,-5914.56
55816037922410592,8901,2,72869,7,2020,-4143.39
55816037922410592,8901,2,72869,8,2020,882.52
55816037922410592,8901,2,72869,9,2020,174.05
55816037922410592,8901,2,72869,10,2020,125.01
55816037922410592,8901,2,72869,11,2020,-1690.71
55816037922410592,8901,2,72869,12,2020,-5503.25
558207976659453184,143,3,88456,1,2020,-5783.7
558207976659453184,143,3,88456,2,2020,-8216.71
558207976659453184,143,3,88456,3,2020,-8572.42
558207976659453184,143,3,88456,4,2020,-13086.14
558207976659453184,143,3,88456,5,2020,-14368.13
558207976659453184,143,3,88456,6,2020,-16188.88
558207976659453184,143,3,88456,7,2020,-16711.57
558207976659453184,143,3,88456,8,2020,-22626.95
558207976659453184,143,3,88456,9,2020,-23552.62
558207976659453184,143,3,88456,10,2020,-21961.04
558207976659453184,143,3,88456,11,2020,-26329.28
558207976659453184,143,3,88456,12,2020,-25965.09
558384681416663104,8763,8,33619,1,2020,3816.99
558384681416663104,8763,8,33619,2,2020,1256.74
558384681416663104,8763,8,33619,3,2020,684.49
558384681416663104,8763,8,33619,4,2020,712.47
558384681416663104,8763,8,33619,5,2020,-810.3
558384681416663104,8763,8,33619,6,2020,3774.94
558384681416663104,8763,8,33619,7,2020,-3007.84
558384681416663104,8763,8,33619,8,2020,-635.34
558384681416663104,8763,8,33619,9,2020,-2442.29
558384681416663104,8763,8,33619,10,2020,231.65
558384681416663104,8763,8,33619,11,2020,-202.98
558384681416663104,8763,8,33619,12,2020,-1910.26
558874953703302400,4920,2,7744,1,2020,-1588.11
558874953703302400,4920,2,7744,2,2020,-4875.59
558874953703302400,4920,2,7744,3,2020,-6200.5
558874953703302400,4920,2,7744,4,2020,-4805.09
558874953703302400,4920,2,7744,5,2020,-5430.74
558874953703302400,4920,2,7744,6,2020,5297.38
558874953703302400,4920,2,7744,7,2020,4613.79
558874953703302400,4920,2,7744,8,2020,1418.68
558874953703302400,4920,2,7744,9,2020,6270.68
558874953703302400,4920,2,7744,10,2020,1693.32
558874953703302400,4920,2,7744,11,2020,2969.56
558874953703302400,4920,2,7744,12,2020,2028.45
558934177634408832,3536,0,27785,1,2020,3821.16
558934177634408832,3536,0,27785,2,2020,2324.37
558934177634408832,3536,0,27785,3,2020,-145.99
558934177634408832,3536,0,27785,4,2020,-754.09
558934177634408832,3536,0,27785,5,2020,-3756.01
558934177634408832,3536,0,27785,6,2020,-14846.36
558934177634408832,3536,0,27785,7,2020,-11499.77
558934177634408832,3536,0,27785,8,2020,-9821.71
558934177634408832,3536,0,27785,9,2020,-10302.36
558934177634408832,3536,0,27785,10,2020,-6670.29
558934177634408832,3536,0,27785,11,2020,-2727.15
558934177634408832,3536,0,27785,12,2020,2286.4
559458500844138304,5166,8,87755,1,2020,2117.39
559458500844138304,5166,8,87755,2,2020,1719.68
559458500844138304,5166,8,87755,3,2020,2177.71
559458500844138304,5166,8,87755,4,2020,4290.58
559458500844138304,5166,8,87755,5,2020,3440.83
559458500844138304,5166,8,87755,6,2020,4320.8
559458500844138304,5166,8,87755,7,2020,5979.45
559458500844138304,5166,8,87755,8,2020,6272.6
559458500844138304,5166,8,87755,9,2020,4405.86
559458500844138304,5166,8,87755,10,2020,3789.85
559458500844138304,5166,8,87755,11,2020,4166.55
559458500844138304,5166,8,87755,12,2020,5265.83
562130619836359488,8361,8,26230,1,2020,0.0
562130619836359488,8361,8,26230,2,2020,0.0
562130619836359488,8361,8,26230,3,2020,0.0
562130619836359488,8361,8,26230,4,2020,0.0
562130619836359488,8361,8,26230,5,2020,0.0
562130619836359488,8361,8,26230,6,2020,0.0
562130619836359488,8361,8,26230,7,2020,0.0
562130619836359488,8361,8,26230,8,2020,0.0
562130619836359488,8361,8,26230,9,2020,-334.45
562130619836359488,8361,8,26230,10,2020,-334.45
562130619836359488,8361,8,26230,11,2020,-334.45
562130619836359488,8361,8,26230,12,2020,-334.45
56255560652299008,4172,0,4984,1,2020,0.0
56255560652299008,4172,0,4984,2,2020,-1640.16
56255560652299008,4172,0,4984,3,2020,-1640.16
56255560652299008,4172,0,4984,4,2020,-1640.16
56255560652299008,4172,0,4984,5,2020,-1640.16
56255560652299008,4172,0,4984,6,2020,-1640.16
56255560652299008,4172,0,4984,7,2020,-2215.11
56255560652299008,4172,0,4984,8,2020,-2215.11
56255560652299008,4172,0,4984,9,2020,-2215.11
56255560652299008,4172,0,4984,10,2020,-2215.11
56255560652299008,4172,0,4984,11,2020,-2215.11
56255560652299008,4172,0,4984,12,2020,-2215.11
562828086859443456,2968,8,76052,1,2020,4413.74
562828086859443456,2968,8,76052,2,2020,9342.27
562828086859443456,2968,8,76052,3,2020,6971.76
562828086859443456,2968,8,76052,4,2020,17582.58
562828086859443456,2968,8,76052,5,2020,15346.0
562828086859443456,2968,8,76052,6,2020,14152.08
562828086859443456,2968,8,76052,7,2020,13356.36
562828086859443456,2968,8,76052,8,2020,13492.22
562828086859443456,2968,8,76052,9,2020,8785.87
562828086859443456,2968,8,76052,10,2020,14667.37
562828086859443456,2968,8,76052,11,2020,15220.92
562828086859443456,2968,8,76052,12,2020,18236.16
56323229787951792,3982,8,86132,1,2020,1352.86
56323229787951792,3982,8,86132,2,2020,6076.63
56323229787951792,3982,8,86132,3,2020,7522.33
56323229787951792,3982,8,86132,4,2020,4470.36
56323229787951792,3982,8,86132,5,2020,2695.93
56323229787951792,3982,8,86132,6,2020,-3997.78
56323229787951792,3982,8,86132,7,2020,3828.57
56323229787951792,3982,8,86132,8,2020,1940.07
56323229787951792,3982,8,86132,9,2020,-4933.82
56323229787951792,3982,8,86132,10,2020,-4995.34
56323229787951792,3982,8,86132,11,2020,-8553.62
56323229787951792,3982,8,86132,12,2020,-8076.21
565886342274184960,8296,3,74454,1,2020,0.0
565886342274184960,8296,3,74454,2,2020,0.0
565886342274184960,8296,3,74454,3,2020,1221.15
565886342274184960,8296,3,74454,4,2020,1221.15
565886342274184960,8296,3,74454,5,2020,-556.15
565886342274184960,8296,3,74454,6,2020,-556.15
565886342274184960,8296,3,74454,7,2020,87.78
565886342274184960,8296,3,74454,8,2020,87.78
565886342274184960,8296,3,74454,9,2020,87.78
565886342274184960,8296,3,74454,10,2020,1067.3
565886342274184960,8296,3,74454,11,2020,1067.3
565886342274184960,8296,3,74454,12,2020,521.19
566971933804816640,9343,3,98623,1,2020,104.34
566971933804816640,9343,3,98623,2,2020,9811.65
566971933804816640,9343,3,98623,3,2020,14676.31
566971933804816640,9343,3,98623,4,2020,17128.0
566971933804816640,9343,3,98623,5,2020,10665.1
566971933804816640,9343,3,98623,6,2020,15503.9
566971933804816640,9343,3,98623,7,2020,20688.53
566971933804816640,9343,3,98623,8,2020,23875.57
566971933804816640,9343,3,98623,9,2020,21570.8
566971933804816640,9343,3,98623,10,2020,26729.89
566971933804816640,9343,3,98623,11,2020,24109.54
566971933804816640,9343,3,98623,12,2020,19573.36
568802897200326592,37,0,53243,1,2020,-2440.47
568802897200326592,37,0,53243,2,2020,-1104.6
568802897200326592,37,0,53243,3,2020,-1826.51
568802897200326592,37,0,53243,4,2020,-4764.76
568802897200326592,37,0,53243,5,2020,-1171.89
