463356822853100864,6061,9,87837,10,2020,11512.6
463356822853100864,6061,9,87837,11,2020,9084.59
463356822853100864,6061,9,87837,12,2020,10434.54
463388652110339648,8971,7,63216,1,2020,2084.79
463388652110339648,8971,7,63216,2,2020,-1788.74
463388652110339648,8971,7,63216,3,2020,-1783.96
463388652110339648,8971,7,63216,4,2020,2959.53
463388652110339648,8971,7,63216,5,2020,8070.36
463388652110339648,8971,7,63216,6,2020,5395.52
463388652110339648,8971,7,63216,7,2020,6699.99
463388652110339648,8971,7,63216,8,2020,5364.18
463388652110339648,8971,7,63216,9,2020,2150.15
463388652110339648,8971,7,63216,10,2020,1774.91
463388652110339648,8971,7,63216,11,2020,3304.67
463388652110339648,8971,7,63216,12,2020,-1374.27
463391308107212288,1832,6,62764,1,2020,12753.3
463391308107212288,1832,6,62764,2,2020,19837.19
463391308107212288,1832,6,62764,3,2020,26042.28
463391308107212288,1832,6,62764,4,2020,28463.03
463391308107212288,1832,6,62764,5,2020,35034.48
463391308107212288,1832,6,62764,6,2020,34216.22
463391308107212288,1832,6,62764,7,2020,36616.87
463391308107212288,1832,6,62764,8,2020,36208.31
463391308107212288,1832,6,62764,9,2020,37514.19
463391308107212288,1832,6,62764,10,2020,40094.78
463391308107212288,1832,6,62764,11,2020,38943.6
463391308107212288,1832,6,62764,12,2020,32369.37
464265620102313408,9379,0,38887,1,2020,526.22
464265620102313408,9379,0,38887,2,2020,-2188.11
464265620102313408,9379,0,38887,3,2020,-8199.41
464265620102313408,9379,0,38887,4,2020,-6396.72
464265620102313408,9379,0,38887,5,2020,-8725.42
464265620102313408,9379,0,38887,6,2020,-8505.16
464265620102313408,9379,0,38887,7,2020,-9496.19
464265620102313408,9379,0,38887,8,2020,-9872.6
464265620102313408,9379,0,38887,9,2020,-12767.41
464265620102313408,9379,0,38887,10,2020,-11236.27
464265620102313408,9379,0,38887,11,2020,-13160.86
464265620102313408,9379,0,38887,12,2020,-12361.04
46449298451092056,4239,8,8016,1,2020,1239.99
46449298451092056,4239,8,8016,2,2020,9074.36
46449298451092056,4239,8,8016,3,2020,14957.3
46449298451092056,4239,8,8016,4,2020,14398.8
46449298451092056,4239,8,8016,5,2020,16348.88
46449298451092056,4239,8,8016,6,2020,14991.89
46449298451092056,4239,8,8016,7,2020,23772.02
46449298451092056,4239,8,8016,8,2020,23003.96
46449298451092056,4239,8,8016,9,2020,26814.2
46449298451092056,4239,8,8016,10,2020,19741.03
46449298451092056,4239,8,8016,11,2020,21596.22
46449298451092056,4239,8,8016,12,2020,25238.36
464598086313932416,1543,0,64395,1,2020,3377.26
464598086313932416,1543,0,64395,2,2020,9787.8
464598086313932416,1543,0,64395,3,2020,11207.56
464598086313932416,1543,0,64395,4,2020,14428.35
464598086313932416,1543,0,64395,5,2020,11037.38
464598086313932416,1543,0,64395,6,2020,13229.19
464598086313932416,1543,0,64395,7,2020,12428.91
464598086313932416,1543,0,64395,8,2020,17840.7
464598086313932416,1543,0,64395,9,2020,17308.17
464598086313932416,1543,0,64395,10,2020,17499.86
464598086313932416,1543,0,64395,11,2020,17381.9
464598086313932416,1543,0,64395,12,2020,21029.26
464928299544422656,4619,1,8793,1,2020,-323.6
464928299544422656,4619,1,8793,2,2020,-112.17
464928299544422656,4619,1,8793,3,2020,-2315.33
464928299544422656,4619,1,8793,4,2020,-2315.92
464928299544422656,4619,1,8793,5,2020,-2697.43
464928299544422656,4619,1,8793,6,2020,-2874.17
464928299544422656,4619,1,8793,7,2020,-3475.93
464928299544422656,4619,1,8793,8,2020,-9430.81
464928299544422656,4619,1,8793,9,2020,-14337.43
464928299544422656,4619,1,8793,10,2020,-15029.4
464928299544422656,4619,1,8793,11,2020,-17057.88
464928299544422656,4619,1,8793,12,2020,-18766.25
465964332153014592,2195,9,54126,1,2020,4830.59
465964332153014592,2195,9,54126,2,2020,495.88
465964332153014592,2195,9,54126,3,2020,6008.38
465964332153014592,2195,9,54126,4,2020,10525.04
465964332153014592,2195,9,54126,5,2020,2631.95
465964332153014592,2195,9,54126,6,2020,1824.19
465964332153014592,2195,9,54126,7,2020,-2725.85
465964332153014592,2195,9,54126,8,2020,4012.63
465964332153014592,2195,9,54126,9,2020,1899.05
465964332153014592,2195,9,54126,10,2020,-1988.96
465964332153014592,2195,9,54126,11,2020,3443.79
465964332153014592,2195,9,54126,12,2020,-4709.16
466234024393299904,3808,0,18125,1,2020,0.0
466234024393299904,3808,0,18125,2,2020,1884.07
466234024393299904,3808,0,18125,3,2020,1415.3
466234024393299904,3808,0,18125,4,2020,1415.3
466234024393299904,3808,0,18125,5,2020,1415.3
466234024393299904,3808,0,18125,6,2020,1415.3
466234024393299904,3808,0,18125,7,2020,1415.3
466234024393299904,3808,0,18125,8,2020,1415.3
466234024393299904,3808,0,18125,9,2020,1415.3
466234024393299904,3808,0,18125,10,2020,1415.3
466234024393299904,3808,0,18125,11,2020,1415.3
466234024393299904,3808,0,18125,12,2020,1924.44
466649984890243968,8833,6,46993,1,2020,3062.34
466649984890243968,8833,6,46993,2,2020,6697.02
466649984890243968,8833,6,46993,3,2020,264.0
466649984890243968,8833,6,46993,4,2020,-2065.04
466649984890243968,8833,6,46993,5,2020,-1215.64
466649984890243968,8833,6,46993,6,2020,-3879.46
466649984890243968,8833,6,46993,7,2020,-1011.25
466649984890243968,8833,6,46993,8,2020,7247.4
466649984890243968,8833,6,46993,9,2020,14034.03
466649984890243968,8833,6,46993,10,2020,17227.4
466649984890243968,8833,6,46993,11,2020,24192.73
466649984890243968,8833,6,46993,12,2020,25153.03
467289092237656384,262,4,57229,1,2020,4845.2
467289092237656384,262,4,57229,2,2020,4311.77
467289092237656384,262,4,57229,3,2020,3811.82
467289092237656384,262,4,57229,4,2020,4750.96
467289092237656384,262,4,57229,5,2020,222.07
467289092237656384,262,4,57229,6,2020,-3842.9
467289092237656384,262,4,57229,7,2020,-3796.2
467289092237656384,262,4,57229,8,2020,-692.21
467289092237656384,262,4,57229,9,2020,519.67
467289092237656384,262,4,57229,10,2020,-3139.16
467289092237656384,262,4,57229,11,2020,-1833.34
467289092237656384,262,4,57229,12,2020,-1160.82
467657554521931904,7270,6,36913,1,2020,-2082.1
467657554521931904,7270,6,36913,2,2020,-1867.08
467657554521931904,7270,6,36913,3,2020,-3421.47
467657554521931904,7270,6,36913,4,2020,1548.84
467657554521931904,7270,6,36913,5,2020,-1822.15
467657554521931904,7270,6,36913,6,2020,5354.26
467657554521931904,7270,6,36913,7,2020,7761.72
467657554521931904,7270,6,36913,8,2020,10393.63
467657554521931904,7270,6,36913,9,2020,7794.75
467657554521931904,7270,6,36913,10,2020,5230.97
467657554521931904,7270,6,36913,11,2020,7559.26
467657554521931904,7270,6,36913,12,2020,10896.75
468991284061887488,1746,0,14920,1,2020,617.1
468991284061887488,1746,0,14920,2,2020,719.58
468991284061887488,1746,0,14920,3,2020,610.58
468991284061887488,1746,0,14920,4,2020,4668.17
468991284061887488,1746,0,14920,5,2020,4015.31
468991284061887488,1746,0,14920,6,2020,3179.59
468991284061887488,1746,0,14920,7,2020,1044.3
468991284061887488,1746,0,14920,8,2020,-1751.3
468991284061887488,1746,0,14920,9,2020,1934.62
468991284061887488,1746,0,14920,10,2020,-55.98
468991284061887488,1746,0,14920,11,2020,-1391.38
468991284061887488,1746,0,14920,12,2020,762.12
469377369894005696,4965,6,74488,1,2020,-3704.75
469377369894005696,4965,6,74488,2,2020,-3285.29
469377369894005696,4965,6,74488,3,2020,-2649.68
469377369894005696,4965,6,74488,4,2020,-7863.73
469377369894005696,4965,6,74488,5,2020,-10995.5
469377369894005696,4965,6,74488,6,2020,-10199.77
469377369894005696,4965,6,74488,7,2020,-9273.84
469377369894005696,4965,6,74488,8,2020,-20025.46
469377369894005696,4965,6,74488,9,2020,-21050.56
469377369894005696,4965,6,74488,10,2020,-29934.56
469377369894005696,4965,6,74488,11,2020,-24400.08
469377369894005696,4965,6,74488,12,2020,-27356.64
47143096662100560,8382,0,86518,1,2020,1526.13
47143096662100560,8382,0,86518,2,2020,1475.39
47143096662100560,8382,0,86518,3,2020,3006.26
47143096662100560,8382,0,86518,4,2020,2552.57
47143096662100560,8382,0,86518,5,2020,-2536.08
47143096662100560,8382,0,86518,6,2020,-1774.2
47143096662100560,8382,0,86518,7,2020,6345.82
47143096662100560,8382,0,86518,8,2020,4760.11
47143096662100560,8382,0,86518,9,2020,9466.17
47143096662100560,8382,0,86518,10,2020,13651.25
47143096662100560,8382,0,86518,11,2020,10900.35
47143096662100560,8382,0,86518,12,2020,6828.72
471840685634785664,5959,6,17972,1,2020,-1926.71
471840685634785664,5959,6,17972,2,2020,1879.88
471840685634785664,5959,6,17972,3,2020,2379.97
471840685634785664,5959,6,17972,4,2020,-194.23
471840685634785664,5959,6,17972,5,2020,-4603.51
471840685634785664,5959,6,17972,6,2020,-3759.48
471840685634785664,5959,6,17972,7,2020,-5044.1
471840685634785664,5959,6,17972,8,2020,-3800.82
471840685634785664,5959,6,17972,9,2020,-3347.28
471840685634785664,5959,6,17972,10,2020,4468.06
471840685634785664,5959,6,17972,11,2020,3660.57
471840685634785664,5959,6,17972,12,2020,3073.0
472680632163447808,7172,1,19644,1,2020,0.0
472680632163447808,7172,1,19644,2,2020,-1034.36
472680632163447808,7172,1,19644,3,2020,-1034.36
472680632163447808,7172,1,19644,4,2020,-442.43
472680632163447808,7172,1,19644,5,2020,-442.43
472680632163447808,7172,1,19644,6,2020,684.21
472680632163447808,7172,1,19644,7,2020,684.21
472680632163447808,7172,1,19644,8,2020,-1087.29
472680632163447808,7172,1,19644,9,2020,-1087.29
472680632163447808,7172,1,19644,10,2020,2438.74
472680632163447808,7172,1,19644,11,2020,4142.32
472680632163447808,7172,1,19644,12,2020,5041.04
474312582245913216,2705,1,62479,1,2020,1568.94
474312582245913216,2705,1,62479,2,2020,1568.94
474312582245913216,2705,1,62479,3,2020,4578.64
474312582245913216,2705,1,62479,4,2020,4326.87
474312582245913216,2705,1,62479,5,2020,4326.87
474312582245913216,2705,1,62479,6,2020,3955.24
474312582245913216,2705,1,62479,7,2020,3507.74
474312582245913216,2705,1,62479,8,2020,4573.02
474312582245913216,2705,1,62479,9,2020,4573.02
474312582245913216,2705,1,62479,10,2020,4574.12
474312582245913216,2705,1,62479,11,2020,3589.49
474312582245913216,2705,1,62479,12,2020,4594.87
475110233761515776,3598,0,36740,1,2020,-1714.37
475110233761515776,3598,0,36740,2,2020,5493.14
475110233761515776,3598,0,36740,3,2020,14936.9
475110233761515776,3598,0,36740,4,2020,16187.2
475110233761515776,3598,0,36740,5,2020,21780.66
475110233761515776,3598,0,36740,6,2020,21704.97
475110233761515776,3598,0,36740,7,2020,24670.67
475110233761515776,3598,0,36740,8,2020,18475.48
475110233761515776,3598,0,36740,9,2020,11468.95
475110233761515776,3598,0,36740,10,2020,12159.44
475110233761515776,3598,0,36740,11,2020,11745.57
475110233761515776,3598,0,36740,12,2020,2443.56
475383975227229120,5439,3,23266,1,2020,-1140.72
475383975227229120,5439,3,23266,2,2020,1033.77
475383975227229120,5439,3,23266,3,2020,-2357.16
475383975227229120,5439,3,23266,4,2020,-12085.74
475383975227229120,5439,3,23266,5,2020,-7824.5
475383975227229120,5439,3,23266,6,2020,-15253.92
475383975227229120,5439,3,23266,7,2020,-18651.83
475383975227229120,5439,3,23266,8,2020,-15123.28
475383975227229120,5439,3,23266,9,2020,-20919.84
475383975227229120,5439,3,23266,10,2020,-17635.64
475383975227229120,5439,3,23266,11,2020,-22306.9
475383975227229120,5439,3,23266,12,2020,-18051.27
476341108299686592,6684,7,40191,1,2020,-4251.81
476341108299686592,6684,7,40191,2,2020,-5282.67
476341108299686592,6684,7,40191,3,2020,-3322.84
476341108299686592,6684,7,40191,4,2020,-1939.38
476341108299686592,6684,7,40191,5,2020,301.15
476341108299686592,6684,7,40191,6,2020,769.84
476341108299686592,6684,7,40191,7,2020,-7058.05
476341108299686592,6684,7,40191,8,2020,-13394.1
476341108299686592,6684,7,40191,9,2020,-6499.82
476341108299686592,6684,7,40191,10,2020,-1383.0
