2744341108562184704,3501,8,54090,5,2020,-9366.74
2744341108562184704,3501,8,54090,6,2020,-16936.72
2744341108562184704,3501,8,54090,7,2020,-17801.74
2744341108562184704,3501,8,54090,8,2020,-18472.84
2744341108562184704,3501,8,54090,9,2020,-12136.07
2744341108562184704,3501,8,54090,10,2020,-10230.28
2744341108562184704,3501,8,54090,11,2020,-9208.34
2744341108562184704,3501,8,54090,12,2020,-9726.84
2744638029619633152,4949,8,24031,1,2020,125.87
2744638029619633152,4949,8,24031,2,2020,243.81
2744638029619633152,4949,8,24031,3,2020,1295.2
2744638029619633152,4949,8,24031,4,2020,-862.95
2744638029619633152,4949,8,24031,5,2020,841.66
2744638029619633152,4949,8,24031,6,2020,1051.22
2744638029619633152,4949,8,24031,7,2020,-66.36
2744638029619633152,4949,8,24031,8,2020,1707.83
2744638029619633152,4949,8,24031,9,2020,697.4
2744638029619633152,4949,8,24031,10,2020,827.32
2744638029619633152,4949,8,24031,11,2020,1873.92
2744638029619633152,4949,8,24031,12,2020,2872.71
274494146908837376,4752,9,80781,1,2020,-183.05
274494146908837376,4752,9,80781,2,2020,-4362.99
274494146908837376,4752,9,80781,3,2020,-3836.04
274494146908837376,4752,9,80781,4,2020,-9020.35
274494146908837376,4752,9,80781,5,2020,-6778.84
274494146908837376,4752,9,80781,6,2020,-881.34
274494146908837376,4752,9,80781,7,2020,-2238.79
274494146908837376,4752,9,80781,8,2020,-1497.03
274494146908837376,4752,9,80781,9,2020,-2047.71
274494146908837376,4752,9,80781,10,2020,-4511.42
274494146908837376,4752,9,80781,11,2020,-4824.61
274494146908837376,4752,9,80781,12,2020,1365.37
2745875311889766400,629,5,88959,1,2020,69.16
2745875311889766400,629,5,88959,2,2020,2705.7
2745875311889766400,629,5,88959,3,2020,9207.69
2745875311889766400,629,5,88959,4,2020,8313.48
2745875311889766400,629,5,88959,5,2020,6230.82
2745875311889766400,629,5,88959,6,2020,5878.32
2745875311889766400,629,5,88959,7,2020,1413.81
2745875311889766400,629,5,88959,8,2020,379.81
2745875311889766400,629,5,88959,9,2020,5896.47
2745875311889766400,629,5,88959,10,2020,11270.75
2745875311889766400,629,5,88959,11,2020,13327.71
2745875311889766400,629,5,88959,12,2020,15777.84
2746410672461254144,511,7,91815,1,2020,2222.95
2746410672461254144,511,7,91815,2,2020,4602.97
2746410672461254144,511,7,91815,3,2020,14391.23
2746410672461254144,511,7,91815,4,2020,7692.13
2746410672461254144,511,7,91815,5,2020,10514.31
2746410672461254144,511,7,91815,6,2020,9472.87
2746410672461254144,511,7,91815,7,2020,11671.4
2746410672461254144,511,7,91815,8,2020,14364.8
2746410672461254144,511,7,91815,9,2020,17631.52
2746410672461254144,511,7,91815,10,2020,15317.54
2746410672461254144,511,7,91815,11,2020,15465.21
2746410672461254144,511,7,91815,12,2020,20511.29
2747256619800276480,3767,5,89056,1,2020,-4642.85
2747256619800276480,3767,5,89056,2,2020,-5309.06
2747256619800276480,3767,5,89056,3,2020,-13467.74
2747256619800276480,3767,5,89056,4,2020,-20854.45
2747256619800276480,3767,5,89056,5,2020,-15006.59
2747256619800276480,3767,5,89056,6,2020,-1322.87
2747256619800276480,3767,5,89056,7,2020,4720.77
2747256619800276480,3767,5,89056,8,2020,3311.09
2747256619800276480,3767,5,89056,9,2020,2564.83
2747256619800276480,3767,5,89056,10,2020,3429.23
2747256619800276480,3767,5,89056,11,2020,-3286.39
2747256619800276480,3767,5,89056,12,2020,-6868.65
2748175160167892992,6489,7,8723,1,2020,2786.65
2748175160167892992,6489,7,8723,2,2020,7542.87
2748175160167892992,6489,7,8723,3,2020,6771.61
2748175160167892992,6489,7,8723,4,2020,6702.28
2748175160167892992,6489,7,8723,5,2020,5433.08
2748175160167892992,6489,7,8723,6,2020,14827.96
2748175160167892992,6489,7,8723,7,2020,13677.81
2748175160167892992,6489,7,8723,8,2020,6816.39
2748175160167892992,6489,7,8723,9,2020,-542.52
2748175160167892992,6489,7,8723,10,2020,-11629.11
2748175160167892992,6489,7,8723,11,2020,-5887.26
2748175160167892992,6489,7,8723,12,2020,-6723.36
2749423287762897408,2918,7,95687,1,2020,5998.55
2749423287762897408,2918,7,95687,2,2020,6826.94
2749423287762897408,2918,7,95687,3,2020,8399.11
2749423287762897408,2918,7,95687,4,2020,7780.34
2749423287762897408,2918,7,95687,5,2020,8356.62
2749423287762897408,2918,7,95687,6,2020,8236.29
2749423287762897408,2918,7,95687,7,2020,220.0
2749423287762897408,2918,7,95687,8,2020,-2935.57
2749423287762897408,2918,7,95687,9,2020,-11282.03
2749423287762897408,2918,7,95687,10,2020,-7598.88
2749423287762897408,2918,7,95687,11,2020,-6642.48
2749423287762897408,2918,7,95687,12,2020,-9842.98
2749846110487309312,3678,9,93024,1,2020,-1564.44
2749846110487309312,3678,9,93024,2,2020,2693.94
2749846110487309312,3678,9,93024,3,2020,2911.25
2749846110487309312,3678,9,93024,4,2020,5039.71
2749846110487309312,3678,9,93024,5,2020,3622.79
2749846110487309312,3678,9,93024,6,2020,5342.87
2749846110487309312,3678,9,93024,7,2020,5963.01
2749846110487309312,3678,9,93024,8,2020,4703.24
2749846110487309312,3678,9,93024,9,2020,2343.57
2749846110487309312,3678,9,93024,10,2020,10495.42
2749846110487309312,3678,9,93024,11,2020,10766.09
2749846110487309312,3678,9,93024,12,2020,6794.52
2750064073522882560,7909,7,8692,1,2020,308.64
2750064073522882560,7909,7,8692,2,2020,3229.54
2750064073522882560,7909,7,8692,3,2020,2427.85
2750064073522882560,7909,7,8692,4,2020,2549.97
2750064073522882560,7909,7,8692,5,2020,2544.34
2750064073522882560,7909,7,8692,6,2020,4571.79
2750064073522882560,7909,7,8692,7,2020,2773.4
2750064073522882560,7909,7,8692,8,2020,3019.58
2750064073522882560,7909,7,8692,9,2020,-2838.77
2750064073522882560,7909,7,8692,10,2020,-4341.14
2750064073522882560,7909,7,8692,11,2020,-4634.59
2750064073522882560,7909,7,8692,12,2020,-7912.65
2750414880760028160,4429,3,92564,1,2020,2991.35
2750414880760028160,4429,3,92564,2,2020,-2467.6
2750414880760028160,4429,3,92564,3,2020,-3055.7
2750414880760028160,4429,3,92564,4,2020,-342.43
2750414880760028160,4429,3,92564,5,2020,3929.66
2750414880760028160,4429,3,92564,6,2020,6807.02
2750414880760028160,4429,3,92564,7,2020,4883.55
2750414880760028160,4429,3,92564,8,2020,7348.36
2750414880760028160,4429,3,92564,9,2020,11588.95
2750414880760028160,4429,3,92564,10,2020,5035.65
2750414880760028160,4429,3,92564,11,2020,3185.96
2750414880760028160,4429,3,92564,12,2020,-538.46
2750534906703339520,1586,5,44672,1,2020,6042.67
2750534906703339520,1586,5,44672,2,2020,8084.25
2750534906703339520,1586,5,44672,3,2020,4170.0
2750534906703339520,1586,5,44672,4,2020,3943.04
2750534906703339520,1586,5,44672,5,2020,8518.27
2750534906703339520,1586,5,44672,6,2020,6996.36
2750534906703339520,1586,5,44672,7,2020,6844.65
2750534906703339520,1586,5,44672,8,2020,3535.27
2750534906703339520,1586,5,44672,9,2020,4862.45
2750534906703339520,1586,5,44672,10,2020,10262.36
2750534906703339520,1586,5,44672,11,2020,18686.1
2750534906703339520,1586,5,44672,12,2020,12643.42
2750752480496327680,3948,2,6192,1,2020,2985.0
2750752480496327680,3948,2,6192,2,2020,2985.0
2750752480496327680,3948,2,6192,3,2020,1100.31
2750752480496327680,3948,2,6192,4,2020,841.77
2750752480496327680,3948,2,6192,5,2020,2509.69
2750752480496327680,3948,2,6192,6,2020,-727.53
2750752480496327680,3948,2,6192,7,2020,-1639.27
2750752480496327680,3948,2,6192,8,2020,13.36
2750752480496327680,3948,2,6192,9,2020,697.51
2750752480496327680,3948,2,6192,10,2020,2092.72
2750752480496327680,3948,2,6192,11,2020,4572.8
2750752480496327680,3948,2,6192,12,2020,2427.81
2752320295767115264,6549,3,47878,1,2020,-3165.49
2752320295767115264,6549,3,47878,2,2020,-4846.97
2752320295767115264,6549,3,47878,3,2020,-9513.06
2752320295767115264,6549,3,47878,4,2020,-7156.51
2752320295767115264,6549,3,47878,5,2020,-11647.95
2752320295767115264,6549,3,47878,6,2020,-23657.32
2752320295767115264,6549,3,47878,7,2020,-33101.57
2752320295767115264,6549,3,47878,8,2020,-33839.64
2752320295767115264,6549,3,47878,9,2020,-30043.09
2752320295767115264,6549,3,47878,10,2020,-31400.69
2752320295767115264,6549,3,47878,11,2020,-30287.45
2752320295767115264,6549,3,47878,12,2020,-32813.41
2752846521700900864,2242,4,56201,1,2020,-5271.18
2752846521700900864,2242,4,56201,2,2020,2214.2
2752846521700900864,2242,4,56201,3,2020,-7426.35
2752846521700900864,2242,4,56201,4,2020,-15068.06
2752846521700900864,2242,4,56201,5,2020,-20421.61
2752846521700900864,2242,4,56201,6,2020,-22344.27
2752846521700900864,2242,4,56201,7,2020,-17333.73
2752846521700900864,2242,4,56201,8,2020,-12854.81
2752846521700900864,2242,4,56201,9,2020,-12685.4
2752846521700900864,2242,4,56201,10,2020,-7179.84
2752846521700900864,2242,4,56201,11,2020,-7776.74
2752846521700900864,2242,4,56201,12,2020,-13021.31
2753454547016312320,8010,2,79333,1,2020,-876.06
2753454547016312320,8010,2,79333,2,2020,2261.2
2753454547016312320,8010,2,79333,3,2020,-2359.16
2753454547016312320,8010,2,79333,4,2020,-4326.61
2753454547016312320,8010,2,79333,5,2020,-5924.37
2753454547016312320,8010,2,79333,6,2020,-5858.7
2753454547016312320,8010,2,79333,7,2020,-10989.36
2753454547016312320,8010,2,79333,8,2020,-13976.61
2753454547016312320,8010,2,79333,9,2020,-11283.71
2753454547016312320,8010,2,79333,10,2020,-5435.82
2753454547016312320,8010,2,79333,11,2020,-9745.8
2753454547016312320,8010,2,79333,12,2020,-7327.21
2753523421108881408,9678,6,5733,1,2020,52.69
2753523421108881408,9678,6,5733,2,2020,1250.44
2753523421108881408,9678,6,5733,3,2020,-1720.97
2753523421108881408,9678,6,5733,4,2020,-3452.14
2753523421108881408,9678,6,5733,5,2020,-3283.27
2753523421108881408,9678,6,5733,6,2020,-2668.35
2753523421108881408,9678,6,5733,7,2020,-1621.42
2753523421108881408,9678,6,5733,8,2020,-1506.11
2753523421108881408,9678,6,5733,9,2020,-2199.47
2753523421108881408,9678,6,5733,10,2020,-3501.83
2753523421108881408,9678,6,5733,11,2020,-3719.06
2753523421108881408,9678,6,5733,12,2020,-3477.4
2753892785740466688,3907,6,37373,1,2020,-2554.1
2753892785740466688,3907,6,37373,2,2020,-4954.32
2753892785740466688,3907,6,37373,3,2020,-4846.64
2753892785740466688,3907,6,37373,4,2020,3596.3
2753892785740466688,3907,6,37373,5,2020,774.2
2753892785740466688,3907,6,37373,6,2020,434.0
2753892785740466688,3907,6,37373,7,2020,-1415.34
2753892785740466688,3907,6,37373,8,2020,394.35
2753892785740466688,3907,6,37373,9,2020,-2024.01
2753892785740466688,3907,6,37373,10,2020,300.81
2753892785740466688,3907,6,37373,11,2020,2365.78
2753892785740466688,3907,6,37373,12,2020,-3113.22
2755812866873567744,4682,6,3715,1,2020,119.5
2755812866873567744,4682,6,3715,2,2020,-2375.46
2755812866873567744,4682,6,3715,3,2020,-5342.71
2755812866873567744,4682,6,3715,4,2020,-4385.88
2755812866873567744,4682,6,3715,5,2020,-6556.52
2755812866873567744,4682,6,3715,6,2020,-5253.62
2755812866873567744,4682,6,3715,7,2020,-7649.91
2755812866873567744,4682,6,3715,8,2020,-8031.6
2755812866873567744,4682,6,3715,9,2020,-10292.48
2755812866873567744,4682,6,3715,10,2020,-4910.27
2755812866873567744,4682,6,3715,11,2020,-7145.0
2755812866873567744,4682,6,3715,12,2020,-7065.15
2756387416962433024,8851,9,31495,1,2020,6036.43
2756387416962433024,8851,9,31495,2,2020,-279.3
2756387416962433024,8851,9,31495,3,2020,3415.04
2756387416962433024,8851,9,31495,4,2020,-888.15
2756387416962433024,8851,9,31495,5,2020,-2406.7
2756387416962433024,8851,9,31495,6,2020,-2716.08
2756387416962433024,8851,9,31495,7,2020,-5340.14
2756387416962433024,8851,9,31495,8,2020,-5969.46
2756387416962433024,8851,9,31495,9,2020,-4393.86
2756387416962433024,8851,9,31495,10,2020,-4446.1
2756387416962433024,8851,9,31495,11,2020,-12208.38
2756387416962433024,8851,9,31495,12,2020,-15040.73
2757498649726221824,654,5,55617,1,2020,1277.02
