431174637164708160,111,4,17341,9,2020,2635.33
431174637164708160,111,4,17341,10,2020,729.88
431174637164708160,111,4,17341,11,2020,562.85
431174637164708160,111,4,17341,12,2020,1259.57
431420370676259904,9790,0,1678,1,2020,-110.76
431420370676259904,9790,0,1678,2,2020,-1633.89
431420370676259904,9790,0,1678,3,2020,-1791.82
431420370676259904,9790,0,1678,4,2020,-2429.83
431420370676259904,9790,0,1678,5,2020,-1837.45
431420370676259904,9790,0,1678,6,2020,-3858.46
431420370676259904,9790,0,1678,7,2020,210.61
431420370676259904,9790,0,1678,8,2020,-4647.08
431420370676259904,9790,0,1678,9,2020,-4675.83
431420370676259904,9790,0,1678,10,2020,-6200.63
431420370676259904,9790,0,1678,11,2020,-5512.8
431420370676259904,9790,0,1678,12,2020,-5720.28
433030888586426944,3116,1,73789,1,2020,-258.77
433030888586426944,3116,1,73789,2,2020,4656.42
433030888586426944,3116,1,73789,3,2020,9911.59
433030888586426944,3116,1,73789,4,2020,10683.62
433030888586426944,3116,1,73789,5,2020,8288.75
433030888586426944,3116,1,73789,6,2020,6837.03
433030888586426944,3116,1,73789,7,2020,7696.87
433030888586426944,3116,1,73789,8,2020,5636.1
433030888586426944,3116,1,73789,9,2020,1409.22
433030888586426944,3116,1,73789,10,2020,2129.77
433030888586426944,3116,1,73789,11,2020,6820.82
433030888586426944,3116,1,73789,12,2020,8526.2
433298978759811904,6068,3,26031,1,2020,0.0
433298978759811904,6068,3,26031,2,2020,186.44
433298978759811904,6068,3,26031,3,2020,186.44
433298978759811904,6068,3,26031,4,2020,186.44
433298978759811904,6068,3,26031,5,2020,186.44
433298978759811904,6068,3,26031,6,2020,-159.12
433298978759811904,6068,3,26031,7,2020,1054.79
433298978759811904,6068,3,26031,8,2020,-322.74
433298978759811904,6068,3,26031,9,2020,-322.74
433298978759811904,6068,3,26031,10,2020,1158.68
433298978759811904,6068,3,26031,11,2020,1158.68
433298978759811904,6068,3,26031,12,2020,1332.54
434187609712466368,5431,3,28304,1,2020,776.12
434187609712466368,5431,3,28304,2,2020,-167.53
434187609712466368,5431,3,28304,3,2020,4490.64
434187609712466368,5431,3,28304,4,2020,4622.55
434187609712466368,5431,3,28304,5,2020,2827.33
434187609712466368,5431,3,28304,6,2020,286.46
434187609712466368,5431,3,28304,7,2020,-3195.96
434187609712466368,5431,3,28304,8,2020,-3403.24
434187609712466368,5431,3,28304,9,2020,-976.8
434187609712466368,5431,3,28304,10,2020,2134.07
434187609712466368,5431,3,28304,11,2020,-568.09
434187609712466368,5431,3,28304,12,2020,-815.89
435146975925185728,1227,2,9695,1,2020,2554.75
435146975925185728,1227,2,9695,2,2020,733.99
435146975925185728,1227,2,9695,3,2020,90.18
435146975925185728,1227,2,9695,4,2020,2197.86
435146975925185728,1227,2,9695,5,2020,2185.5
435146975925185728,1227,2,9695,6,2020,6259.09
435146975925185728,1227,2,9695,7,2020,6780.91
435146975925185728,1227,2,9695,8,2020,7436.12
435146975925185728,1227,2,9695,9,2020,5812.22
435146975925185728,1227,2,9695,10,2020,6194.43
435146975925185728,1227,2,9695,11,2020,8084.99
435146975925185728,1227,2,9695,12,2020,1969.27
435272748715784448,9197,8,84560,1,2020,-1333.53
435272748715784448,9197,8,84560,2,2020,-2116.85
435272748715784448,9197,8,84560,3,2020,-2684.04
435272748715784448,9197,8,84560,4,2020,785.69
435272748715784448,9197,8,84560,5,2020,1077.95
435272748715784448,9197,8,84560,6,2020,1369.55
435272748715784448,9197,8,84560,7,2020,-574.62
435272748715784448,9197,8,84560,8,2020,-574.62
435272748715784448,9197,8,84560,9,2020,-2251.98
435272748715784448,9197,8,84560,10,2020,-735.85
435272748715784448,9197,8,84560,11,2020,-2380.8
435272748715784448,9197,8,84560,12,2020,-1197.25
436401297077996032,1753,4,74265,1,2020,1208.04
436401297077996032,1753,4,74265,2,2020,3505.91
436401297077996032,1753,4,74265,3,2020,435.42
436401297077996032,1753,4,74265,4,2020,1547.03
436401297077996032,1753,4,74265,5,2020,-1604.67
436401297077996032,1753,4,74265,6,2020,-1102.58
436401297077996032,1753,4,74265,7,2020,5131.26
436401297077996032,1753,4,74265,8,2020,-4328.23
436401297077996032,1753,4,74265,9,2020,-5872.71
436401297077996032,1753,4,74265,10,2020,-7331.56
436401297077996032,1753,4,74265,11,2020,-11259.21
436401297077996032,1753,4,74265,12,2020,-18024.37
437441275060561664,7686,0,10385,1,2020,3583.31
437441275060561664,7686,0,10385,2,2020,8247.72
437441275060561664,7686,0,10385,3,2020,17201.73
437441275060561664,7686,0,10385,4,2020,7810.55
437441275060561664,7686,0,10385,5,2020,7944.54
437441275060561664,7686,0,10385,6,2020,4639.48
437441275060561664,7686,0,10385,7,2020,5875.19
437441275060561664,7686,0,10385,8,2020,1280.55
437441275060561664,7686,0,10385,9,2020,2247.59
437441275060561664,7686,0,10385,10,2020,7098.78
437441275060561664,7686,0,10385,11,2020,10917.91
437441275060561664,7686,0,10385,12,2020,8808.1
439420335116934912,1514,2,36221,1,2020,324.89
439420335116934912,1514,2,36221,2,2020,-1408.74
439420335116934912,1514,2,36221,3,2020,-7797.01
439420335116934912,1514,2,36221,4,2020,-9158.78
439420335116934912,1514,2,36221,5,2020,-12597.29
439420335116934912,1514,2,36221,6,2020,-9685.34
439420335116934912,1514,2,36221,7,2020,-5168.56
439420335116934912,1514,2,36221,8,2020,-6761.78
439420335116934912,1514,2,36221,9,2020,-3349.25
439420335116934912,1514,2,36221,10,2020,-3925.59
439420335116934912,1514,2,36221,11,2020,-9601.13
439420335116934912,1514,2,36221,12,2020,-15484.49
440520407136697984,9358,1,63146,1,2020,-2937.21
440520407136697984,9358,1,63146,2,2020,-1451.45
440520407136697984,9358,1,63146,3,2020,-2815.5
440520407136697984,9358,1,63146,4,2020,-5608.35
440520407136697984,9358,1,63146,5,2020,-5608.35
440520407136697984,9358,1,63146,6,2020,-2239.24
440520407136697984,9358,1,63146,7,2020,-3104.19
440520407136697984,9358,1,63146,8,2020,-4246.23
440520407136697984,9358,1,63146,9,2020,-4707.07
440520407136697984,9358,1,63146,10,2020,-9112.77
440520407136697984,9358,1,63146,11,2020,-12701.6
440520407136697984,9358,1,63146,12,2020,-14524.56
444913511741294528,4335,7,4492,1,2020,-94.63
444913511741294528,4335,7,4492,2,2020,-7006.37
444913511741294528,4335,7,4492,3,2020,-13498.76
444913511741294528,4335,7,4492,4,2020,-16920.3
444913511741294528,4335,7,4492,5,2020,-16872.13
444913511741294528,4335,7,4492,6,2020,-11408.75
444913511741294528,4335,7,4492,7,2020,-10051.34
444913511741294528,4335,7,4492,8,2020,-6602.75
444913511741294528,4335,7,4492,9,2020,-5455.49
444913511741294528,4335,7,4492,10,2020,-7465.3
444913511741294528,4335,7,4492,11,2020,-9312.34
444913511741294528,4335,7,4492,12,2020,-14470.37
44494542202672384,7914,1,48432,1,2020,5690.31
44494542202672384,7914,1,48432,2,2020,14291.39
44494542202672384,7914,1,48432,3,2020,25477.73
44494542202672384,7914,1,48432,4,2020,22440.14
44494542202672384,7914,1,48432,5,2020,27235.98
44494542202672384,7914,1,48432,6,2020,33943.5
44494542202672384,7914,1,48432,7,2020,32022.04
44494542202672384,7914,1,48432,8,2020,35041.51
44494542202672384,7914,1,48432,9,2020,31233.26
44494542202672384,7914,1,48432,10,2020,37046.33
44494542202672384,7914,1,48432,11,2020,35221.18
44494542202672384,7914,1,48432,12,2020,32334.74
445393004890119424,8315,6,93640,1,2020,-1265.16
445393004890119424,8315,6,93640,2,2020,555.13
445393004890119424,8315,6,93640,3,2020,-1747.37
445393004890119424,8315,6,93640,4,2020,-461.12
445393004890119424,8315,6,93640,5,2020,-1988.38
445393004890119424,8315,6,93640,6,2020,-4149.71
445393004890119424,8315,6,93640,7,2020,-5571.56
445393004890119424,8315,6,93640,8,2020,-3179.1
445393004890119424,8315,6,93640,9,2020,1065.28
445393004890119424,8315,6,93640,10,2020,1670.79
445393004890119424,8315,6,93640,11,2020,2937.61
445393004890119424,8315,6,93640,12,2020,2026.8
445734154702467264,3233,6,40319,1,2020,-4884.21
445734154702467264,3233,6,40319,2,2020,-719.51
445734154702467264,3233,6,40319,3,2020,-4572.78
445734154702467264,3233,6,40319,4,2020,1900.25
445734154702467264,3233,6,40319,5,2020,-3595.14
445734154702467264,3233,6,40319,6,2020,-5073.15
445734154702467264,3233,6,40319,7,2020,-3793.74
445734154702467264,3233,6,40319,8,2020,-10997.13
445734154702467264,3233,6,40319,9,2020,-13715.06
445734154702467264,3233,6,40319,10,2020,-18961.97
445734154702467264,3233,6,40319,11,2020,-21170.58
445734154702467264,3233,6,40319,12,2020,-21224.3
446981406845787968,7916,2,81513,1,2020,4963.35
446981406845787968,7916,2,81513,2,2020,8939.93
446981406845787968,7916,2,81513,3,2020,8823.31
446981406845787968,7916,2,81513,4,2020,13343.1
446981406845787968,7916,2,81513,5,2020,12699.93
446981406845787968,7916,2,81513,6,2020,15618.31
446981406845787968,7916,2,81513,7,2020,14681.08
446981406845787968,7916,2,81513,8,2020,16163.86
446981406845787968,7916,2,81513,9,2020,18609.08
446981406845787968,7916,2,81513,10,2020,15757.08
446981406845787968,7916,2,81513,11,2020,17888.25
446981406845787968,7916,2,81513,12,2020,25452.82
449581410112973056,541,8,47233,1,2020,-480.95
449581410112973056,541,8,47233,2,2020,-2703.37
449581410112973056,541,8,47233,3,2020,533.23
449581410112973056,541,8,47233,4,2020,-618.08
449581410112973056,541,8,47233,5,2020,-8706.46
449581410112973056,541,8,47233,6,2020,-8237.69
449581410112973056,541,8,47233,7,2020,-2434.3
449581410112973056,541,8,47233,8,2020,-6202.29
449581410112973056,541,8,47233,9,2020,-7103.21
449581410112973056,541,8,47233,10,2020,-7221.79
449581410112973056,541,8,47233,11,2020,-523.48
449581410112973056,541,8,47233,12,2020,-1835.34
450288796914077952,8892,9,99874,1,2020,1654.27
450288796914077952,8892,9,99874,2,2020,2482.26
450288796914077952,8892,9,99874,3,2020,254.71
450288796914077952,8892,9,99874,4,2020,-563.85
450288796914077952,8892,9,99874,5,2020,-2316.53
450288796914077952,8892,9,99874,6,2020,-364.03
450288796914077952,8892,9,99874,7,2020,-364.03
450288796914077952,8892,9,99874,8,2020,1976.35
450288796914077952,8892,9,99874,9,2020,582.79
450288796914077952,8892,9,99874,10,2020,-1437.6
450288796914077952,8892,9,99874,11,2020,-459.4
450288796914077952,8892,9,99874,12,2020,-712.78
450977271673842880,868,2,75358,1,2020,3994.39
450977271673842880,868,2,75358,2,2020,379.99
450977271673842880,868,2,75358,3,2020,-1275.2
450977271673842880,868,2,75358,4,2020,-2734.73
450977271673842880,868,2,75358,5,2020,-12719.33
450977271673842880,868,2,75358,6,2020,-13371.08
450977271673842880,868,2,75358,7,2020,-10805.09
450977271673842880,868,2,75358,8,2020,-5883.3
450977271673842880,868,2,75358,9,2020,-3199.26
450977271673842880,868,2,75358,10,2020,-2495.61
450977271673842880,868,2,75358,11,2020,4193.56
450977271673842880,868,2,75358,12,2020,3948.59
453470985353475072,3413,5,69648,1,2020,1081.99
453470985353475072,3413,5,69648,2,2020,3292.94
453470985353475072,3413,5,69648,3,2020,5033.87
453470985353475072,3413,5,69648,4,2020,3417.3
453470985353475072,3413,5,69648,5,2020,1316.13
453470985353475072,3413,5,69648,6,2020,4761.68
453470985353475072,3413,5,69648,7,2020,3453.68
453470985353475072,3413,5,69648,8,2020,1772.98
453470985353475072,3413,5,69648,9,2020,4519.28
453470985353475072,3413,5,69648,10,2020,2966.1
453470985353475072,3413,5,69648,11,2020,1217.96
453470985353475072,3413,5,69648,12,2020,-3584.14
453490540024528576,8475,1,43693,1,2020,5665.69
453490540024528576,8475,1,43693,2,2020,3307.8
453490540024528576,8475,1,43693,3,2020,1527.54
453490540024528576,8475,1,43693,4,2020,-4266.82
453490540024528576,8475,1,43693,5,2020,-6087.81
453490540024528576,8475,1,43693,6,2020,-1321.86
453490540024528576,8475,1,43693,7,2020,1818.28
453490540024528576,8475,1,43693,8,2020,7454.35
