2892979135826657280,3711,2,358,7,2020,-3764.31
2892979135826657280,3711,2,358,8,2020,-9502.89
2892979135826657280,3711,2,358,9,2020,-3292.08
2892979135826657280,3711,2,358,10,2020,1933.16
2892979135826657280,3711,2,358,11,2020,-2855.31
2892979135826657280,3711,2,358,12,2020,-1004.05
2893803659291762176,965,8,11816,1,2020,-796.71
2893803659291762176,965,8,11816,2,2020,-1689.87
2893803659291762176,965,8,11816,3,2020,-1689.87
2893803659291762176,965,8,11816,4,2020,-1689.87
2893803659291762176,965,8,11816,5,2020,-1868.89
2893803659291762176,965,8,11816,6,2020,-3338.06
2893803659291762176,965,8,11816,7,2020,-3338.06
2893803659291762176,965,8,11816,8,2020,-3338.06
2893803659291762176,965,8,11816,9,2020,-2352.41
2893803659291762176,965,8,11816,10,2020,-2352.41
2893803659291762176,965,8,11816,11,2020,-2352.41
2893803659291762176,965,8,11816,12,2020,-2352.41
289421542209532352,3541,5,26560,1,2020,-2071.65
289421542209532352,3541,5,26560,2,2020,-7289.3
289421542209532352,3541,5,26560,3,2020,-4400.82
289421542209532352,3541,5,26560,4,2020,-9612.07
289421542209532352,3541,5,26560,5,2020,-6315.49
289421542209532352,3541,5,26560,6,2020,-10101.23
289421542209532352,3541,5,26560,7,2020,-14291.67
289421542209532352,3541,5,26560,8,2020,-9418.46
289421542209532352,3541,5,26560,9,2020,-1817.03
289421542209532352,3541,5,26560,10,2020,1437.77
289421542209532352,3541,5,26560,11,2020,7666.7
289421542209532352,3541,5,26560,12,2020,1195.52
2894674167087595520,6210,7,74737,1,2020,-2536.38
2894674167087595520,6210,7,74737,2,2020,-4224.46
2894674167087595520,6210,7,74737,3,2020,-4578.9
2894674167087595520,6210,7,74737,4,2020,-7603.33
2894674167087595520,6210,7,74737,5,2020,-10116.03
2894674167087595520,6210,7,74737,6,2020,-10007.75
2894674167087595520,6210,7,74737,7,2020,-11436.53
2894674167087595520,6210,7,74737,8,2020,-9355.42
2894674167087595520,6210,7,74737,9,2020,-12088.38
2894674167087595520,6210,7,74737,10,2020,-12749.31
2894674167087595520,6210,7,74737,11,2020,-9868.75
2894674167087595520,6210,7,74737,12,2020,-8941.29
2895077755236089344,6392,7,90106,1,2020,-2671.62
2895077755236089344,6392,7,90106,2,2020,-2516.96
2895077755236089344,6392,7,90106,3,2020,390.1
2895077755236089344,6392,7,90106,4,2020,-554.77
2895077755236089344,6392,7,90106,5,2020,-1116.17
2895077755236089344,6392,7,90106,6,2020,-1797.36
2895077755236089344,6392,7,90106,7,2020,-2792.81
2895077755236089344,6392,7,90106,8,2020,-5335.86
2895077755236089344,6392,7,90106,9,2020,-5591.62
2895077755236089344,6392,7,90106,10,2020,-5591.62
2895077755236089344,6392,7,90106,11,2020,-6753.63
2895077755236089344,6392,7,90106,12,2020,-7584.33
2895144858102123520,49,4,78942,1,2020,-2498.74
2895144858102123520,49,4,78942,2,2020,-3521.34
2895144858102123520,49,4,78942,3,2020,-4114.58
2895144858102123520,49,4,78942,4,2020,-3504.14
2895144858102123520,49,4,78942,5,2020,-5742.26
2895144858102123520,49,4,78942,6,2020,-6645.8
2895144858102123520,49,4,78942,7,2020,-5506.63
2895144858102123520,49,4,78942,8,2020,-3592.61
2895144858102123520,49,4,78942,9,2020,-3668.27
2895144858102123520,49,4,78942,10,2020,-3974.61
2895144858102123520,49,4,78942,11,2020,-6337.53
2895144858102123520,49,4,78942,12,2020,-3437.56
2895893384298390528,9478,2,62203,1,2020,-79.3
2895893384298390528,9478,2,62203,2,2020,-2630.88
2895893384298390528,9478,2,62203,3,2020,-1949.27
2895893384298390528,9478,2,62203,4,2020,-9515.76
2895893384298390528,9478,2,62203,5,2020,-10477.67
2895893384298390528,9478,2,62203,6,2020,-4080.29
2895893384298390528,9478,2,62203,7,2020,-4051.8
2895893384298390528,9478,2,62203,8,2020,-5219.31
2895893384298390528,9478,2,62203,9,2020,-5594.59
2895893384298390528,9478,2,62203,10,2020,-10297.81
2895893384298390528,9478,2,62203,11,2020,-9930.52
2895893384298390528,9478,2,62203,12,2020,-13098.95
2896761612428596736,6069,1,35741,1,2020,3366.36
2896761612428596736,6069,1,35741,2,2020,-1256.62
2896761612428596736,6069,1,35741,3,2020,-5135.1
2896761612428596736,6069,1,35741,4,2020,-2480.92
2896761612428596736,6069,1,35741,5,2020,-2684.71
2896761612428596736,6069,1,35741,6,2020,5199.48
2896761612428596736,6069,1,35741,7,2020,4725.08
2896761612428596736,6069,1,35741,8,2020,7752.71
2896761612428596736,6069,1,35741,9,2020,8738.21
2896761612428596736,6069,1,35741,10,2020,3772.48
2896761612428596736,6069,1,35741,11,2020,5064.73
2896761612428596736,6069,1,35741,12,2020,12014.97
2897334592781819904,8239,1,49638,1,2020,0.0
2897334592781819904,8239,1,49638,2,2020,0.0
2897334592781819904,8239,1,49638,3,2020,1944.06
2897334592781819904,8239,1,49638,4,2020,1944.06
2897334592781819904,8239,1,49638,5,2020,3349.44
2897334592781819904,8239,1,49638,6,2020,3631.51
2897334592781819904,8239,1,49638,7,2020,2907.15
2897334592781819904,8239,1,49638,8,2020,3325.27
2897334592781819904,8239,1,49638,9,2020,4992.56
2897334592781819904,8239,1,49638,10,2020,4712.31
2897334592781819904,8239,1,49638,11,2020,6548.77
2897334592781819904,8239,1,49638,12,2020,6548.77
2897666276656630784,8366,8,92069,1,2020,-1210.1
2897666276656630784,8366,8,92069,2,2020,-2523.32
2897666276656630784,8366,8,92069,3,2020,-3623.07
2897666276656630784,8366,8,92069,4,2020,-441.64
2897666276656630784,8366,8,92069,5,2020,1430.79
2897666276656630784,8366,8,92069,6,2020,-526.79
2897666276656630784,8366,8,92069,7,2020,303.54
2897666276656630784,8366,8,92069,8,2020,2991.62
2897666276656630784,8366,8,92069,9,2020,3665.08
2897666276656630784,8366,8,92069,10,2020,6008.65
2897666276656630784,8366,8,92069,11,2020,5375.65
2897666276656630784,8366,8,92069,12,2020,2932.57
289844685976538560,6003,0,52262,1,2020,1117.82
289844685976538560,6003,0,52262,2,2020,1117.82
289844685976538560,6003,0,52262,3,2020,4329.25
289844685976538560,6003,0,52262,4,2020,156.8
289844685976538560,6003,0,52262,5,2020,1509.59
289844685976538560,6003,0,52262,6,2020,2113.74
289844685976538560,6003,0,52262,7,2020,4279.24
289844685976538560,6003,0,52262,8,2020,4312.24
289844685976538560,6003,0,52262,9,2020,5477.55
289844685976538560,6003,0,52262,10,2020,1442.13
289844685976538560,6003,0,52262,11,2020,3862.86
289844685976538560,6003,0,52262,12,2020,-2168.69
2899417569935409664,1196,5,91336,1,2020,381.52
2899417569935409664,1196,5,91336,2,2020,9688.02
2899417569935409664,1196,5,91336,3,2020,-277.78
2899417569935409664,1196,5,91336,4,2020,1725.76
2899417569935409664,1196,5,91336,5,2020,1658.13
2899417569935409664,1196,5,91336,6,2020,-512.54
2899417569935409664,1196,5,91336,7,2020,-8093.69
2899417569935409664,1196,5,91336,8,2020,-13048.75
2899417569935409664,1196,5,91336,9,2020,-10526.36
2899417569935409664,1196,5,91336,10,2020,-5073.17
2899417569935409664,1196,5,91336,11,2020,-4599.0
2899417569935409664,1196,5,91336,12,2020,-9149.69
2899932841063046656,8193,8,98477,1,2020,3128.05
2899932841063046656,8193,8,98477,2,2020,2665.76
2899932841063046656,8193,8,98477,3,2020,6087.02
2899932841063046656,8193,8,98477,4,2020,5804.09
2899932841063046656,8193,8,98477,5,2020,6541.66
2899932841063046656,8193,8,98477,6,2020,5183.08
2899932841063046656,8193,8,98477,7,2020,6011.52
2899932841063046656,8193,8,98477,8,2020,5128.84
2899932841063046656,8193,8,98477,9,2020,2179.63
2899932841063046656,8193,8,98477,10,2020,3110.83
2899932841063046656,8193,8,98477,11,2020,1940.03
2899932841063046656,8193,8,98477,12,2020,2816.83
2900540192097435136,8110,8,63258,1,2020,-2306.59
2900540192097435136,8110,8,63258,2,2020,-1820.59
2900540192097435136,8110,8,63258,3,2020,-5012.53
2900540192097435136,8110,8,63258,4,2020,-3512.49
2900540192097435136,8110,8,63258,5,2020,-3998.32
2900540192097435136,8110,8,63258,6,2020,-3046.38
2900540192097435136,8110,8,63258,7,2020,-7390.96
2900540192097435136,8110,8,63258,8,2020,-8977.58
2900540192097435136,8110,8,63258,9,2020,-9398.71
2900540192097435136,8110,8,63258,10,2020,-13684.15
2900540192097435136,8110,8,63258,11,2020,-12235.59
2900540192097435136,8110,8,63258,12,2020,-11680.02
290249309974067648,3239,7,38875,1,2020,-5546.17
290249309974067648,3239,7,38875,2,2020,-7426.43
290249309974067648,3239,7,38875,3,2020,-7810.28
290249309974067648,3239,7,38875,4,2020,-3604.58
290249309974067648,3239,7,38875,5,2020,-883.2
290249309974067648,3239,7,38875,6,2020,660.29
290249309974067648,3239,7,38875,7,2020,-1706.69
290249309974067648,3239,7,38875,8,2020,2664.31
290249309974067648,3239,7,38875,9,2020,7390.81
290249309974067648,3239,7,38875,10,2020,7587.03
290249309974067648,3239,7,38875,11,2020,6106.53
290249309974067648,3239,7,38875,12,2020,8501.75
2904199113820816384,2759,9,50162,1,2020,374.25
2904199113820816384,2759,9,50162,2,2020,112.34
2904199113820816384,2759,9,50162,3,2020,3256.89
2904199113820816384,2759,9,50162,4,2020,4405.39
2904199113820816384,2759,9,50162,5,2020,3360.2
2904199113820816384,2759,9,50162,6,2020,4841.81
2904199113820816384,2759,9,50162,7,2020,2656.61
2904199113820816384,2759,9,50162,8,2020,2146.92
2904199113820816384,2759,9,50162,9,2020,1337.24
2904199113820816384,2759,9,50162,10,2020,443.4
2904199113820816384,2759,9,50162,11,2020,415.73
2904199113820816384,2759,9,50162,12,2020,-88.67
2904268766592515072,3096,8,89798,1,2020,1654.85
2904268766592515072,3096,8,89798,2,2020,-1308.75
2904268766592515072,3096,8,89798,3,2020,2351.73
2904268766592515072,3096,8,89798,4,2020,788.7
2904268766592515072,3096,8,89798,5,2020,1141.67
2904268766592515072,3096,8,89798,6,2020,491.14
2904268766592515072,3096,8,89798,7,2020,1124.0
2904268766592515072,3096,8,89798,8,2020,-901.17
2904268766592515072,3096,8,89798,9,2020,-3000.57
2904268766592515072,3096,8,89798,10,2020,-2480.8
2904268766592515072,3096,8,89798,11,2020,-2909.04
2904268766592515072,3096,8,89798,12,2020,-552.22
2904972438479835136,321,0,15028,1,2020,0.0
2904972438479835136,321,0,15028,2,2020,0.0
2904972438479835136,321,0,15028,3,2020,0.0
2904972438479835136,321,0,15028,4,2020,0.0
2904972438479835136,321,0,15028,5,2020,0.0
2904972438479835136,321,0,15028,6,2020,0.0
2904972438479835136,321,0,15028,7,2020,0.0
2904972438479835136,321,0,15028,8,2020,386.67
2904972438479835136,321,0,15028,9,2020,-2365.34
2904972438479835136,321,0,15028,10,2020,-2365.34
2904972438479835136,321,0,15028,11,2020,-2365.34
2904972438479835136,321,0,15028,12,2020,-2365.34
2905527932476825600,2117,6,58735,1,2020,-329.07
2905527932476825600,2117,6,58735,2,2020,-3040.21
2905527932476825600,2117,6,58735,3,2020,-10691.62
2905527932476825600,2117,6,58735,4,2020,-14187.17
2905527932476825600,2117,6,58735,5,2020,-11598.62
2905527932476825600,2117,6,58735,6,2020,-11387.56
2905527932476825600,2117,6,58735,7,2020,-11035.52
2905527932476825600,2117,6,58735,8,2020,-12489.88
2905527932476825600,2117,6,58735,9,2020,-6810.21
2905527932476825600,2117,6,58735,10,2020,-4751.07
2905527932476825600,2117,6,58735,11,2020,-5234.57
2905527932476825600,2117,6,58735,12,2020,-9991.2
2906536712305543168,3955,7,96034,1,2020,-1518.21
2906536712305543168,3955,7,96034,2,2020,-5431.68
2906536712305543168,3955,7,96034,3,2020,-11605.77
2906536712305543168,3955,7,96034,4,2020,-12204.82
2906536712305543168,3955,7,96034,5,2020,-10226.9
2906536712305543168,3955,7,96034,6,2020,-8769.81
2906536712305543168,3955,7,96034,7,2020,-12154.33
2906536712305543168,3955,7,96034,8,2020,-10118.83
2906536712305543168,3955,7,96034,9,2020,-12628.96
2906536712305543168,3955,7,96034,10,2020,-10926.11
2906536712305543168,3955,7,96034,11,2020,-13886.96
2906536712305543168,3955,7,96034,12,2020,-13332.75
2907204003250391040,1125,9,64146,1,2020,1191.35
2907204003250391040,1125,9,64146,2,2020,1191.35
2907204003250391040,1125,9,64146,3,2020,770.65
2907204003250391040,1125,9,64146,4,2020,770.65
2907204003250391040,1125,9,64146,5,2020,197.24
2907204003250391040,1125,9,64146,6,2020,197.24
2907204003250391040,1125,9,64146,7,2020,-103.91
2907204003250391040,1125,9,64146,8,2020,-103.91
