2986604095275190272,5338,5,9217,11,2020,-3289.75
2986604095275190272,5338,5,9217,12,2020,-4235.94
2987482869686169600,7638,2,5204,1,2020,-3073.63
2987482869686169600,7638,2,5204,2,2020,-9566.31
2987482869686169600,7638,2,5204,3,2020,-1993.66
2987482869686169600,7638,2,5204,4,2020,-7123.31
2987482869686169600,7638,2,5204,5,2020,-1086.33
2987482869686169600,7638,2,5204,6,2020,52.16
2987482869686169600,7638,2,5204,7,2020,-8142.11
2987482869686169600,7638,2,5204,8,2020,-3647.96
2987482869686169600,7638,2,5204,9,2020,-10604.92
2987482869686169600,7638,2,5204,10,2020,-16858.83
2987482869686169600,7638,2,5204,11,2020,-18366.65
2987482869686169600,7638,2,5204,12,2020,-22083.95
2987513841050538496,6273,1,22468,1,2020,5980.5
2987513841050538496,6273,1,22468,2,2020,7067.3
2987513841050538496,6273,1,22468,3,2020,8294.3
2987513841050538496,6273,1,22468,4,2020,11485.11
2987513841050538496,6273,1,22468,5,2020,14088.95
2987513841050538496,6273,1,22468,6,2020,25046.21
2987513841050538496,6273,1,22468,7,2020,33787.6
2987513841050538496,6273,1,22468,8,2020,34836.44
2987513841050538496,6273,1,22468,9,2020,36923.13
2987513841050538496,6273,1,22468,10,2020,36616.9
2987513841050538496,6273,1,22468,11,2020,40662.77
2987513841050538496,6273,1,22468,12,2020,52061.65
2987760701434039808,2358,2,52630,1,2020,-362.27
2987760701434039808,2358,2,52630,2,2020,-4.62
2987760701434039808,2358,2,52630,3,2020,-4.62
2987760701434039808,2358,2,52630,4,2020,53.58
2987760701434039808,2358,2,52630,5,2020,1427.3
2987760701434039808,2358,2,52630,6,2020,3221.43
2987760701434039808,2358,2,52630,7,2020,494.33
2987760701434039808,2358,2,52630,8,2020,-3021.98
2987760701434039808,2358,2,52630,9,2020,-3021.98
2987760701434039808,2358,2,52630,10,2020,-3021.98
2987760701434039808,2358,2,52630,11,2020,-3021.98
2987760701434039808,2358,2,52630,12,2020,-3021.98
2987827671116766208,2330,9,42200,1,2020,4840.46
2987827671116766208,2330,9,42200,2,2020,3566.02
2987827671116766208,2330,9,42200,3,2020,13308.96
2987827671116766208,2330,9,42200,4,2020,13842.91
2987827671116766208,2330,9,42200,5,2020,20260.62
2987827671116766208,2330,9,42200,6,2020,19838.48
2987827671116766208,2330,9,42200,7,2020,22380.93
2987827671116766208,2330,9,42200,8,2020,21295.94
2987827671116766208,2330,9,42200,9,2020,26274.7
2987827671116766208,2330,9,42200,10,2020,27269.84
2987827671116766208,2330,9,42200,11,2020,24430.29
2987827671116766208,2330,9,42200,12,2020,27700.25
2988196615512474624,7744,6,38137,1,2020,-228.66
2988196615512474624,7744,6,38137,2,2020,-2340.28
2988196615512474624,7744,6,38137,3,2020,1045.42
2988196615512474624,7744,6,38137,4,2020,8147.15
2988196615512474624,7744,6,38137,5,2020,7176.8
2988196615512474624,7744,6,38137,6,2020,2826.73
2988196615512474624,7744,6,38137,7,2020,-366.52
2988196615512474624,7744,6,38137,8,2020,1370.1
2988196615512474624,7744,6,38137,9,2020,5416.69
2988196615512474624,7744,6,38137,10,2020,5220.94
2988196615512474624,7744,6,38137,11,2020,1405.38
2988196615512474624,7744,6,38137,12,2020,3690.79
2988253331630306816,6527,0,1938,1,2020,-4044.82
2988253331630306816,6527,0,1938,2,2020,-11278.66
2988253331630306816,6527,0,1938,3,2020,-8649.35
2988253331630306816,6527,0,1938,4,2020,-8273.02
2988253331630306816,6527,0,1938,5,2020,-599.13
2988253331630306816,6527,0,1938,6,2020,4991.73
2988253331630306816,6527,0,1938,7,2020,601.0
2988253331630306816,6527,0,1938,8,2020,-3766.62
2988253331630306816,6527,0,1938,9,2020,-2882.97
2988253331630306816,6527,0,1938,10,2020,6245.78
2988253331630306816,6527,0,1938,11,2020,11528.49
2988253331630306816,6527,0,1938,12,2020,14677.13
2988649029797010432,5539,5,26454,1,2020,2095.15
2988649029797010432,5539,5,26454,2,2020,3586.79
2988649029797010432,5539,5,26454,3,2020,5095.41
2988649029797010432,5539,5,26454,4,2020,5095.41
2988649029797010432,5539,5,26454,5,2020,5864.07
2988649029797010432,5539,5,26454,6,2020,8113.49
2988649029797010432,5539,5,26454,7,2020,8896.4
2988649029797010432,5539,5,26454,8,2020,8933.91
2988649029797010432,5539,5,26454,9,2020,8182.84
2988649029797010432,5539,5,26454,10,2020,8540.79
2988649029797010432,5539,5,26454,11,2020,7539.11
2988649029797010432,5539,5,26454,12,2020,9120.21
2990426882239176704,9089,2,44405,1,2020,-4423.54
2990426882239176704,9089,2,44405,2,2020,-5006.94
2990426882239176704,9089,2,44405,3,2020,-2940.33
2990426882239176704,9089,2,44405,4,2020,2936.11
2990426882239176704,9089,2,44405,5,2020,2595.23
2990426882239176704,9089,2,44405,6,2020,3484.14
2990426882239176704,9089,2,44405,7,2020,9423.74
2990426882239176704,9089,2,44405,8,2020,7645.76
2990426882239176704,9089,2,44405,9,2020,9614.16
2990426882239176704,9089,2,44405,10,2020,2578.84
2990426882239176704,9089,2,44405,11,2020,1882.61
2990426882239176704,9089,2,44405,12,2020,-4377.26
2990605686385641984,222,4,44763,1,2020,2361.51
2990605686385641984,222,4,44763,2,2020,-244.31
2990605686385641984,222,4,44763,3,2020,-210.42
2990605686385641984,222,4,44763,4,2020,-5093.11
2990605686385641984,222,4,44763,5,2020,-3413.48
2990605686385641984,222,4,44763,6,2020,-2312.7
2990605686385641984,222,4,44763,7,2020,-5568.18
2990605686385641984,222,4,44763,8,2020,-6859.33
2990605686385641984,222,4,44763,9,2020,-10321.8
2990605686385641984,222,4,44763,10,2020,-8875.91
2990605686385641984,222,4,44763,11,2020,-4655.87
2990605686385641984,222,4,44763,12,2020,-7328.06
2990661967551113216,721,9,69264,1,2020,324.09
2990661967551113216,721,9,69264,2,2020,-1084.91
2990661967551113216,721,9,69264,3,2020,3720.24
2990661967551113216,721,9,69264,4,2020,3360.83
2990661967551113216,721,9,69264,5,2020,1735.68
2990661967551113216,721,9,69264,6,2020,2613.53
2990661967551113216,721,9,69264,7,2020,7046.38
2990661967551113216,721,9,69264,8,2020,-95.25
2990661967551113216,721,9,69264,9,2020,-2515.2
2990661967551113216,721,9,69264,10,2020,715.02
2990661967551113216,721,9,69264,11,2020,-3641.13
2990661967551113216,721,9,69264,12,2020,-3334.01
2990852049538244096,9525,9,72301,1,2020,1743.17
2990852049538244096,9525,9,72301,2,2020,2503.31
2990852049538244096,9525,9,72301,3,2020,12509.75
2990852049538244096,9525,9,72301,4,2020,10539.61
2990852049538244096,9525,9,72301,5,2020,8020.41
2990852049538244096,9525,9,72301,6,2020,11989.32
2990852049538244096,9525,9,72301,7,2020,11977.39
2990852049538244096,9525,9,72301,8,2020,13634.72
2990852049538244096,9525,9,72301,9,2020,11505.19
2990852049538244096,9525,9,72301,10,2020,11568.87
2990852049538244096,9525,9,72301,11,2020,7601.77
2990852049538244096,9525,9,72301,12,2020,-1899.84
2992494200916970496,8621,3,74710,1,2020,604.47
2992494200916970496,8621,3,74710,2,2020,441.9
2992494200916970496,8621,3,74710,3,2020,222.54
2992494200916970496,8621,3,74710,4,2020,3663.48
2992494200916970496,8621,3,74710,5,2020,5449.82
2992494200916970496,8621,3,74710,6,2020,5449.82
2992494200916970496,8621,3,74710,7,2020,5805.08
2992494200916970496,8621,3,74710,8,2020,4148.29
2992494200916970496,8621,3,74710,9,2020,4148.29
2992494200916970496,8621,3,74710,10,2020,4148.29
2992494200916970496,8621,3,74710,11,2020,3221.44
2992494200916970496,8621,3,74710,12,2020,3221.44
29934903285460276,749,8,99956,1,2020,2216.2
29934903285460276,749,8,99956,2,2020,4780.32
29934903285460276,749,8,99956,3,2020,7096.65
29934903285460276,749,8,99956,4,2020,6405.04
29934903285460276,749,8,99956,5,2020,12007.03
29934903285460276,749,8,99956,6,2020,5057.05
29934903285460276,749,8,99956,7,2020,9468.25
29934903285460276,749,8,99956,8,2020,9950.21
29934903285460276,749,8,99956,9,2020,14171.06
29934903285460276,749,8,99956,10,2020,14615.29
29934903285460276,749,8,99956,11,2020,15908.07
29934903285460276,749,8,99956,12,2020,11828.23
2993544881051877888,9794,2,45420,1,2020,212.53
2993544881051877888,9794,2,45420,2,2020,-1241.12
2993544881051877888,9794,2,45420,3,2020,-2584.67
2993544881051877888,9794,2,45420,4,2020,573.08
2993544881051877888,9794,2,45420,5,2020,-6048.39
2993544881051877888,9794,2,45420,6,2020,-6091.95
2993544881051877888,9794,2,45420,7,2020,-4568.81
2993544881051877888,9794,2,45420,8,2020,-5528.9
2993544881051877888,9794,2,45420,9,2020,-2150.85
2993544881051877888,9794,2,45420,10,2020,4671.95
2993544881051877888,9794,2,45420,11,2020,2735.53
2993544881051877888,9794,2,45420,12,2020,-4221.54
2994300005007639040,7253,4,24595,1,2020,-1684.06
2994300005007639040,7253,4,24595,2,2020,943.47
2994300005007639040,7253,4,24595,3,2020,349.63
2994300005007639040,7253,4,24595,4,2020,-2274.12
2994300005007639040,7253,4,24595,5,2020,-1128.34
2994300005007639040,7253,4,24595,6,2020,-2488.45
2994300005007639040,7253,4,24595,7,2020,-406.04
2994300005007639040,7253,4,24595,8,2020,2313.61
2994300005007639040,7253,4,24595,9,2020,5247.54
2994300005007639040,7253,4,24595,10,2020,5247.54
2994300005007639040,7253,4,24595,11,2020,6667.93
2994300005007639040,7253,4,24595,12,2020,6933.94
2994371552465053184,3954,3,40756,1,2020,1353.05
2994371552465053184,3954,3,40756,2,2020,3361.62
2994371552465053184,3954,3,40756,3,2020,5395.25
2994371552465053184,3954,3,40756,4,2020,5964.05
2994371552465053184,3954,3,40756,5,2020,4000.38
2994371552465053184,3954,3,40756,6,2020,7855.31
2994371552465053184,3954,3,40756,7,2020,9377.72
2994371552465053184,3954,3,40756,8,2020,7569.93
2994371552465053184,3954,3,40756,9,2020,5384.64
2994371552465053184,3954,3,40756,10,2020,3963.9
2994371552465053184,3954,3,40756,11,2020,1493.27
2994371552465053184,3954,3,40756,12,2020,1943.49
299688611537980160,9012,2,81742,1,2020,4183.45
299688611537980160,9012,2,81742,2,2020,13239.36
299688611537980160,9012,2,81742,3,2020,8270.35
299688611537980160,9012,2,81742,4,2020,6859.77
299688611537980160,9012,2,81742,5,2020,1007.25
299688611537980160,9012,2,81742,6,2020,1215.18
299688611537980160,9012,2,81742,7,2020,1486.26
299688611537980160,9012,2,81742,8,2020,-587.67
299688611537980160,9012,2,81742,9,2020,271.36
299688611537980160,9012,2,81742,10,2020,-8591.6
299688611537980160,9012,2,81742,11,2020,-8767.77
299688611537980160,9012,2,81742,12,2020,-10473.53
2996975078227513856,3352,1,87376,1,2020,214.05
2996975078227513856,3352,1,87376,2,2020,3918.22
2996975078227513856,3352,1,87376,3,2020,3338.42
2996975078227513856,3352,1,87376,4,2020,1356.18
2996975078227513856,3352,1,87376,5,2020,332.01
2996975078227513856,3352,1,87376,6,2020,-4267.65
2996975078227513856,3352,1,87376,7,2020,-3007.33
2996975078227513856,3352,1,87376,8,2020,-4547.64
2996975078227513856,3352,1,87376,9,2020,-2841.13
2996975078227513856,3352,1,87376,10,2020,-3729.95
2996975078227513856,3352,1,87376,11,2020,-3995.46
2996975078227513856,3352,1,87376,12,2020,-9497.11
2997425613149372928,5928,9,26260,1,2020,-7656.95
2997425613149372928,5928,9,26260,2,2020,-9301.64
2997425613149372928,5928,9,26260,3,2020,-11701.52
2997425613149372928,5928,9,26260,4,2020,-12087.07
2997425613149372928,5928,9,26260,5,2020,-16593.98
2997425613149372928,5928,9,26260,6,2020,-18264.46
2997425613149372928,5928,9,26260,7,2020,-16210.67
2997425613149372928,5928,9,26260,8,2020,-6775.63
2997425613149372928,5928,9,26260,9,2020,-9936.26
2997425613149372928,5928,9,26260,10,2020,-11648.88
2997425613149372928,5928,9,26260,11,2020,-15572.0
2997425613149372928,5928,9,26260,12,2020,-16462.62
2999423833827609600,7926,9,75308,1,2020,10064.05
2999423833827609600,7926,9,75308,2,2020,14281.1
2999423833827609600,7926,9,75308,3,2020,8378.79
2999423833827609600,7926,9,75308,4,2020,4415.46
2999423833827609600,7926,9,75308,5,2020,-942.67
2999423833827609600,7926,9,75308,6,2020,-164.49
2999423833827609600,7926,9,75308,7,2020,2781.77
2999423833827609600,7926,9,75308,8,2020,1219.79
2999423833827609600,7926,9,75308,9,2020,673.41
2999423833827609600,7926,9,75308,10,2020,3014.87
2999423833827609600,7926,9,75308,11,2020,3644.39
2999423833827609600,7926,9,75308,12,2020,394.71
