2632693832165278208,5892,5,19686,10,2020,4916.53
2632693832165278208,5892,5,19686,11,2020,3741.29
2632693832165278208,5892,5,19686,12,2020,2438.13
2635421896403020800,7790,4,7377,1,2020,935.29
2635421896403020800,7790,4,7377,2,2020,-1768.67
2635421896403020800,7790,4,7377,3,2020,-771.49
2635421896403020800,7790,4,7377,4,2020,1889.41
2635421896403020800,7790,4,7377,5,2020,-2320.0
2635421896403020800,7790,4,7377,6,2020,-1527.7
2635421896403020800,7790,4,7377,7,2020,-718.0
2635421896403020800,7790,4,7377,8,2020,-758.79
2635421896403020800,7790,4,7377,9,2020,-1546.3
2635421896403020800,7790,4,7377,10,2020,-1684.29
2635421896403020800,7790,4,7377,11,2020,228.19
2635421896403020800,7790,4,7377,12,2020,-1051.36
2636020295355460608,7203,6,42149,1,2020,1666.46
2636020295355460608,7203,6,42149,2,2020,6761.45
2636020295355460608,7203,6,42149,3,2020,7706.73
2636020295355460608,7203,6,42149,4,2020,5246.55
2636020295355460608,7203,6,42149,5,2020,4449.06
2636020295355460608,7203,6,42149,6,2020,-6569.68
2636020295355460608,7203,6,42149,7,2020,2679.45
2636020295355460608,7203,6,42149,8,2020,7755.26
2636020295355460608,7203,6,42149,9,2020,14139.6
2636020295355460608,7203,6,42149,10,2020,12311.0
2636020295355460608,7203,6,42149,11,2020,15449.9
2636020295355460608,7203,6,42149,12,2020,14206.51
2637406138806737408,452,2,12361,1,2020,-1031.78
2637406138806737408,452,2,12361,2,2020,-1031.78
2637406138806737408,452,2,12361,3,2020,-328.36
2637406138806737408,452,2,12361,4,2020,1305.2
2637406138806737408,452,2,12361,5,2020,1305.2
2637406138806737408,452,2,12361,6,2020,1493.37
2637406138806737408,452,2,12361,7,2020,1493.37
2637406138806737408,452,2,12361,8,2020,1373.59
2637406138806737408,452,2,12361,9,2020,929.21
2637406138806737408,452,2,12361,10,2020,-199.69
2637406138806737408,452,2,12361,11,2020,391.29
2637406138806737408,452,2,12361,12,2020,391.29
2638489057289999872,1693,6,58767,1,2020,2804.16
2638489057289999872,1693,6,58767,2,2020,-1021.77
2638489057289999872,1693,6,58767,3,2020,-1319.47
2638489057289999872,1693,6,58767,4,2020,-2605.69
2638489057289999872,1693,6,58767,5,2020,-5495.07
2638489057289999872,1693,6,58767,6,2020,-6466.45
2638489057289999872,1693,6,58767,7,2020,-10902.77
2638489057289999872,1693,6,58767,8,2020,-15604.97
2638489057289999872,1693,6,58767,9,2020,-18009.47
2638489057289999872,1693,6,58767,10,2020,-16928.91
2638489057289999872,1693,6,58767,11,2020,-15549.48
2638489057289999872,1693,6,58767,12,2020,-13655.64
2638650198726993408,6215,3,38367,1,2020,-149.74
2638650198726993408,6215,3,38367,2,2020,270.92
2638650198726993408,6215,3,38367,3,2020,1704.04
2638650198726993408,6215,3,38367,4,2020,2366.45
2638650198726993408,6215,3,38367,5,2020,811.63
2638650198726993408,6215,3,38367,6,2020,811.63
2638650198726993408,6215,3,38367,7,2020,1180.98
2638650198726993408,6215,3,38367,8,2020,122.32
2638650198726993408,6215,3,38367,9,2020,3797.11
2638650198726993408,6215,3,38367,10,2020,2372.71
2638650198726993408,6215,3,38367,11,2020,957.13
2638650198726993408,6215,3,38367,12,2020,636.56
2639262233026621952,7605,7,54601,1,2020,5649.3
2639262233026621952,7605,7,54601,2,2020,11137.24
2639262233026621952,7605,7,54601,3,2020,10026.29
2639262233026621952,7605,7,54601,4,2020,8917.08
2639262233026621952,7605,7,54601,5,2020,4653.91
2639262233026621952,7605,7,54601,6,2020,3199.8
2639262233026621952,7605,7,54601,7,2020,11190.51
2639262233026621952,7605,7,54601,8,2020,12399.3
2639262233026621952,7605,7,54601,9,2020,12133.34
2639262233026621952,7605,7,54601,10,2020,13121.53
2639262233026621952,7605,7,54601,11,2020,10803.66
2639262233026621952,7605,7,54601,12,2020,8778.46
264228822322236320,6627,7,99772,1,2020,4151.66
264228822322236320,6627,7,99772,2,2020,2400.71
264228822322236320,6627,7,99772,3,2020,6298.1
264228822322236320,6627,7,99772,4,2020,8425.56
264228822322236320,6627,7,99772,5,2020,4997.7
264228822322236320,6627,7,99772,6,2020,3396.84
264228822322236320,6627,7,99772,7,2020,-5801.1
264228822322236320,6627,7,99772,8,2020,-8486.75
264228822322236320,6627,7,99772,9,2020,-10872.89
264228822322236320,6627,7,99772,10,2020,-19464.26
264228822322236320,6627,7,99772,11,2020,-23072.85
264228822322236320,6627,7,99772,12,2020,-26595.47
2642667715248969728,8580,9,99079,1,2020,-1810.85
2642667715248969728,8580,9,99079,2,2020,-4757.6
2642667715248969728,8580,9,99079,3,2020,-5379.2
2642667715248969728,8580,9,99079,4,2020,-1762.85
2642667715248969728,8580,9,99079,5,2020,-1516.97
2642667715248969728,8580,9,99079,6,2020,-5300.88
2642667715248969728,8580,9,99079,7,2020,-3801.49
2642667715248969728,8580,9,99079,8,2020,-5709.05
2642667715248969728,8580,9,99079,9,2020,-1454.88
2642667715248969728,8580,9,99079,10,2020,-1528.56
2642667715248969728,8580,9,99079,11,2020,-781.03
2642667715248969728,8580,9,99079,12,2020,1023.2
2644113871722194944,8003,8,13878,1,2020,1767.17
2644113871722194944,8003,8,13878,2,2020,-450.22
2644113871722194944,8003,8,13878,3,2020,1363.39
2644113871722194944,8003,8,13878,4,2020,1855.39
2644113871722194944,8003,8,13878,5,2020,1855.39
2644113871722194944,8003,8,13878,6,2020,5057.72
2644113871722194944,8003,8,13878,7,2020,4786.64
2644113871722194944,8003,8,13878,8,2020,10007.96
2644113871722194944,8003,8,13878,9,2020,7363.8
2644113871722194944,8003,8,13878,10,2020,6448.9
2644113871722194944,8003,8,13878,11,2020,6448.9
2644113871722194944,8003,8,13878,12,2020,5106.19
264452182167155744,3187,5,80927,1,2020,1385.9
264452182167155744,3187,5,80927,2,2020,-1151.49
264452182167155744,3187,5,80927,3,2020,-1734.99
264452182167155744,3187,5,80927,4,2020,-1252.13
264452182167155744,3187,5,80927,5,2020,-2205.45
264452182167155744,3187,5,80927,6,2020,-1759.54
264452182167155744,3187,5,80927,7,2020,-6372.44
264452182167155744,3187,5,80927,8,2020,-5650.94
264452182167155744,3187,5,80927,9,2020,-6569.04
264452182167155744,3187,5,80927,10,2020,-4655.14
264452182167155744,3187,5,80927,11,2020,-4646.54
264452182167155744,3187,5,80927,12,2020,131.22
2645413083503904256,2195,8,6151,1,2020,-6256.07
2645413083503904256,2195,8,6151,2,2020,-9803.87
2645413083503904256,2195,8,6151,3,2020,-10952.62
2645413083503904256,2195,8,6151,4,2020,-19376.32
2645413083503904256,2195,8,6151,5,2020,-17374.27
2645413083503904256,2195,8,6151,6,2020,-21837.54
2645413083503904256,2195,8,6151,7,2020,-22835.84
2645413083503904256,2195,8,6151,8,2020,-17599.81
2645413083503904256,2195,8,6151,9,2020,-21714.78
2645413083503904256,2195,8,6151,10,2020,-15891.93
2645413083503904256,2195,8,6151,11,2020,-13258.07
2645413083503904256,2195,8,6151,12,2020,-13117.03
264680777419559392,5574,8,17072,1,2020,-5124.29
264680777419559392,5574,8,17072,2,2020,-1382.28
264680777419559392,5574,8,17072,3,2020,-4068.87
264680777419559392,5574,8,17072,4,2020,-3692.98
264680777419559392,5574,8,17072,5,2020,-2018.8
264680777419559392,5574,8,17072,6,2020,-1897.1
264680777419559392,5574,8,17072,7,2020,-4422.96
264680777419559392,5574,8,17072,8,2020,-7626.42
264680777419559392,5574,8,17072,9,2020,-1477.62
264680777419559392,5574,8,17072,10,2020,-13263.99
264680777419559392,5574,8,17072,11,2020,-10453.26
264680777419559392,5574,8,17072,12,2020,-13660.7
2648176911800016384,2104,5,69578,1,2020,-1664.48
2648176911800016384,2104,5,69578,2,2020,-2540.37
2648176911800016384,2104,5,69578,3,2020,-1556.56
2648176911800016384,2104,5,69578,4,2020,-200.06
2648176911800016384,2104,5,69578,5,2020,-200.06
2648176911800016384,2104,5,69578,6,2020,-200.06
2648176911800016384,2104,5,69578,7,2020,-200.06
2648176911800016384,2104,5,69578,8,2020,373.88
2648176911800016384,2104,5,69578,9,2020,-658.31
2648176911800016384,2104,5,69578,10,2020,1754.9
2648176911800016384,2104,5,69578,11,2020,1754.9
2648176911800016384,2104,5,69578,12,2020,2794.66
2648223594158565888,3995,9,91929,1,2020,825.62
2648223594158565888,3995,9,91929,2,2020,542.15
2648223594158565888,3995,9,91929,3,2020,-6439.87
2648223594158565888,3995,9,91929,4,2020,-9100.77
2648223594158565888,3995,9,91929,5,2020,-12782.51
2648223594158565888,3995,9,91929,6,2020,-8849.88
2648223594158565888,3995,9,91929,7,2020,-5134.32
2648223594158565888,3995,9,91929,8,2020,-9836.82
2648223594158565888,3995,9,91929,9,2020,-15287.72
2648223594158565888,3995,9,91929,10,2020,-8497.8
2648223594158565888,3995,9,91929,11,2020,-17542.0
2648223594158565888,3995,9,91929,12,2020,-18197.31
2648806172590853632,5980,3,977,1,2020,-6456.14
2648806172590853632,5980,3,977,2,2020,-3771.33
2648806172590853632,5980,3,977,3,2020,-6072.97
2648806172590853632,5980,3,977,4,2020,-9002.09
2648806172590853632,5980,3,977,5,2020,-15250.23
2648806172590853632,5980,3,977,6,2020,-21486.24
2648806172590853632,5980,3,977,7,2020,-27038.08
2648806172590853632,5980,3,977,8,2020,-23410.21
2648806172590853632,5980,3,977,9,2020,-25686.67
2648806172590853632,5980,3,977,10,2020,-24979.73
2648806172590853632,5980,3,977,11,2020,-25328.99
2648806172590853632,5980,3,977,12,2020,-35288.38
2648828207218422272,7258,0,84831,1,2020,-4708.88
2648828207218422272,7258,0,84831,2,2020,-7439.12
2648828207218422272,7258,0,84831,3,2020,-9134.22
2648828207218422272,7258,0,84831,4,2020,-858.2
2648828207218422272,7258,0,84831,5,2020,5191.54
2648828207218422272,7258,0,84831,6,2020,3138.77
2648828207218422272,7258,0,84831,7,2020,2419.73
2648828207218422272,7258,0,84831,8,2020,-3915.72
2648828207218422272,7258,0,84831,9,2020,-2502.59
2648828207218422272,7258,0,84831,10,2020,-4701.58
2648828207218422272,7258,0,84831,11,2020,-6149.58
2648828207218422272,7258,0,84831,12,2020,-2041.03
2649906874161179136,8258,4,97317,1,2020,-993.56
2649906874161179136,8258,4,97317,2,2020,-1366.04
2649906874161179136,8258,4,97317,3,2020,-1536.88
2649906874161179136,8258,4,97317,4,2020,-2300.8
2649906874161179136,8258,4,97317,5,2020,-1998.29
2649906874161179136,8258,4,97317,6,2020,-2404.65
2649906874161179136,8258,4,97317,7,2020,-3176.5
2649906874161179136,8258,4,97317,8,2020,-2951.57
2649906874161179136,8258,4,97317,9,2020,-665.7
2649906874161179136,8258,4,97317,10,2020,-779.43
2649906874161179136,8258,4,97317,11,2020,856.94
2649906874161179136,8258,4,97317,12,2020,2514.51
2650665625744744960,82,7,44860,1,2020,1368.98
2650665625744744960,82,7,44860,2,2020,2293.76
2650665625744744960,82,7,44860,3,2020,-4888.72
2650665625744744960,82,7,44860,4,2020,-1156.22
2650665625744744960,82,7,44860,5,2020,2543.48
2650665625744744960,82,7,44860,6,2020,3775.59
2650665625744744960,82,7,44860,7,2020,6172.17
2650665625744744960,82,7,44860,8,2020,5199.54
2650665625744744960,82,7,44860,9,2020,5438.37
2650665625744744960,82,7,44860,10,2020,-849.5
2650665625744744960,82,7,44860,11,2020,-1441.74
2650665625744744960,82,7,44860,12,2020,3764.36
2650727288443031552,8677,0,3211,1,2020,293.89
2650727288443031552,8677,0,3211,2,2020,293.89
2650727288443031552,8677,0,3211,3,2020,2727.71
2650727288443031552,8677,0,3211,4,2020,2727.71
2650727288443031552,8677,0,3211,5,2020,1072.59
2650727288443031552,8677,0,3211,6,2020,-1384.47
2650727288443031552,8677,0,3211,7,2020,-7104.83
2650727288443031552,8677,0,3211,8,2020,-5133.05
2650727288443031552,8677,0,3211,9,2020,-4745.12
2650727288443031552,8677,0,3211,10,2020,-5226.45
2650727288443031552,8677,0,3211,11,2020,-4694.08
2650727288443031552,8677,0,3211,12,2020,-5204.0
2651528631017120768,9689,2,29961,1,2020,-6147.22
2651528631017120768,9689,2,29961,2,2020,-6935.76
2651528631017120768,9689,2,29961,3,2020,-1748.02
2651528631017120768,9689,2,29961,4,2020,-2752.86
