3278588752260820992,8654,3,913,11,2020,391.46
3278588752260820992,8654,3,913,12,2020,234.59
3278762802776664576,6089,3,17552,1,2020,8002.01
3278762802776664576,6089,3,17552,2,2020,13269.68
3278762802776664576,6089,3,17552,3,2020,9784.18
3278762802776664576,6089,3,17552,4,2020,14156.33
3278762802776664576,6089,3,17552,5,2020,18713.58
3278762802776664576,6089,3,17552,6,2020,12881.37
3278762802776664576,6089,3,17552,7,2020,14573.72
3278762802776664576,6089,3,17552,8,2020,15052.4
3278762802776664576,6089,3,17552,9,2020,6465.11
3278762802776664576,6089,3,17552,10,2020,6895.97
3278762802776664576,6089,3,17552,11,2020,2951.23
3278762802776664576,6089,3,17552,12,2020,5493.37
3278842056091521024,119,6,88648,1,2020,-5018.94
3278842056091521024,119,6,88648,2,2020,-6091.25
3278842056091521024,119,6,88648,3,2020,-7535.71
3278842056091521024,119,6,88648,4,2020,-11008.26
3278842056091521024,119,6,88648,5,2020,-11690.24
3278842056091521024,119,6,88648,6,2020,-9413.51
3278842056091521024,119,6,88648,7,2020,-9369.98
3278842056091521024,119,6,88648,8,2020,-8679.73
3278842056091521024,119,6,88648,9,2020,-6169.49
3278842056091521024,119,6,88648,10,2020,-6446.06
3278842056091521024,119,6,88648,11,2020,-7766.11
3278842056091521024,119,6,88648,12,2020,-7969.24
3279377757811562496,4023,3,83679,1,2020,-1522.08
3279377757811562496,4023,3,83679,2,2020,-2975.98
3279377757811562496,4023,3,83679,3,2020,-1016.41
3279377757811562496,4023,3,83679,4,2020,-5874.13
3279377757811562496,4023,3,83679,5,2020,-12915.76
3279377757811562496,4023,3,83679,6,2020,-5782.21
3279377757811562496,4023,3,83679,7,2020,882.51
3279377757811562496,4023,3,83679,8,2020,2835.92
3279377757811562496,4023,3,83679,9,2020,-3635.4
3279377757811562496,4023,3,83679,10,2020,623.67
3279377757811562496,4023,3,83679,11,2020,2799.61
3279377757811562496,4023,3,83679,12,2020,4912.78
3280260396146287104,3810,9,9882,1,2020,-238.07
3280260396146287104,3810,9,9882,2,2020,1122.82
3280260396146287104,3810,9,9882,3,2020,1097.13
3280260396146287104,3810,9,9882,4,2020,2589.4
3280260396146287104,3810,9,9882,5,2020,8692.29
3280260396146287104,3810,9,9882,6,2020,10233.85
3280260396146287104,3810,9,9882,7,2020,5712.33
3280260396146287104,3810,9,9882,8,2020,5092.12
3280260396146287104,3810,9,9882,9,2020,5810.58
3280260396146287104,3810,9,9882,10,2020,3123.7
3280260396146287104,3810,9,9882,11,2020,4539.82
3280260396146287104,3810,9,9882,12,2020,-1889.88
3281262254031159808,9823,4,37938,1,2020,2855.47
3281262254031159808,9823,4,37938,2,2020,839.47
3281262254031159808,9823,4,37938,3,2020,1895.88
3281262254031159808,9823,4,37938,4,2020,-3332.43
3281262254031159808,9823,4,37938,5,2020,-3089.97
3281262254031159808,9823,4,37938,6,2020,-9117.37
3281262254031159808,9823,4,37938,7,2020,-6396.08
3281262254031159808,9823,4,37938,8,2020,-6576.33
3281262254031159808,9823,4,37938,9,2020,-8488.5
3281262254031159808,9823,4,37938,10,2020,-3925.87
3281262254031159808,9823,4,37938,11,2020,-5437.39
3281262254031159808,9823,4,37938,12,2020,-2251.93
3281948945899053568,5804,6,41794,1,2020,429.45
3281948945899053568,5804,6,41794,2,2020,473.89
3281948945899053568,5804,6,41794,3,2020,-269.39
3281948945899053568,5804,6,41794,4,2020,4194.78
3281948945899053568,5804,6,41794,5,2020,2309.36
3281948945899053568,5804,6,41794,6,2020,-394.23
3281948945899053568,5804,6,41794,7,2020,8422.07
3281948945899053568,5804,6,41794,8,2020,4875.73
3281948945899053568,5804,6,41794,9,2020,8531.17
3281948945899053568,5804,6,41794,10,2020,11447.96
3281948945899053568,5804,6,41794,11,2020,17764.87
3281948945899053568,5804,6,41794,12,2020,20428.61
3282330153492757504,156,3,42203,1,2020,2164.72
3282330153492757504,156,3,42203,2,2020,2164.72
3282330153492757504,156,3,42203,3,2020,1092.15
3282330153492757504,156,3,42203,4,2020,3553.5
3282330153492757504,156,3,42203,5,2020,1367.14
3282330153492757504,156,3,42203,6,2020,736.78
3282330153492757504,156,3,42203,7,2020,-1565.62
3282330153492757504,156,3,42203,8,2020,-4105.84
3282330153492757504,156,3,42203,9,2020,444.68
3282330153492757504,156,3,42203,10,2020,2605.55
3282330153492757504,156,3,42203,11,2020,3604.87
3282330153492757504,156,3,42203,12,2020,1916.58
3282506837330691584,7515,3,15677,1,2020,0.0
3282506837330691584,7515,3,15677,2,2020,0.0
3282506837330691584,7515,3,15677,3,2020,1951.68
3282506837330691584,7515,3,15677,4,2020,1951.68
3282506837330691584,7515,3,15677,5,2020,1372.68
3282506837330691584,7515,3,15677,6,2020,1813.34
3282506837330691584,7515,3,15677,7,2020,1813.34
3282506837330691584,7515,3,15677,8,2020,1813.34
3282506837330691584,7515,3,15677,9,2020,1813.34
3282506837330691584,7515,3,15677,10,2020,2115.36
3282506837330691584,7515,3,15677,11,2020,2115.36
3282506837330691584,7515,3,15677,12,2020,3741.01
3283358264527015936,8496,0,56187,1,2020,3224.41
3283358264527015936,8496,0,56187,2,2020,4237.41
3283358264527015936,8496,0,56187,3,2020,2768.21
3283358264527015936,8496,0,56187,4,2020,2322.49
3283358264527015936,8496,0,56187,5,2020,1445.67
3283358264527015936,8496,0,56187,6,2020,3250.92
3283358264527015936,8496,0,56187,7,2020,1205.61
3283358264527015936,8496,0,56187,8,2020,-499.07
3283358264527015936,8496,0,56187,9,2020,-1002.1
3283358264527015936,8496,0,56187,10,2020,-3217.48
3283358264527015936,8496,0,56187,11,2020,-2202.15
3283358264527015936,8496,0,56187,12,2020,-2400.2
3283430474985122816,5663,8,5188,1,2020,-834.96
3283430474985122816,5663,8,5188,2,2020,-5064.78
3283430474985122816,5663,8,5188,3,2020,-10499.71
3283430474985122816,5663,8,5188,4,2020,-9342.05
3283430474985122816,5663,8,5188,5,2020,-9213.4
3283430474985122816,5663,8,5188,6,2020,-5786.42
3283430474985122816,5663,8,5188,7,2020,-7591.43
3283430474985122816,5663,8,5188,8,2020,-6585.22
3283430474985122816,5663,8,5188,9,2020,-1345.92
3283430474985122816,5663,8,5188,10,2020,-2108.29
3283430474985122816,5663,8,5188,11,2020,-3102.38
3283430474985122816,5663,8,5188,12,2020,-1188.9
3283502433701884928,5017,2,67896,1,2020,2483.94
3283502433701884928,5017,2,67896,2,2020,3720.66
3283502433701884928,5017,2,67896,3,2020,9360.6
3283502433701884928,5017,2,67896,4,2020,7559.16
3283502433701884928,5017,2,67896,5,2020,5045.8
3283502433701884928,5017,2,67896,6,2020,3507.81
3283502433701884928,5017,2,67896,7,2020,3850.85
3283502433701884928,5017,2,67896,8,2020,3935.02
3283502433701884928,5017,2,67896,9,2020,7428.68
3283502433701884928,5017,2,67896,10,2020,13382.11
3283502433701884928,5017,2,67896,11,2020,13817.64
3283502433701884928,5017,2,67896,12,2020,12993.32
3283921769975809536,4062,0,37875,1,2020,2906.77
3283921769975809536,4062,0,37875,2,2020,-6990.06
3283921769975809536,4062,0,37875,3,2020,-6344.35
3283921769975809536,4062,0,37875,4,2020,-5462.83
3283921769975809536,4062,0,37875,5,2020,-5435.54
3283921769975809536,4062,0,37875,6,2020,-5185.06
3283921769975809536,4062,0,37875,7,2020,-4199.0
3283921769975809536,4062,0,37875,8,2020,-9369.5
3283921769975809536,4062,0,37875,9,2020,-9391.46
3283921769975809536,4062,0,37875,10,2020,-8244.15
3283921769975809536,4062,0,37875,11,2020,-8989.6
3283921769975809536,4062,0,37875,12,2020,-5848.03
3284423597980383744,3243,0,17243,1,2020,1597.66
3284423597980383744,3243,0,17243,2,2020,4880.68
3284423597980383744,3243,0,17243,3,2020,5249.31
3284423597980383744,3243,0,17243,4,2020,1632.25
3284423597980383744,3243,0,17243,5,2020,2868.22
3284423597980383744,3243,0,17243,6,2020,-6609.78
3284423597980383744,3243,0,17243,7,2020,-4363.02
3284423597980383744,3243,0,17243,8,2020,-9623.85
3284423597980383744,3243,0,17243,9,2020,-8061.49
3284423597980383744,3243,0,17243,10,2020,-9159.13
3284423597980383744,3243,0,17243,11,2020,-13312.53
3284423597980383744,3243,0,17243,12,2020,-9789.97
3286305951660850688,1560,0,28481,1,2020,-370.88
3286305951660850688,1560,0,28481,2,2020,-3772.57
3286305951660850688,1560,0,28481,3,2020,-6078.25
3286305951660850688,1560,0,28481,4,2020,368.06
3286305951660850688,1560,0,28481,5,2020,498.3
3286305951660850688,1560,0,28481,6,2020,5866.83
3286305951660850688,1560,0,28481,7,2020,5750.74
3286305951660850688,1560,0,28481,8,2020,-552.86
3286305951660850688,1560,0,28481,9,2020,753.55
3286305951660850688,1560,0,28481,10,2020,3138.13
3286305951660850688,1560,0,28481,11,2020,6703.69
3286305951660850688,1560,0,28481,12,2020,11759.68
3286972901723977728,2890,5,57232,1,2020,-8777.77
3286972901723977728,2890,5,57232,2,2020,-720.88
3286972901723977728,2890,5,57232,3,2020,5374.35
3286972901723977728,2890,5,57232,4,2020,9612.72
3286972901723977728,2890,5,57232,5,2020,13837.56
3286972901723977728,2890,5,57232,6,2020,13006.99
3286972901723977728,2890,5,57232,7,2020,9040.37
3286972901723977728,2890,5,57232,8,2020,8940.97
3286972901723977728,2890,5,57232,9,2020,12076.75
3286972901723977728,2890,5,57232,10,2020,18489.52
3286972901723977728,2890,5,57232,11,2020,14464.62
3286972901723977728,2890,5,57232,12,2020,17600.39
3287018695953817088,4405,0,31825,1,2020,-4593.43
3287018695953817088,4405,0,31825,2,2020,837.15
3287018695953817088,4405,0,31825,3,2020,1898.57
3287018695953817088,4405,0,31825,4,2020,376.74
3287018695953817088,4405,0,31825,5,2020,6202.79
3287018695953817088,4405,0,31825,6,2020,4600.46
3287018695953817088,4405,0,31825,7,2020,6843.96
3287018695953817088,4405,0,31825,8,2020,2002.7
3287018695953817088,4405,0,31825,9,2020,-2960.52
3287018695953817088,4405,0,31825,10,2020,-2661.8
3287018695953817088,4405,0,31825,11,2020,-3756.11
3287018695953817088,4405,0,31825,12,2020,-5144.05
3287868340542996480,1532,6,2377,1,2020,-392.19
3287868340542996480,1532,6,2377,2,2020,739.69
3287868340542996480,1532,6,2377,3,2020,-3030.47
3287868340542996480,1532,6,2377,4,2020,-356.61
3287868340542996480,1532,6,2377,5,2020,-4426.28
3287868340542996480,1532,6,2377,6,2020,-2726.35
3287868340542996480,1532,6,2377,7,2020,-2083.71
3287868340542996480,1532,6,2377,8,2020,9748.54
3287868340542996480,1532,6,2377,9,2020,11501.01
3287868340542996480,1532,6,2377,10,2020,14180.12
3287868340542996480,1532,6,2377,11,2020,7169.05
3287868340542996480,1532,6,2377,12,2020,7598.06
3288466113706772992,7432,3,76130,1,2020,-396.03
3288466113706772992,7432,3,76130,2,2020,3458.48
3288466113706772992,7432,3,76130,3,2020,2706.23
3288466113706772992,7432,3,76130,4,2020,-109.05
3288466113706772992,7432,3,76130,5,2020,2205.01
3288466113706772992,7432,3,76130,6,2020,2919.47
3288466113706772992,7432,3,76130,7,2020,3263.01
3288466113706772992,7432,3,76130,8,2020,3539.83
3288466113706772992,7432,3,76130,9,2020,566.98
3288466113706772992,7432,3,76130,10,2020,-4296.2
3288466113706772992,7432,3,76130,11,2020,-7069.34
3288466113706772992,7432,3,76130,12,2020,-10045.53
3289208471304485888,5293,7,44586,1,2020,-4022.65
3289208471304485888,5293,7,44586,2,2020,5329.24
3289208471304485888,5293,7,44586,3,2020,11186.59
3289208471304485888,5293,7,44586,4,2020,4171.43
3289208471304485888,5293,7,44586,5,2020,5086.0
3289208471304485888,5293,7,44586,6,2020,8363.94
3289208471304485888,5293,7,44586,7,2020,11813.82
3289208471304485888,5293,7,44586,8,2020,2521.52
3289208471304485888,5293,7,44586,9,2020,-4419.4
3289208471304485888,5293,7,44586,10,2020,-9003.14
3289208471304485888,5293,7,44586,11,2020,-4873.09
3289208471304485888,5293,7,44586,12,2020,-9758.13
3290363966638027264,2635,0,86608,1,2020,3931.16
3290363966638027264,2635,0,86608,2,2020,4061.9
3290363966638027264,2635,0,86608,3,2020,812.36
3290363966638027264,2635,0,86608,4,2020,5849.87
3290363966638027264,2635,0,86608,5,2020,543.42
3290363966638027264,2635,0,86608,6,2020,-875.81
3290363966638027264,2635,0,86608,7,2020,-547.36
3290363966638027264,2635,0,86608,8,2020,2275.8
3290363966638027264,2635,0,86608,9,2020,-6888.78
3290363966638027264,2635,0,86608,10,2020,-5263.97
