3013687055445286912,6800,8,74762,7,2020,-15210.99
3013687055445286912,6800,8,74762,8,2020,-15154.28
3013687055445286912,6800,8,74762,9,2020,-8864.93
3013687055445286912,6800,8,74762,10,2020,-17321.22
3013687055445286912,6800,8,74762,11,2020,-12119.01
3013687055445286912,6800,8,74762,12,2020,-15177.56
3013811038938509312,4670,5,75404,1,2020,3299.96
3013811038938509312,4670,5,75404,2,2020,4575.65
3013811038938509312,4670,5,75404,3,2020,9078.82
3013811038938509312,4670,5,75404,4,2020,13002.92
3013811038938509312,4670,5,75404,5,2020,8731.53
3013811038938509312,4670,5,75404,6,2020,7239.2
3013811038938509312,4670,5,75404,7,2020,5789.69
3013811038938509312,4670,5,75404,8,2020,-2665.33
3013811038938509312,4670,5,75404,9,2020,-4082.42
3013811038938509312,4670,5,75404,10,2020,-6467.86
3013811038938509312,4670,5,75404,11,2020,-7899.26
3013811038938509312,4670,5,75404,12,2020,-8659.2
3014014263629077504,7886,3,96844,1,2020,0.0
3014014263629077504,7886,3,96844,2,2020,-1062.12
3014014263629077504,7886,3,96844,3,2020,-1805.39
3014014263629077504,7886,3,96844,4,2020,-743.75
3014014263629077504,7886,3,96844,5,2020,-127.83
3014014263629077504,7886,3,96844,6,2020,659.11
3014014263629077504,7886,3,96844,7,2020,-140.18
3014014263629077504,7886,3,96844,8,2020,-2377.88
3014014263629077504,7886,3,96844,9,2020,-576.37
3014014263629077504,7886,3,96844,10,2020,302.2
3014014263629077504,7886,3,96844,11,2020,-880.73
3014014263629077504,7886,3,96844,12,2020,-615.96
3014826214812298752,13,6,52727,1,2020,7761.84
3014826214812298752,13,6,52727,2,2020,2322.61
3014826214812298752,13,6,52727,3,2020,-207.41
3014826214812298752,13,6,52727,4,2020,895.21
3014826214812298752,13,6,52727,5,2020,200.04
3014826214812298752,13,6,52727,6,2020,5371.53
3014826214812298752,13,6,52727,7,2020,11940.22
3014826214812298752,13,6,52727,8,2020,12597.79
3014826214812298752,13,6,52727,9,2020,16348.38
3014826214812298752,13,6,52727,10,2020,9024.12
3014826214812298752,13,6,52727,11,2020,10694.47
3014826214812298752,13,6,52727,12,2020,6702.76
3015346299882187264,3119,6,67451,1,2020,-2127.54
3015346299882187264,3119,6,67451,2,2020,-4585.74
3015346299882187264,3119,6,67451,3,2020,-9789.78
3015346299882187264,3119,6,67451,4,2020,-13634.86
3015346299882187264,3119,6,67451,5,2020,-11798.59
3015346299882187264,3119,6,67451,6,2020,-13637.6
3015346299882187264,3119,6,67451,7,2020,-8103.15
3015346299882187264,3119,6,67451,8,2020,-12174.04
3015346299882187264,3119,6,67451,9,2020,-14662.56
3015346299882187264,3119,6,67451,10,2020,-16703.58
3015346299882187264,3119,6,67451,11,2020,-10838.59
3015346299882187264,3119,6,67451,12,2020,-342.97
3015473480076866560,7097,8,7643,1,2020,-1593.61
3015473480076866560,7097,8,7643,2,2020,-1593.61
3015473480076866560,7097,8,7643,3,2020,-3232.64
3015473480076866560,7097,8,7643,4,2020,-3232.64
3015473480076866560,7097,8,7643,5,2020,-2262.12
3015473480076866560,7097,8,7643,6,2020,129.86
3015473480076866560,7097,8,7643,7,2020,1530.45
3015473480076866560,7097,8,7643,8,2020,4291.61
3015473480076866560,7097,8,7643,9,2020,3913.23
3015473480076866560,7097,8,7643,10,2020,1342.27
3015473480076866560,7097,8,7643,11,2020,2817.79
3015473480076866560,7097,8,7643,12,2020,2383.31
3016114113074120704,3533,5,75463,1,2020,-2606.62
3016114113074120704,3533,5,75463,2,2020,-933.95
3016114113074120704,3533,5,75463,3,2020,-2697.98
3016114113074120704,3533,5,75463,4,2020,-2278.26
3016114113074120704,3533,5,75463,5,2020,-675.66
3016114113074120704,3533,5,75463,6,2020,2228.4
3016114113074120704,3533,5,75463,7,2020,6304.86
3016114113074120704,3533,5,75463,8,2020,6646.31
3016114113074120704,3533,5,75463,9,2020,5757.23
3016114113074120704,3533,5,75463,10,2020,10321.08
3016114113074120704,3533,5,75463,11,2020,15338.92
3016114113074120704,3533,5,75463,12,2020,17028.63
3017218316999718912,661,5,53704,1,2020,3362.08
3017218316999718912,661,5,53704,2,2020,2785.02
3017218316999718912,661,5,53704,3,2020,1875.81
3017218316999718912,661,5,53704,4,2020,2176.31
3017218316999718912,661,5,53704,5,2020,-1902.85
3017218316999718912,661,5,53704,6,2020,-5344.07
3017218316999718912,661,5,53704,7,2020,-2307.73
3017218316999718912,661,5,53704,8,2020,2112.69
3017218316999718912,661,5,53704,9,2020,1215.09
3017218316999718912,661,5,53704,10,2020,2541.14
3017218316999718912,661,5,53704,11,2020,378.42
3017218316999718912,661,5,53704,12,2020,-1481.0
3018054707456894464,1775,8,96233,1,2020,2843.13
3018054707456894464,1775,8,96233,2,2020,7177.01
3018054707456894464,1775,8,96233,3,2020,3694.52
3018054707456894464,1775,8,96233,4,2020,3487.69
3018054707456894464,1775,8,96233,5,2020,6111.79
3018054707456894464,1775,8,96233,6,2020,-3607.1
3018054707456894464,1775,8,96233,7,2020,21.49
3018054707456894464,1775,8,96233,8,2020,6730.5
3018054707456894464,1775,8,96233,9,2020,9634.25
3018054707456894464,1775,8,96233,10,2020,9124.19
3018054707456894464,1775,8,96233,11,2020,9387.51
3018054707456894464,1775,8,96233,12,2020,10769.62
3019780072409374208,8981,8,83393,1,2020,1182.63
3019780072409374208,8981,8,83393,2,2020,1385.71
3019780072409374208,8981,8,83393,3,2020,5990.35
3019780072409374208,8981,8,83393,4,2020,6704.8
3019780072409374208,8981,8,83393,5,2020,9643.88
3019780072409374208,8981,8,83393,6,2020,9963.81
3019780072409374208,8981,8,83393,7,2020,1465.82
3019780072409374208,8981,8,83393,8,2020,305.43
3019780072409374208,8981,8,83393,9,2020,474.53
3019780072409374208,8981,8,83393,10,2020,2686.38
3019780072409374208,8981,8,83393,11,2020,658.24
3019780072409374208,8981,8,83393,12,2020,4830.4
3019988585237458944,2267,6,5463,1,2020,6723.16
3019988585237458944,2267,6,5463,2,2020,7240.11
3019988585237458944,2267,6,5463,3,2020,6406.95
3019988585237458944,2267,6,5463,4,2020,5116.92
3019988585237458944,2267,6,5463,5,2020,7036.59
3019988585237458944,2267,6,5463,6,2020,6547.46
3019988585237458944,2267,6,5463,7,2020,6800.19
3019988585237458944,2267,6,5463,8,2020,5869.84
3019988585237458944,2267,6,5463,9,2020,421.95
3019988585237458944,2267,6,5463,10,2020,2256.97
3019988585237458944,2267,6,5463,11,2020,2735.51
3019988585237458944,2267,6,5463,12,2020,1660.8
3020222185636328960,5428,6,8526,1,2020,8087.0
3020222185636328960,5428,6,8526,2,2020,6435.8
3020222185636328960,5428,6,8526,3,2020,11495.41
3020222185636328960,5428,6,8526,4,2020,10833.04
3020222185636328960,5428,6,8526,5,2020,16400.51
3020222185636328960,5428,6,8526,6,2020,20442.6
3020222185636328960,5428,6,8526,7,2020,22926.8
3020222185636328960,5428,6,8526,8,2020,23234.32
3020222185636328960,5428,6,8526,9,2020,25464.4
3020222185636328960,5428,6,8526,10,2020,29997.78
3020222185636328960,5428,6,8526,11,2020,30456.19
3020222185636328960,5428,6,8526,12,2020,31513.14
3020896659214605824,5215,3,50685,1,2020,2117.83
3020896659214605824,5215,3,50685,2,2020,-1346.13
3020896659214605824,5215,3,50685,3,2020,-205.26
3020896659214605824,5215,3,50685,4,2020,-5200.03
3020896659214605824,5215,3,50685,5,2020,-13797.72
3020896659214605824,5215,3,50685,6,2020,-17547.79
3020896659214605824,5215,3,50685,7,2020,-15635.3
3020896659214605824,5215,3,50685,8,2020,-2194.73
3020896659214605824,5215,3,50685,9,2020,3923.38
3020896659214605824,5215,3,50685,10,2020,1914.76
3020896659214605824,5215,3,50685,11,2020,10272.1
3020896659214605824,5215,3,50685,12,2020,7387.75
3020925332247387648,3647,6,57638,1,2020,-914.71
3020925332247387648,3647,6,57638,2,2020,-4753.6
3020925332247387648,3647,6,57638,3,2020,-6475.51
3020925332247387648,3647,6,57638,4,2020,-9237.36
3020925332247387648,3647,6,57638,5,2020,-9677.04
3020925332247387648,3647,6,57638,6,2020,-7907.61
3020925332247387648,3647,6,57638,7,2020,-6617.45
3020925332247387648,3647,6,57638,8,2020,-6051.18
3020925332247387648,3647,6,57638,9,2020,-7564.09
3020925332247387648,3647,6,57638,10,2020,-11201.19
3020925332247387648,3647,6,57638,11,2020,-8572.48
3020925332247387648,3647,6,57638,12,2020,-8649.22
3020946344824031744,6711,1,42441,1,2020,-1332.46
3020946344824031744,6711,1,42441,2,2020,-747.95
3020946344824031744,6711,1,42441,3,2020,-1381.84
3020946344824031744,6711,1,42441,4,2020,-1604.91
3020946344824031744,6711,1,42441,5,2020,3483.02
3020946344824031744,6711,1,42441,6,2020,7877.1
3020946344824031744,6711,1,42441,7,2020,7275.34
3020946344824031744,6711,1,42441,8,2020,10628.36
3020946344824031744,6711,1,42441,9,2020,8033.54
3020946344824031744,6711,1,42441,10,2020,8542.08
3020946344824031744,6711,1,42441,11,2020,6004.33
3020946344824031744,6711,1,42441,12,2020,5983.44
3021189907865890816,3239,3,1611,1,2020,5479.84
3021189907865890816,3239,3,1611,2,2020,6168.82
3021189907865890816,3239,3,1611,3,2020,3963.4
3021189907865890816,3239,3,1611,4,2020,5920.46
3021189907865890816,3239,3,1611,5,2020,8187.01
3021189907865890816,3239,3,1611,6,2020,9726.97
3021189907865890816,3239,3,1611,7,2020,10554.47
3021189907865890816,3239,3,1611,8,2020,11220.08
3021189907865890816,3239,3,1611,9,2020,17705.63
3021189907865890816,3239,3,1611,10,2020,13898.58
3021189907865890816,3239,3,1611,11,2020,13033.02
3021189907865890816,3239,3,1611,12,2020,23907.38
3021192988050739712,7754,7,19289,1,2020,2871.73
3021192988050739712,7754,7,19289,2,2020,3164.93
3021192988050739712,7754,7,19289,3,2020,6344.36
3021192988050739712,7754,7,19289,4,2020,6344.36
3021192988050739712,7754,7,19289,5,2020,6508.69
3021192988050739712,7754,7,19289,6,2020,8390.45
3021192988050739712,7754,7,19289,7,2020,7361.79
3021192988050739712,7754,7,19289,8,2020,8952.52
3021192988050739712,7754,7,19289,9,2020,8952.52
3021192988050739712,7754,7,19289,10,2020,12059.27
3021192988050739712,7754,7,19289,11,2020,13090.7
3021192988050739712,7754,7,19289,12,2020,14047.56
3021284997986714112,8122,2,92530,1,2020,-3535.42
3021284997986714112,8122,2,92530,2,2020,-5281.33
3021284997986714112,8122,2,92530,3,2020,-5405.31
3021284997986714112,8122,2,92530,4,2020,-12407.17
3021284997986714112,8122,2,92530,5,2020,-23256.62
3021284997986714112,8122,2,92530,6,2020,-23351.33
3021284997986714112,8122,2,92530,7,2020,-25757.3
3021284997986714112,8122,2,92530,8,2020,-24787.29
3021284997986714112,8122,2,92530,9,2020,-28719.2
3021284997986714112,8122,2,92530,10,2020,-31203.17
3021284997986714112,8122,2,92530,11,2020,-30574.19
3021284997986714112,8122,2,92530,12,2020,-34287.11
3021535866994764800,6503,6,53750,1,2020,-2796.31
3021535866994764800,6503,6,53750,2,2020,-2066.79
3021535866994764800,6503,6,53750,3,2020,-6006.72
3021535866994764800,6503,6,53750,4,2020,-7616.07
3021535866994764800,6503,6,53750,5,2020,-6084.38
3021535866994764800,6503,6,53750,6,2020,-6176.35
3021535866994764800,6503,6,53750,7,2020,-8620.58
3021535866994764800,6503,6,53750,8,2020,-6686.82
3021535866994764800,6503,6,53750,9,2020,-10142.54
3021535866994764800,6503,6,53750,10,2020,-11400.69
3021535866994764800,6503,6,53750,11,2020,-9720.88
3021535866994764800,6503,6,53750,12,2020,-8211.91
3021728428437939712,7730,4,27040,1,2020,2982.03
3021728428437939712,7730,4,27040,2,2020,2596.4
3021728428437939712,7730,4,27040,3,2020,7448.81
3021728428437939712,7730,4,27040,4,2020,6569.84
3021728428437939712,7730,4,27040,5,2020,7639.59
3021728428437939712,7730,4,27040,6,2020,6474.3
3021728428437939712,7730,4,27040,7,2020,9001.46
3021728428437939712,7730,4,27040,8,2020,11466.7
3021728428437939712,7730,4,27040,9,2020,16086.81
3021728428437939712,7730,4,27040,10,2020,24810.81
3021728428437939712,7730,4,27040,11,2020,22874.57
3021728428437939712,7730,4,27040,12,2020,18218.18
3021794953725494784,2332,6,85759,1,2020,-21.69
3021794953725494784,2332,6,85759,2,2020,1310.76
3021794953725494784,2332,6,85759,3,2020,3188.64
3021794953725494784,2332,6,85759,4,2020,1477.56
3021794953725494784,2332,6,85759,5,2020,-53.57
3021794953725494784,2332,6,85759,6,2020,-53.57
3021794953725494784,2332,6,85759,7,2020,-53.57
3021794953725494784,2332,6,85759,8,2020,-82.51
