3225498259598392320,6677,7,19943,7,2020,-13602.37
3225498259598392320,6677,7,19943,8,2020,-14583.62
3225498259598392320,6677,7,19943,9,2020,-13083.55
3225498259598392320,6677,7,19943,10,2020,-9437.37
3225498259598392320,6677,7,19943,11,2020,-9595.31
3225498259598392320,6677,7,19943,12,2020,-9085.51
3225628375356700672,5787,2,45444,1,2020,-4323.23
3225628375356700672,5787,2,45444,2,2020,-9581.37
3225628375356700672,5787,2,45444,3,2020,-15363.8
3225628375356700672,5787,2,45444,4,2020,-21737.35
3225628375356700672,5787,2,45444,5,2020,-21640.81
3225628375356700672,5787,2,45444,6,2020,-21483.56
3225628375356700672,5787,2,45444,7,2020,-26194.0
3225628375356700672,5787,2,45444,8,2020,-25775.99
3225628375356700672,5787,2,45444,9,2020,-22478.36
3225628375356700672,5787,2,45444,10,2020,-27069.85
3225628375356700672,5787,2,45444,11,2020,-21370.58
3225628375356700672,5787,2,45444,12,2020,-24564.69
3226913914048253440,1831,7,29368,1,2020,-769.61
3226913914048253440,1831,7,29368,2,2020,944.55
3226913914048253440,1831,7,29368,3,2020,-4992.26
3226913914048253440,1831,7,29368,4,2020,-6460.61
3226913914048253440,1831,7,29368,5,2020,-7186.0
3226913914048253440,1831,7,29368,6,2020,-8662.63
3226913914048253440,1831,7,29368,7,2020,-6031.42
3226913914048253440,1831,7,29368,8,2020,-4825.65
3226913914048253440,1831,7,29368,9,2020,-4491.62
3226913914048253440,1831,7,29368,10,2020,-14222.06
3226913914048253440,1831,7,29368,11,2020,-11328.3
3226913914048253440,1831,7,29368,12,2020,-14374.71
3227781091075923968,4886,0,47840,1,2020,-375.16
3227781091075923968,4886,0,47840,2,2020,-3255.87
3227781091075923968,4886,0,47840,3,2020,-3652.78
3227781091075923968,4886,0,47840,4,2020,772.79
3227781091075923968,4886,0,47840,5,2020,-6307.88
3227781091075923968,4886,0,47840,6,2020,-15719.36
3227781091075923968,4886,0,47840,7,2020,-13273.98
3227781091075923968,4886,0,47840,8,2020,-8029.5
3227781091075923968,4886,0,47840,9,2020,-8962.45
3227781091075923968,4886,0,47840,10,2020,-3581.21
3227781091075923968,4886,0,47840,11,2020,-6244.72
3227781091075923968,4886,0,47840,12,2020,-6585.38
3227974754135694848,4750,5,69656,1,2020,1242.69
3227974754135694848,4750,5,69656,2,2020,3491.41
3227974754135694848,4750,5,69656,3,2020,7363.2
3227974754135694848,4750,5,69656,4,2020,5680.05
3227974754135694848,4750,5,69656,5,2020,5957.66
3227974754135694848,4750,5,69656,6,2020,3266.76
3227974754135694848,4750,5,69656,7,2020,3551.57
3227974754135694848,4750,5,69656,8,2020,182.03
3227974754135694848,4750,5,69656,9,2020,4440.7
3227974754135694848,4750,5,69656,10,2020,5898.09
3227974754135694848,4750,5,69656,11,2020,5148.63
3227974754135694848,4750,5,69656,12,2020,3536.32
3228486191562225152,6017,9,42451,1,2020,-673.82
3228486191562225152,6017,9,42451,2,2020,2495.99
3228486191562225152,6017,9,42451,3,2020,2534.98
3228486191562225152,6017,9,42451,4,2020,6010.46
3228486191562225152,6017,9,42451,5,2020,7843.84
3228486191562225152,6017,9,42451,6,2020,10772.6
3228486191562225152,6017,9,42451,7,2020,10772.6
3228486191562225152,6017,9,42451,8,2020,9531.16
3228486191562225152,6017,9,42451,9,2020,8202.54
3228486191562225152,6017,9,42451,10,2020,7742.16
3228486191562225152,6017,9,42451,11,2020,6655.74
3228486191562225152,6017,9,42451,12,2020,4896.82
3228985782073267712,3332,4,1753,1,2020,6521.03
3228985782073267712,3332,4,1753,2,2020,8291.21
3228985782073267712,3332,4,1753,3,2020,9204.39
3228985782073267712,3332,4,1753,4,2020,4835.3
3228985782073267712,3332,4,1753,5,2020,3087.84
3228985782073267712,3332,4,1753,6,2020,3762.97
3228985782073267712,3332,4,1753,7,2020,5001.58
3228985782073267712,3332,4,1753,8,2020,6054.32
3228985782073267712,3332,4,1753,9,2020,6555.09
3228985782073267712,3332,4,1753,10,2020,3728.49
3228985782073267712,3332,4,1753,11,2020,6646.92
3228985782073267712,3332,4,1753,12,2020,7093.29
3229459163968295424,2056,8,82565,1,2020,-2896.22
3229459163968295424,2056,8,82565,2,2020,-2096.84
3229459163968295424,2056,8,82565,3,2020,2708.13
3229459163968295424,2056,8,82565,4,2020,1050.23
3229459163968295424,2056,8,82565,5,2020,1125.46
3229459163968295424,2056,8,82565,6,2020,-1047.28
3229459163968295424,2056,8,82565,7,2020,-166.65
3229459163968295424,2056,8,82565,8,2020,8254.25
3229459163968295424,2056,8,82565,9,2020,2431.74
3229459163968295424,2056,8,82565,10,2020,-1578.9
3229459163968295424,2056,8,82565,11,2020,-8260.79
3229459163968295424,2056,8,82565,12,2020,-3082.58
3229748946702092288,3149,7,84050,1,2020,11263.83
3229748946702092288,3149,7,84050,2,2020,16913.49
3229748946702092288,3149,7,84050,3,2020,22061.79
3229748946702092288,3149,7,84050,4,2020,19235.77
3229748946702092288,3149,7,84050,5,2020,18561.98
3229748946702092288,3149,7,84050,6,2020,15361.72
3229748946702092288,3149,7,84050,7,2020,12950.49
3229748946702092288,3149,7,84050,8,2020,12088.62
3229748946702092288,3149,7,84050,9,2020,7761.93
3229748946702092288,3149,7,84050,10,2020,8511.88
3229748946702092288,3149,7,84050,11,2020,8566.2
3229748946702092288,3149,7,84050,12,2020,8999.54
3230672960762735104,7556,1,85259,1,2020,-2202.75
3230672960762735104,7556,1,85259,2,2020,-5284.21
3230672960762735104,7556,1,85259,3,2020,-3500.46
3230672960762735104,7556,1,85259,4,2020,-13526.3
3230672960762735104,7556,1,85259,5,2020,-11192.28
3230672960762735104,7556,1,85259,6,2020,-14533.46
3230672960762735104,7556,1,85259,7,2020,-18402.64
3230672960762735104,7556,1,85259,8,2020,-16692.79
3230672960762735104,7556,1,85259,9,2020,-16200.45
3230672960762735104,7556,1,85259,10,2020,-12960.22
3230672960762735104,7556,1,85259,11,2020,-13988.83
3230672960762735104,7556,1,85259,12,2020,-22655.32
3230984645324410880,5664,3,8582,1,2020,-1902.07
3230984645324410880,5664,3,8582,2,2020,-4956.69
3230984645324410880,5664,3,8582,3,2020,-5929.5
3230984645324410880,5664,3,8582,4,2020,-7056.6
3230984645324410880,5664,3,8582,5,2020,-9111.52
3230984645324410880,5664,3,8582,6,2020,-9216.2
3230984645324410880,5664,3,8582,7,2020,-9216.2
3230984645324410880,5664,3,8582,8,2020,-9712.24
3230984645324410880,5664,3,8582,9,2020,-11815.58
3230984645324410880,5664,3,8582,10,2020,-11724.17
3230984645324410880,5664,3,8582,11,2020,-2074.11
3230984645324410880,5664,3,8582,12,2020,794.4
3231993003774272512,7194,2,95433,1,2020,313.5
3231993003774272512,7194,2,95433,2,2020,556.36
3231993003774272512,7194,2,95433,3,2020,2442.7
3231993003774272512,7194,2,95433,4,2020,-1434.51
3231993003774272512,7194,2,95433,5,2020,-1415.12
3231993003774272512,7194,2,95433,6,2020,-3057.15
3231993003774272512,7194,2,95433,7,2020,-1519.36
3231993003774272512,7194,2,95433,8,2020,1083.03
3231993003774272512,7194,2,95433,9,2020,3086.56
3231993003774272512,7194,2,95433,10,2020,3135.14
3231993003774272512,7194,2,95433,11,2020,-670.78
3231993003774272512,7194,2,95433,12,2020,3216.28
3233116106485435904,2138,5,7367,1,2020,1214.38
3233116106485435904,2138,5,7367,2,2020,1214.38
3233116106485435904,2138,5,7367,3,2020,-1782.3
3233116106485435904,2138,5,7367,4,2020,-1782.3
3233116106485435904,2138,5,7367,5,2020,-1408.41
3233116106485435904,2138,5,7367,6,2020,-1414.92
3233116106485435904,2138,5,7367,7,2020,-3254.04
3233116106485435904,2138,5,7367,8,2020,-354.52
3233116106485435904,2138,5,7367,9,2020,-354.52
3233116106485435904,2138,5,7367,10,2020,-2493.56
3233116106485435904,2138,5,7367,11,2020,-2493.56
3233116106485435904,2138,5,7367,12,2020,-2890.26
3233195251328420352,7423,1,58422,1,2020,-2248.98
3233195251328420352,7423,1,58422,2,2020,5154.12
3233195251328420352,7423,1,58422,3,2020,7286.13
3233195251328420352,7423,1,58422,4,2020,-3179.59
3233195251328420352,7423,1,58422,5,2020,54.16
3233195251328420352,7423,1,58422,6,2020,1448.72
3233195251328420352,7423,1,58422,7,2020,-2031.21
3233195251328420352,7423,1,58422,8,2020,21.76
3233195251328420352,7423,1,58422,9,2020,-7121.14
3233195251328420352,7423,1,58422,10,2020,2521.89
3233195251328420352,7423,1,58422,11,2020,-1337.97
3233195251328420352,7423,1,58422,12,2020,6399.12
323381413899802880,5066,1,46243,1,2020,1469.52
323381413899802880,5066,1,46243,2,2020,1555.76
323381413899802880,5066,1,46243,3,2020,3295.72
323381413899802880,5066,1,46243,4,2020,3466.61
323381413899802880,5066,1,46243,5,2020,3204.78
323381413899802880,5066,1,46243,6,2020,5137.7
323381413899802880,5066,1,46243,7,2020,4617.73
323381413899802880,5066,1,46243,8,2020,5055.46
323381413899802880,5066,1,46243,9,2020,8876.35
323381413899802880,5066,1,46243,10,2020,10125.67
323381413899802880,5066,1,46243,11,2020,9715.66
323381413899802880,5066,1,46243,12,2020,12773.9
3236882358677294080,5385,4,97176,1,2020,2254.87
3236882358677294080,5385,4,97176,2,2020,4384.58
3236882358677294080,5385,4,97176,3,2020,-802.18
3236882358677294080,5385,4,97176,4,2020,-8919.18
3236882358677294080,5385,4,97176,5,2020,-8335.69
3236882358677294080,5385,4,97176,6,2020,-8187.55
3236882358677294080,5385,4,97176,7,2020,-9253.37
3236882358677294080,5385,4,97176,8,2020,-6292.53
3236882358677294080,5385,4,97176,9,2020,-6368.31
3236882358677294080,5385,4,97176,10,2020,-9876.37
3236882358677294080,5385,4,97176,11,2020,-10416.69
3236882358677294080,5385,4,97176,12,2020,-16112.41
3237526768504265728,5898,2,4628,1,2020,95.08
3237526768504265728,5898,2,4628,2,2020,968.04
3237526768504265728,5898,2,4628,3,2020,7123.41
3237526768504265728,5898,2,4628,4,2020,10080.23
3237526768504265728,5898,2,4628,5,2020,8686.55
3237526768504265728,5898,2,4628,6,2020,9864.84
3237526768504265728,5898,2,4628,7,2020,12147.77
3237526768504265728,5898,2,4628,8,2020,14963.64
3237526768504265728,5898,2,4628,9,2020,13964.05
3237526768504265728,5898,2,4628,10,2020,8454.69
3237526768504265728,5898,2,4628,11,2020,8888.9
3237526768504265728,5898,2,4628,12,2020,8255.87
3237751688612760064,5811,7,30873,1,2020,1256.25
3237751688612760064,5811,7,30873,2,2020,-3807.22
3237751688612760064,5811,7,30873,3,2020,-3253.74
3237751688612760064,5811,7,30873,4,2020,-3984.61
3237751688612760064,5811,7,30873,5,2020,-6003.05
3237751688612760064,5811,7,30873,6,2020,-5430.22
3237751688612760064,5811,7,30873,7,2020,-7910.73
3237751688612760064,5811,7,30873,8,2020,-7268.67
3237751688612760064,5811,7,30873,9,2020,-5649.85
3237751688612760064,5811,7,30873,10,2020,-379.43
3237751688612760064,5811,7,30873,11,2020,9290.56
3237751688612760064,5811,7,30873,12,2020,17238.16
3239115497270144000,8909,1,68153,1,2020,-4752.84
3239115497270144000,8909,1,68153,2,2020,-1963.31
3239115497270144000,8909,1,68153,3,2020,1500.41
3239115497270144000,8909,1,68153,4,2020,5883.87
3239115497270144000,8909,1,68153,5,2020,6144.78
3239115497270144000,8909,1,68153,6,2020,6695.66
3239115497270144000,8909,1,68153,7,2020,9777.21
3239115497270144000,8909,1,68153,8,2020,14375.43
3239115497270144000,8909,1,68153,9,2020,8651.93
3239115497270144000,8909,1,68153,10,2020,12816.76
3239115497270144000,8909,1,68153,11,2020,16027.31
3239115497270144000,8909,1,68153,12,2020,15028.7
3240693883611816448,1704,7,34882,1,2020,-1204.02
3240693883611816448,1704,7,34882,2,2020,1727.52
3240693883611816448,1704,7,34882,3,2020,9034.81
3240693883611816448,1704,7,34882,4,2020,996.37
3240693883611816448,1704,7,34882,5,2020,6909.69
3240693883611816448,1704,7,34882,6,2020,5104.09
3240693883611816448,1704,7,34882,7,2020,-1599.35
3240693883611816448,1704,7,34882,8,2020,4382.95
3240693883611816448,1704,7,34882,9,2020,4082.43
3240693883611816448,1704,7,34882,10,2020,11882.86
3240693883611816448,1704,7,34882,11,2020,14266.36
3240693883611816448,1704,7,34882,12,2020,10310.41
3241172352076543488,5532,1,51952,1,2020,-4964.29
3241172352076543488,5532,1,51952,2,2020,2058.47
3241172352076543488,5532,1,51952,3,2020,12982.05
3241172352076543488,5532,1,51952,4,2020,10292.23
3241172352076543488,5532,1,51952,5,2020,7984.37
3241172352076543488,5532,1,51952,6,2020,9109.15
