604726804905773312,6331,5,10904,2,2020,-1648.63
604726804905773312,6331,5,10904,3,2020,-1200.37
604726804905773312,6331,5,10904,4,2020,-3210.85
604726804905773312,6331,5,10904,5,2020,-1805.09
604726804905773312,6331,5,10904,6,2020,-1805.09
604726804905773312,6331,5,10904,7,2020,-1144.05
604726804905773312,6331,5,10904,8,2020,-1144.05
604726804905773312,6331,5,10904,9,2020,-562.5
604726804905773312,6331,5,10904,10,2020,-562.5
604726804905773312,6331,5,10904,11,2020,-562.5
604726804905773312,6331,5,10904,12,2020,-562.5
604769784219033984,2447,3,46464,1,2020,-2636.99
604769784219033984,2447,3,46464,2,2020,-11324.23
604769784219033984,2447,3,46464,3,2020,-18882.12
604769784219033984,2447,3,46464,4,2020,-14113.75
604769784219033984,2447,3,46464,5,2020,-17269.99
604769784219033984,2447,3,46464,6,2020,-25514.35
604769784219033984,2447,3,46464,7,2020,-24189.93
604769784219033984,2447,3,46464,8,2020,-19867.16
604769784219033984,2447,3,46464,9,2020,-16718.88
604769784219033984,2447,3,46464,10,2020,-16157.18
604769784219033984,2447,3,46464,11,2020,-7593.06
604769784219033984,2447,3,46464,12,2020,-825.18
607297649659746048,408,9,69659,1,2020,-265.42
607297649659746048,408,9,69659,2,2020,-6451.13
607297649659746048,408,9,69659,3,2020,-10305.34
607297649659746048,408,9,69659,4,2020,-15888.27
607297649659746048,408,9,69659,5,2020,-14743.13
607297649659746048,408,9,69659,6,2020,-10654.49
607297649659746048,408,9,69659,7,2020,-10498.28
607297649659746048,408,9,69659,8,2020,-14132.51
607297649659746048,408,9,69659,9,2020,-12547.79
607297649659746048,408,9,69659,10,2020,-10612.07
607297649659746048,408,9,69659,11,2020,-14658.04
607297649659746048,408,9,69659,12,2020,-13733.67
608279316822741760,7420,6,32163,1,2020,-6604.71
608279316822741760,7420,6,32163,2,2020,-5982.88
608279316822741760,7420,6,32163,3,2020,-8834.71
608279316822741760,7420,6,32163,4,2020,-13520.41
608279316822741760,7420,6,32163,5,2020,-17027.24
608279316822741760,7420,6,32163,6,2020,-20581.2
608279316822741760,7420,6,32163,7,2020,-21704.5
608279316822741760,7420,6,32163,8,2020,-19891.82
608279316822741760,7420,6,32163,9,2020,-23972.17
608279316822741760,7420,6,32163,10,2020,-27039.67
608279316822741760,7420,6,32163,11,2020,-30629.26
608279316822741760,7420,6,32163,12,2020,-25177.06
608399404296218368,8617,2,47938,1,2020,-1780.11
608399404296218368,8617,2,47938,2,2020,238.91
608399404296218368,8617,2,47938,3,2020,6284.39
608399404296218368,8617,2,47938,4,2020,1997.52
608399404296218368,8617,2,47938,5,2020,491.91
608399404296218368,8617,2,47938,6,2020,482.08
608399404296218368,8617,2,47938,7,2020,-2174.84
608399404296218368,8617,2,47938,8,2020,3245.46
608399404296218368,8617,2,47938,9,2020,3522.33
608399404296218368,8617,2,47938,10,2020,4448.22
608399404296218368,8617,2,47938,11,2020,5307.41
608399404296218368,8617,2,47938,12,2020,7091.38
608726415812971392,9524,3,64547,1,2020,-4464.43
608726415812971392,9524,3,64547,2,2020,-2871.5
608726415812971392,9524,3,64547,3,2020,-2232.24
608726415812971392,9524,3,64547,4,2020,-6920.75
608726415812971392,9524,3,64547,5,2020,-5941.7
608726415812971392,9524,3,64547,6,2020,-11415.57
608726415812971392,9524,3,64547,7,2020,-9567.95
608726415812971392,9524,3,64547,8,2020,-13833.97
608726415812971392,9524,3,64547,9,2020,-7344.08
608726415812971392,9524,3,64547,10,2020,-5707.98
608726415812971392,9524,3,64547,11,2020,-4945.96
608726415812971392,9524,3,64547,12,2020,-2305.42
609309379043301120,5304,4,12983,1,2020,-1535.15
609309379043301120,5304,4,12983,2,2020,-2843.76
609309379043301120,5304,4,12983,3,2020,1593.95
609309379043301120,5304,4,12983,4,2020,5258.5
609309379043301120,5304,4,12983,5,2020,1538.54
609309379043301120,5304,4,12983,6,2020,155.14
609309379043301120,5304,4,12983,7,2020,-1367.73
609309379043301120,5304,4,12983,8,2020,-2072.57
609309379043301120,5304,4,12983,9,2020,-6620.03
609309379043301120,5304,4,12983,10,2020,-14136.56
609309379043301120,5304,4,12983,11,2020,-15308.43
609309379043301120,5304,4,12983,12,2020,-13498.7
609502082558713728,8427,6,80971,1,2020,-690.27
609502082558713728,8427,6,80971,2,2020,-1861.16
609502082558713728,8427,6,80971,3,2020,-5413.07
609502082558713728,8427,6,80971,4,2020,-7066.26
609502082558713728,8427,6,80971,5,2020,-13177.72
609502082558713728,8427,6,80971,6,2020,-12290.2
609502082558713728,8427,6,80971,7,2020,-9711.93
609502082558713728,8427,6,80971,8,2020,-14908.06
609502082558713728,8427,6,80971,9,2020,-23624.82
609502082558713728,8427,6,80971,10,2020,-26858.8
609502082558713728,8427,6,80971,11,2020,-30687.01
609502082558713728,8427,6,80971,12,2020,-30624.38
610923464112581376,3828,1,98200,1,2020,5038.52
610923464112581376,3828,1,98200,2,2020,8160.44
610923464112581376,3828,1,98200,3,2020,9490.64
610923464112581376,3828,1,98200,4,2020,13178.41
610923464112581376,3828,1,98200,5,2020,19444.99
610923464112581376,3828,1,98200,6,2020,20881.02
610923464112581376,3828,1,98200,7,2020,24528.21
610923464112581376,3828,1,98200,8,2020,29447.37
610923464112581376,3828,1,98200,9,2020,28977.07
610923464112581376,3828,1,98200,10,2020,34407.45
610923464112581376,3828,1,98200,11,2020,36907.7
610923464112581376,3828,1,98200,12,2020,37325.79
61337575825666800,3923,4,54825,1,2020,-695.47
61337575825666800,3923,4,54825,2,2020,-3861.54
61337575825666800,3923,4,54825,3,2020,-123.67
61337575825666800,3923,4,54825,4,2020,3992.98
61337575825666800,3923,4,54825,5,2020,2460.47
61337575825666800,3923,4,54825,6,2020,3036.33
61337575825666800,3923,4,54825,7,2020,1666.65
61337575825666800,3923,4,54825,8,2020,-553.17
61337575825666800,3923,4,54825,9,2020,4900.29
61337575825666800,3923,4,54825,10,2020,5049.31
61337575825666800,3923,4,54825,11,2020,8426.96
61337575825666800,3923,4,54825,12,2020,4571.38
613560614927307648,6476,6,31096,1,2020,-1750.21
613560614927307648,6476,6,31096,2,2020,-7699.25
613560614927307648,6476,6,31096,3,2020,-6872.76
613560614927307648,6476,6,31096,4,2020,-8337.77
613560614927307648,6476,6,31096,5,2020,-735.91
613560614927307648,6476,6,31096,6,2020,-1995.11
613560614927307648,6476,6,31096,7,2020,-5828.6
613560614927307648,6476,6,31096,8,2020,-345.26
613560614927307648,6476,6,31096,9,2020,10093.89
613560614927307648,6476,6,31096,10,2020,14804.82
613560614927307648,6476,6,31096,11,2020,16338.21
613560614927307648,6476,6,31096,12,2020,12273.61
613780152411097728,9905,2,36175,1,2020,1859.75
613780152411097728,9905,2,36175,2,2020,-1067.47
613780152411097728,9905,2,36175,3,2020,-837.5
613780152411097728,9905,2,36175,4,2020,371.21
613780152411097728,9905,2,36175,5,2020,-1162.99
613780152411097728,9905,2,36175,6,2020,4490.27
613780152411097728,9905,2,36175,7,2020,2741.91
613780152411097728,9905,2,36175,8,2020,2906.61
613780152411097728,9905,2,36175,9,2020,728.89
613780152411097728,9905,2,36175,10,2020,2641.32
613780152411097728,9905,2,36175,11,2020,4509.99
613780152411097728,9905,2,36175,12,2020,10722.42
615774123672984320,9997,0,54535,1,2020,-3043.44
615774123672984320,9997,0,54535,2,2020,3238.83
615774123672984320,9997,0,54535,3,2020,3053.05
615774123672984320,9997,0,54535,4,2020,8268.81
615774123672984320,9997,0,54535,5,2020,10998.27
615774123672984320,9997,0,54535,6,2020,11545.4
615774123672984320,9997,0,54535,7,2020,9921.0
615774123672984320,9997,0,54535,8,2020,13665.51
615774123672984320,9997,0,54535,9,2020,18868.46
615774123672984320,9997,0,54535,10,2020,16212.85
615774123672984320,9997,0,54535,11,2020,10037.68
615774123672984320,9997,0,54535,12,2020,6866.43
616432976795651072,3457,3,26435,1,2020,3570.17
616432976795651072,3457,3,26435,2,2020,6499.87
616432976795651072,3457,3,26435,3,2020,5451.62
616432976795651072,3457,3,26435,4,2020,3309.38
616432976795651072,3457,3,26435,5,2020,984.01
616432976795651072,3457,3,26435,6,2020,-260.63
616432976795651072,3457,3,26435,7,2020,4490.16
616432976795651072,3457,3,26435,8,2020,4126.65
616432976795651072,3457,3,26435,9,2020,-3489.15
616432976795651072,3457,3,26435,10,2020,-6597.19
616432976795651072,3457,3,26435,11,2020,-4337.89
616432976795651072,3457,3,26435,12,2020,-5539.26
616670563775819264,1469,6,34299,1,2020,-102.62
616670563775819264,1469,6,34299,2,2020,1049.58
616670563775819264,1469,6,34299,3,2020,966.28
616670563775819264,1469,6,34299,4,2020,-391.57
616670563775819264,1469,6,34299,5,2020,3272.79
616670563775819264,1469,6,34299,6,2020,581.0
616670563775819264,1469,6,34299,7,2020,911.62
616670563775819264,1469,6,34299,8,2020,2536.54
616670563775819264,1469,6,34299,9,2020,4617.61
616670563775819264,1469,6,34299,10,2020,4745.54
616670563775819264,1469,6,34299,11,2020,4559.66
616670563775819264,1469,6,34299,12,2020,3817.86
617090330164236288,6572,9,87308,1,2020,220.09
617090330164236288,6572,9,87308,2,2020,2887.82
617090330164236288,6572,9,87308,3,2020,4177.19
617090330164236288,6572,9,87308,4,2020,10308.4
617090330164236288,6572,9,87308,5,2020,9688.31
617090330164236288,6572,9,87308,6,2020,8275.32
617090330164236288,6572,9,87308,7,2020,9124.07
617090330164236288,6572,9,87308,8,2020,6589.62
617090330164236288,6572,9,87308,9,2020,6530.93
617090330164236288,6572,9,87308,10,2020,5122.13
617090330164236288,6572,9,87308,11,2020,6873.15
617090330164236288,6572,9,87308,12,2020,13651.35
61864458590284568,6460,0,94296,1,2020,1689.87
61864458590284568,6460,0,94296,2,2020,-6340.28
61864458590284568,6460,0,94296,3,2020,-3875.33
61864458590284568,6460,0,94296,4,2020,-5458.46
61864458590284568,6460,0,94296,5,2020,-3211.93
61864458590284568,6460,0,94296,6,2020,3151.0
61864458590284568,6460,0,94296,7,2020,4910.63
61864458590284568,6460,0,94296,8,2020,-5138.96
61864458590284568,6460,0,94296,9,2020,-7503.99
61864458590284568,6460,0,94296,10,2020,-14787.77
61864458590284568,6460,0,94296,11,2020,-14111.2
61864458590284568,6460,0,94296,12,2020,-4536.72
618843437576273152,5932,9,18046,1,2020,-1012.47
618843437576273152,5932,9,18046,2,2020,-1246.93
618843437576273152,5932,9,18046,3,2020,1875.52
618843437576273152,5932,9,18046,4,2020,2942.59
618843437576273152,5932,9,18046,5,2020,6975.59
618843437576273152,5932,9,18046,6,2020,7447.89
618843437576273152,5932,9,18046,7,2020,7364.22
618843437576273152,5932,9,18046,8,2020,7333.68
618843437576273152,5932,9,18046,9,2020,12625.46
618843437576273152,5932,9,18046,10,2020,12464.33
618843437576273152,5932,9,18046,11,2020,12148.04
618843437576273152,5932,9,18046,12,2020,11012.5
619059293044547328,5437,0,19740,1,2020,-3907.57
619059293044547328,5437,0,19740,2,2020,4436.47
619059293044547328,5437,0,19740,3,2020,9633.36
619059293044547328,5437,0,19740,4,2020,9455.82
619059293044547328,5437,0,19740,5,2020,7040.75
619059293044547328,5437,0,19740,6,2020,-1124.22
619059293044547328,5437,0,19740,7,2020,-2743.3
619059293044547328,5437,0,19740,8,2020,-4908.65
619059293044547328,5437,0,19740,9,2020,-6346.52
619059293044547328,5437,0,19740,10,2020,-5060.88
619059293044547328,5437,0,19740,11,2020,-3450.98
619059293044547328,5437,0,19740,12,2020,-4066.93
619676219067468672,4016,2,31295,1,2020,0.0
619676219067468672,4016,2,31295,2,2020,-1713.98
619676219067468672,4016,2,31295,3,2020,249.83
619676219067468672,4016,2,31295,4,2020,2050.88
619676219067468672,4016,2,31295,5,2020,2050.88
619676219067468672,4016,2,31295,6,2020,2050.88
619676219067468672,4016,2,31295,7,2020,-1114.14
619676219067468672,4016,2,31295,8,2020,-1114.14
619676219067468672,4016,2,31295,9,2020,-1114.14
619676219067468672,4016,2,31295,10,2020,-1114.14
619676219067468672,4016,2,31295,11,2020,-1114.14
619676219067468672,4016,2,31295,12,2020,-1114.14
620056188366471040,5654,9,6260,1,2020,-909.09
