49307434170331560,720,6,82716,2,2020,9449.74
49307434170331560,720,6,82716,3,2020,-1247.79
49307434170331560,720,6,82716,4,2020,-3779.33
49307434170331560,720,6,82716,5,2020,-7488.42
49307434170331560,720,6,82716,6,2020,-11319.78
49307434170331560,720,6,82716,7,2020,-3338.53
49307434170331560,720,6,82716,8,2020,-8439.15
49307434170331560,720,6,82716,9,2020,-16411.69
49307434170331560,720,6,82716,10,2020,-14173.11
49307434170331560,720,6,82716,11,2020,-8476.25
49307434170331560,720,6,82716,12,2020,-7443.55
495018283064913280,4749,1,54575,1,2020,81.83
495018283064913280,4749,1,54575,2,2020,5990.72
495018283064913280,4749,1,54575,3,2020,4403.59
495018283064913280,4749,1,54575,4,2020,8780.23
495018283064913280,4749,1,54575,5,2020,1262.27
495018283064913280,4749,1,54575,6,2020,-1200.7
495018283064913280,4749,1,54575,7,2020,-4769.02
495018283064913280,4749,1,54575,8,2020,-6825.0
495018283064913280,4749,1,54575,9,2020,-7877.24
495018283064913280,4749,1,54575,10,2020,-7423.34
495018283064913280,4749,1,54575,11,2020,-7894.17
495018283064913280,4749,1,54575,12,2020,-2236.66
495089055546256960,8042,3,71707,1,2020,567.87
495089055546256960,8042,3,71707,2,2020,-638.99
495089055546256960,8042,3,71707,3,2020,1849.97
495089055546256960,8042,3,71707,4,2020,10831.06
495089055546256960,8042,3,71707,5,2020,9688.22
495089055546256960,8042,3,71707,6,2020,9099.47
495089055546256960,8042,3,71707,7,2020,7935.92
495089055546256960,8042,3,71707,8,2020,7202.36
495089055546256960,8042,3,71707,9,2020,2749.07
495089055546256960,8042,3,71707,10,2020,3928.85
495089055546256960,8042,3,71707,11,2020,8446.82
495089055546256960,8042,3,71707,12,2020,5540.16
495357133580503360,7048,3,54738,1,2020,-763.45
495357133580503360,7048,3,54738,2,2020,2581.31
495357133580503360,7048,3,54738,3,2020,2629.32
495357133580503360,7048,3,54738,4,2020,4739.89
495357133580503360,7048,3,54738,5,2020,6609.52
495357133580503360,7048,3,54738,6,2020,8007.4
495357133580503360,7048,3,54738,7,2020,8609.44
495357133580503360,7048,3,54738,8,2020,8148.39
495357133580503360,7048,3,54738,9,2020,8497.65
495357133580503360,7048,3,54738,10,2020,8015.19
495357133580503360,7048,3,54738,11,2020,6475.38
495357133580503360,7048,3,54738,12,2020,4579.55
495972259210793280,9608,4,88454,1,2020,-221.31
495972259210793280,9608,4,88454,2,2020,-1052.84
495972259210793280,9608,4,88454,3,2020,-2048.55
495972259210793280,9608,4,88454,4,2020,318.73
495972259210793280,9608,4,88454,5,2020,-1499.03
495972259210793280,9608,4,88454,6,2020,-2151.72
495972259210793280,9608,4,88454,7,2020,3128.69
495972259210793280,9608,4,88454,8,2020,7108.54
495972259210793280,9608,4,88454,9,2020,7643.12
495972259210793280,9608,4,88454,10,2020,-1045.65
495972259210793280,9608,4,88454,11,2020,-59.39
495972259210793280,9608,4,88454,12,2020,3435.84
496433452868406400,5024,2,44604,1,2020,-4542.93
496433452868406400,5024,2,44604,2,2020,-2398.71
496433452868406400,5024,2,44604,3,2020,-2712.48
496433452868406400,5024,2,44604,4,2020,-5845.28
496433452868406400,5024,2,44604,5,2020,-1340.75
496433452868406400,5024,2,44604,6,2020,4538.62
496433452868406400,5024,2,44604,7,2020,1977.61
496433452868406400,5024,2,44604,8,2020,-2423.46
496433452868406400,5024,2,44604,9,2020,-3279.75
496433452868406400,5024,2,44604,10,2020,-3962.97
496433452868406400,5024,2,44604,11,2020,-10376.34
496433452868406400,5024,2,44604,12,2020,-13321.89
497394424512684224,8089,0,16171,1,2020,505.08
497394424512684224,8089,0,16171,2,2020,-440.68
497394424512684224,8089,0,16171,3,2020,3515.01
497394424512684224,8089,0,16171,4,2020,4201.8
497394424512684224,8089,0,16171,5,2020,-22.24
497394424512684224,8089,0,16171,6,2020,765.13
497394424512684224,8089,0,16171,7,2020,-587.67
497394424512684224,8089,0,16171,8,2020,-4970.77
497394424512684224,8089,0,16171,9,2020,-5849.0
497394424512684224,8089,0,16171,10,2020,-8729.9
497394424512684224,8089,0,16171,11,2020,-16231.16
497394424512684224,8089,0,16171,12,2020,-21151.79
498707011599497856,9880,2,39385,1,2020,-389.14
498707011599497856,9880,2,39385,2,2020,-4131.67
498707011599497856,9880,2,39385,3,2020,-709.04
498707011599497856,9880,2,39385,4,2020,5471.03
498707011599497856,9880,2,39385,5,2020,-1189.88
498707011599497856,9880,2,39385,6,2020,-1609.35
498707011599497856,9880,2,39385,7,2020,-3925.98
498707011599497856,9880,2,39385,8,2020,-5780.51
498707011599497856,9880,2,39385,9,2020,-7742.2
498707011599497856,9880,2,39385,10,2020,-11254.57
498707011599497856,9880,2,39385,11,2020,-5682.03
498707011599497856,9880,2,39385,12,2020,-4555.84
500668813715630400,7670,3,43,1,2020,-599.57
500668813715630400,7670,3,43,2,2020,1631.57
500668813715630400,7670,3,43,3,2020,3232.18
500668813715630400,7670,3,43,4,2020,872.29
500668813715630400,7670,3,43,5,2020,2120.5
500668813715630400,7670,3,43,6,2020,4954.04
500668813715630400,7670,3,43,7,2020,1408.53
500668813715630400,7670,3,43,8,2020,-3886.82
500668813715630400,7670,3,43,9,2020,-1099.81
500668813715630400,7670,3,43,10,2020,175.34
500668813715630400,7670,3,43,11,2020,3829.72
500668813715630400,7670,3,43,12,2020,6851.13
500981218246005760,6511,5,6519,1,2020,-5532.93
500981218246005760,6511,5,6519,2,2020,-611.2
500981218246005760,6511,5,6519,3,2020,3967.62
500981218246005760,6511,5,6519,4,2020,1610.07
500981218246005760,6511,5,6519,5,2020,3241.74
500981218246005760,6511,5,6519,6,2020,3370.42
500981218246005760,6511,5,6519,7,2020,303.97
500981218246005760,6511,5,6519,8,2020,-5076.22
500981218246005760,6511,5,6519,9,2020,-10140.24
500981218246005760,6511,5,6519,10,2020,-7378.24
500981218246005760,6511,5,6519,11,2020,-2469.69
500981218246005760,6511,5,6519,12,2020,-5082.93
502915210255323072,2782,0,39496,1,2020,-9595.91
502915210255323072,2782,0,39496,2,2020,-12940.81
502915210255323072,2782,0,39496,3,2020,-16506.28
502915210255323072,2782,0,39496,4,2020,-20736.79
502915210255323072,2782,0,39496,5,2020,-29252.86
502915210255323072,2782,0,39496,6,2020,-29870.49
502915210255323072,2782,0,39496,7,2020,-29348.69
502915210255323072,2782,0,39496,8,2020,-33826.96
502915210255323072,2782,0,39496,9,2020,-29284.4
502915210255323072,2782,0,39496,10,2020,-24454.69
502915210255323072,2782,0,39496,11,2020,-26788.0
502915210255323072,2782,0,39496,12,2020,-25720.12
503120746126945024,5008,1,48369,1,2020,-5067.91
503120746126945024,5008,1,48369,2,2020,-13829.25
503120746126945024,5008,1,48369,3,2020,-19618.41
503120746126945024,5008,1,48369,4,2020,-20680.99
503120746126945024,5008,1,48369,5,2020,-19326.66
503120746126945024,5008,1,48369,6,2020,-17003.53
503120746126945024,5008,1,48369,7,2020,-17906.01
503120746126945024,5008,1,48369,8,2020,-19614.03
503120746126945024,5008,1,48369,9,2020,-16747.55
503120746126945024,5008,1,48369,10,2020,-23442.11
503120746126945024,5008,1,48369,11,2020,-21200.13
503120746126945024,5008,1,48369,12,2020,-18127.34
504066436234799168,6675,3,25986,1,2020,-376.83
504066436234799168,6675,3,25986,2,2020,-3441.76
504066436234799168,6675,3,25986,3,2020,1067.62
504066436234799168,6675,3,25986,4,2020,-6008.31
504066436234799168,6675,3,25986,5,2020,-9231.91
504066436234799168,6675,3,25986,6,2020,-11277.1
504066436234799168,6675,3,25986,7,2020,-6802.29
504066436234799168,6675,3,25986,8,2020,-17789.08
504066436234799168,6675,3,25986,9,2020,-13049.09
504066436234799168,6675,3,25986,10,2020,-14328.17
504066436234799168,6675,3,25986,11,2020,-16161.01
504066436234799168,6675,3,25986,12,2020,-20810.0
505252806141210752,586,0,39885,1,2020,0.0
505252806141210752,586,0,39885,2,2020,0.0
505252806141210752,586,0,39885,3,2020,0.0
505252806141210752,586,0,39885,4,2020,0.0
505252806141210752,586,0,39885,5,2020,130.41
505252806141210752,586,0,39885,6,2020,130.41
505252806141210752,586,0,39885,7,2020,130.41
505252806141210752,586,0,39885,8,2020,1249.31
505252806141210752,586,0,39885,9,2020,1249.31
505252806141210752,586,0,39885,10,2020,1318.31
505252806141210752,586,0,39885,11,2020,1318.31
505252806141210752,586,0,39885,12,2020,1318.31
505417692999304384,3502,4,22652,1,2020,7335.02
505417692999304384,3502,4,22652,2,2020,3169.07
505417692999304384,3502,4,22652,3,2020,4993.17
505417692999304384,3502,4,22652,4,2020,4323.69
505417692999304384,3502,4,22652,5,2020,4622.94
505417692999304384,3502,4,22652,6,2020,5547.86
505417692999304384,3502,4,22652,7,2020,7894.86
505417692999304384,3502,4,22652,8,2020,7874.73
505417692999304384,3502,4,22652,9,2020,14420.97
505417692999304384,3502,4,22652,10,2020,17699.57
505417692999304384,3502,4,22652,11,2020,22387.62
505417692999304384,3502,4,22652,12,2020,23792.97
505544071731232960,1483,6,91434,1,2020,0.0
505544071731232960,1483,6,91434,2,2020,0.0
505544071731232960,1483,6,91434,3,2020,-1377.14
505544071731232960,1483,6,91434,4,2020,-1377.14
505544071731232960,1483,6,91434,5,2020,1757.45
505544071731232960,1483,6,91434,6,2020,1757.45
505544071731232960,1483,6,91434,7,2020,1757.45
505544071731232960,1483,6,91434,8,2020,1757.45
505544071731232960,1483,6,91434,9,2020,1757.45
505544071731232960,1483,6,91434,10,2020,1757.45
505544071731232960,1483,6,91434,11,2020,1757.45
505544071731232960,1483,6,91434,12,2020,1757.45
506186709467167296,6504,8,58611,1,2020,-2475.38
506186709467167296,6504,8,58611,2,2020,-3925.33
506186709467167296,6504,8,58611,3,2020,-2332.7
506186709467167296,6504,8,58611,4,2020,-4210.76
506186709467167296,6504,8,58611,5,2020,-3267.69
506186709467167296,6504,8,58611,6,2020,-3099.76
506186709467167296,6504,8,58611,7,2020,2221.18
506186709467167296,6504,8,58611,8,2020,2059.66
506186709467167296,6504,8,58611,9,2020,205.76
506186709467167296,6504,8,58611,10,2020,-1110.61
506186709467167296,6504,8,58611,11,2020,1652.82
506186709467167296,6504,8,58611,12,2020,3216.15
508409497220225152,4910,7,17446,1,2020,1822.87
508409497220225152,4910,7,17446,2,2020,167.33
508409497220225152,4910,7,17446,3,2020,3181.96
508409497220225152,4910,7,17446,4,2020,3308.0
508409497220225152,4910,7,17446,5,2020,4516.05
508409497220225152,4910,7,17446,6,2020,4278.66
508409497220225152,4910,7,17446,7,2020,5547.53
508409497220225152,4910,7,17446,8,2020,4890.12
508409497220225152,4910,7,17446,9,2020,5668.68
508409497220225152,4910,7,17446,10,2020,10679.94
508409497220225152,4910,7,17446,11,2020,10799.62
508409497220225152,4910,7,17446,12,2020,15411.5
50845708191590968,4782,4,97855,1,2020,3059.95
50845708191590968,4782,4,97855,2,2020,-178.68
50845708191590968,4782,4,97855,3,2020,355.57
50845708191590968,4782,4,97855,4,2020,3066.6
50845708191590968,4782,4,97855,5,2020,2189.5
50845708191590968,4782,4,97855,6,2020,782.03
50845708191590968,4782,4,97855,7,2020,543.76
50845708191590968,4782,4,97855,8,2020,2524.2
50845708191590968,4782,4,97855,9,2020,2006.06
50845708191590968,4782,4,97855,10,2020,3798.63
50845708191590968,4782,4,97855,11,2020,5025.46
50845708191590968,4782,4,97855,12,2020,1316.74
508472104884324224,2979,9,45808,1,2020,2832.9
508472104884324224,2979,9,45808,2,2020,4992.61
508472104884324224,2979,9,45808,3,2020,6673.99
508472104884324224,2979,9,45808,4,2020,6145.85
508472104884324224,2979,9,45808,5,2020,4292.77
508472104884324224,2979,9,45808,6,2020,8850.12
508472104884324224,2979,9,45808,7,2020,11203.09
508472104884324224,2979,9,45808,8,2020,10270.84
508472104884324224,2979,9,45808,9,2020,11347.21
508472104884324224,2979,9,45808,10,2020,7775.14
