2474006587302687744,7995,0,46869,12,2020,-6143.79
2474401469558791168,5657,1,55714,1,2020,3813.46
2474401469558791168,5657,1,55714,2,2020,1229.09
2474401469558791168,5657,1,55714,3,2020,-3472.97
2474401469558791168,5657,1,55714,4,2020,-5791.62
2474401469558791168,5657,1,55714,5,2020,-2823.76
2474401469558791168,5657,1,55714,6,2020,-1912.74
2474401469558791168,5657,1,55714,7,2020,-5710.74
2474401469558791168,5657,1,55714,8,2020,-3894.2
2474401469558791168,5657,1,55714,9,2020,-2856.15
2474401469558791168,5657,1,55714,10,2020,-2982.85
2474401469558791168,5657,1,55714,11,2020,-680.76
2474401469558791168,5657,1,55714,12,2020,1487.52
247465181245577664,6286,0,93743,1,2020,189.67
247465181245577664,6286,0,93743,2,2020,1042.02
247465181245577664,6286,0,93743,3,2020,1916.13
247465181245577664,6286,0,93743,4,2020,2811.03
247465181245577664,6286,0,93743,5,2020,5661.86
247465181245577664,6286,0,93743,6,2020,3903.89
247465181245577664,6286,0,93743,7,2020,4661.97
247465181245577664,6286,0,93743,8,2020,2307.1
247465181245577664,6286,0,93743,9,2020,5906.2
247465181245577664,6286,0,93743,10,2020,5029.13
247465181245577664,6286,0,93743,11,2020,2474.51
247465181245577664,6286,0,93743,12,2020,2077.37
247482271263894688,3839,3,58114,1,2020,5783.98
247482271263894688,3839,3,58114,2,2020,1488.27
247482271263894688,3839,3,58114,3,2020,-6495.46
247482271263894688,3839,3,58114,4,2020,-12020.44
247482271263894688,3839,3,58114,5,2020,-10480.63
247482271263894688,3839,3,58114,6,2020,-4124.85
247482271263894688,3839,3,58114,7,2020,-2616.42
247482271263894688,3839,3,58114,8,2020,-8833.59
247482271263894688,3839,3,58114,9,2020,-14278.21
247482271263894688,3839,3,58114,10,2020,-19298.63
247482271263894688,3839,3,58114,11,2020,-18510.91
247482271263894688,3839,3,58114,12,2020,-9245.67
2475730417130189312,5587,6,36800,1,2020,-38.26
2475730417130189312,5587,6,36800,2,2020,3837.58
2475730417130189312,5587,6,36800,3,2020,3777.83
2475730417130189312,5587,6,36800,4,2020,5420.21
2475730417130189312,5587,6,36800,5,2020,1841.26
2475730417130189312,5587,6,36800,6,2020,-720.13
2475730417130189312,5587,6,36800,7,2020,2335.74
2475730417130189312,5587,6,36800,8,2020,16.8
2475730417130189312,5587,6,36800,9,2020,7766.11
2475730417130189312,5587,6,36800,10,2020,6672.87
2475730417130189312,5587,6,36800,11,2020,10369.75
2475730417130189312,5587,6,36800,12,2020,12748.2
2475946014123909632,6373,9,39823,1,2020,660.55
2475946014123909632,6373,9,39823,2,2020,6586.69
2475946014123909632,6373,9,39823,3,2020,1193.58
2475946014123909632,6373,9,39823,4,2020,3333.89
2475946014123909632,6373,9,39823,5,2020,1322.15
2475946014123909632,6373,9,39823,6,2020,-3090.42
2475946014123909632,6373,9,39823,7,2020,1756.58
2475946014123909632,6373,9,39823,8,2020,117.21
2475946014123909632,6373,9,39823,9,2020,-4876.83
2475946014123909632,6373,9,39823,10,2020,-3336.58
2475946014123909632,6373,9,39823,11,2020,-12798.37
2475946014123909632,6373,9,39823,12,2020,-8308.61
2477919054002095616,7004,4,53745,1,2020,-1405.68
2477919054002095616,7004,4,53745,2,2020,-4898.68
2477919054002095616,7004,4,53745,3,2020,-8256.85
2477919054002095616,7004,4,53745,4,2020,-6781.59
2477919054002095616,7004,4,53745,5,2020,-9633.06
2477919054002095616,7004,4,53745,6,2020,-12044.11
2477919054002095616,7004,4,53745,7,2020,-8761.96
2477919054002095616,7004,4,53745,8,2020,-6654.72
2477919054002095616,7004,4,53745,9,2020,-7817.69
2477919054002095616,7004,4,53745,10,2020,-3130.62
2477919054002095616,7004,4,53745,11,2020,-1219.34
2477919054002095616,7004,4,53745,12,2020,-3012.06
2478372299468782080,4724,8,58225,1,2020,1870.43
2478372299468782080,4724,8,58225,2,2020,1870.43
2478372299468782080,4724,8,58225,3,2020,2629.4
2478372299468782080,4724,8,58225,4,2020,2629.4
2478372299468782080,4724,8,58225,5,2020,2629.4
2478372299468782080,4724,8,58225,6,2020,2629.4
2478372299468782080,4724,8,58225,7,2020,1784.86
2478372299468782080,4724,8,58225,8,2020,1920.8
2478372299468782080,4724,8,58225,9,2020,1920.8
2478372299468782080,4724,8,58225,10,2020,1920.8
2478372299468782080,4724,8,58225,11,2020,3256.84
2478372299468782080,4724,8,58225,12,2020,3256.84
2478705804897043968,7845,1,17696,1,2020,397.71
2478705804897043968,7845,1,17696,2,2020,6911.18
2478705804897043968,7845,1,17696,3,2020,899.32
2478705804897043968,7845,1,17696,4,2020,-1071.81
2478705804897043968,7845,1,17696,5,2020,-9641.21
2478705804897043968,7845,1,17696,6,2020,-10222.69
2478705804897043968,7845,1,17696,7,2020,-9199.73
2478705804897043968,7845,1,17696,8,2020,980.74
2478705804897043968,7845,1,17696,9,2020,-5550.68
2478705804897043968,7845,1,17696,10,2020,2693.65
2478705804897043968,7845,1,17696,11,2020,-943.53
2478705804897043968,7845,1,17696,12,2020,9829.38
2478720287061022208,5285,2,10098,1,2020,4275.47
2478720287061022208,5285,2,10098,2,2020,6283.35
2478720287061022208,5285,2,10098,3,2020,6390.16
2478720287061022208,5285,2,10098,4,2020,8667.24
2478720287061022208,5285,2,10098,5,2020,14095.42
2478720287061022208,5285,2,10098,6,2020,9729.31
2478720287061022208,5285,2,10098,7,2020,8937.4
2478720287061022208,5285,2,10098,8,2020,16371.88
2478720287061022208,5285,2,10098,9,2020,13377.76
2478720287061022208,5285,2,10098,10,2020,26533.42
2478720287061022208,5285,2,10098,11,2020,36345.65
2478720287061022208,5285,2,10098,12,2020,34538.23
2480186290317768192,3199,3,23916,1,2020,-3618.36
2480186290317768192,3199,3,23916,2,2020,2121.09
2480186290317768192,3199,3,23916,3,2020,3195.59
2480186290317768192,3199,3,23916,4,2020,-2454.29
2480186290317768192,3199,3,23916,5,2020,-3169.14
2480186290317768192,3199,3,23916,6,2020,-6757.28
2480186290317768192,3199,3,23916,7,2020,-525.61
2480186290317768192,3199,3,23916,8,2020,1058.09
2480186290317768192,3199,3,23916,9,2020,2234.57
2480186290317768192,3199,3,23916,10,2020,5656.26
2480186290317768192,3199,3,23916,11,2020,8240.82
2480186290317768192,3199,3,23916,12,2020,8735.34
2480873341794441216,3596,0,64855,1,2020,1244.02
2480873341794441216,3596,0,64855,2,2020,5419.98
2480873341794441216,3596,0,64855,3,2020,388.35
2480873341794441216,3596,0,64855,4,2020,4884.51
2480873341794441216,3596,0,64855,5,2020,4239.7
2480873341794441216,3596,0,64855,6,2020,5348.26
2480873341794441216,3596,0,64855,7,2020,9049.57
2480873341794441216,3596,0,64855,8,2020,8104.53
2480873341794441216,3596,0,64855,9,2020,5011.8
2480873341794441216,3596,0,64855,10,2020,3510.99
2480873341794441216,3596,0,64855,11,2020,1737.07
2480873341794441216,3596,0,64855,12,2020,-5526.27
2481007105267219456,7589,9,63042,1,2020,460.4
2481007105267219456,7589,9,63042,2,2020,-2901.84
2481007105267219456,7589,9,63042,3,2020,-5036.02
2481007105267219456,7589,9,63042,4,2020,-6112.82
2481007105267219456,7589,9,63042,5,2020,-7916.6
2481007105267219456,7589,9,63042,6,2020,-3064.15
2481007105267219456,7589,9,63042,7,2020,-9188.57
2481007105267219456,7589,9,63042,8,2020,-8804.12
2481007105267219456,7589,9,63042,9,2020,-11489.1
2481007105267219456,7589,9,63042,10,2020,-12447.87
2481007105267219456,7589,9,63042,11,2020,-11463.67
2481007105267219456,7589,9,63042,12,2020,-7646.09
2481861278853952512,8009,1,68549,1,2020,-209.47
2481861278853952512,8009,1,68549,2,2020,-2366.06
2481861278853952512,8009,1,68549,3,2020,-2081.94
2481861278853952512,8009,1,68549,4,2020,-4257.45
2481861278853952512,8009,1,68549,5,2020,-3930.94
2481861278853952512,8009,1,68549,6,2020,-10562.62
2481861278853952512,8009,1,68549,7,2020,-9331.59
2481861278853952512,8009,1,68549,8,2020,-6540.15
2481861278853952512,8009,1,68549,9,2020,-8586.76
2481861278853952512,8009,1,68549,10,2020,-9880.93
2481861278853952512,8009,1,68549,11,2020,-6243.29
2481861278853952512,8009,1,68549,12,2020,-5333.13
2482077421293471232,6910,1,60124,1,2020,1269.09
2482077421293471232,6910,1,60124,2,2020,85.4
2482077421293471232,6910,1,60124,3,2020,3103.55
2482077421293471232,6910,1,60124,4,2020,3931.73
2482077421293471232,6910,1,60124,5,2020,2935.18
2482077421293471232,6910,1,60124,6,2020,9647.5
2482077421293471232,6910,1,60124,7,2020,8777.58
2482077421293471232,6910,1,60124,8,2020,10035.0
2482077421293471232,6910,1,60124,9,2020,9319.21
2482077421293471232,6910,1,60124,10,2020,7149.46
2482077421293471232,6910,1,60124,11,2020,7573.88
2482077421293471232,6910,1,60124,12,2020,4748.2
2482240869406734848,5181,8,66416,1,2020,-1526.24
2482240869406734848,5181,8,66416,2,2020,-4726.56
2482240869406734848,5181,8,66416,3,2020,1687.34
2482240869406734848,5181,8,66416,4,2020,8811.5
2482240869406734848,5181,8,66416,5,2020,9971.1
2482240869406734848,5181,8,66416,6,2020,10701.37
2482240869406734848,5181,8,66416,7,2020,9504.6
2482240869406734848,5181,8,66416,8,2020,14793.99
2482240869406734848,5181,8,66416,9,2020,10408.77
2482240869406734848,5181,8,66416,10,2020,8447.56
2482240869406734848,5181,8,66416,11,2020,4156.39
2482240869406734848,5181,8,66416,12,2020,-3755.67
2482567403738742272,6370,4,79170,1,2020,-1280.7
2482567403738742272,6370,4,79170,2,2020,-4881.39
2482567403738742272,6370,4,79170,3,2020,-3497.11
2482567403738742272,6370,4,79170,4,2020,-7987.68
2482567403738742272,6370,4,79170,5,2020,-7016.82
2482567403738742272,6370,4,79170,6,2020,-6404.22
2482567403738742272,6370,4,79170,7,2020,-7103.32
2482567403738742272,6370,4,79170,8,2020,-8740.13
2482567403738742272,6370,4,79170,9,2020,-11002.42
2482567403738742272,6370,4,79170,10,2020,-17042.37
2482567403738742272,6370,4,79170,11,2020,-15000.15
2482567403738742272,6370,4,79170,12,2020,-16241.51
2483758828144264192,1975,0,33131,1,2020,1089.94
2483758828144264192,1975,0,33131,2,2020,4463.1
2483758828144264192,1975,0,33131,3,2020,5004.87
2483758828144264192,1975,0,33131,4,2020,7302.54
2483758828144264192,1975,0,33131,5,2020,6786.14
2483758828144264192,1975,0,33131,6,2020,5158.21
2483758828144264192,1975,0,33131,7,2020,6454.25
2483758828144264192,1975,0,33131,8,2020,11357.91
2483758828144264192,1975,0,33131,9,2020,10462.96
2483758828144264192,1975,0,33131,10,2020,6906.35
2483758828144264192,1975,0,33131,11,2020,8864.99
2483758828144264192,1975,0,33131,12,2020,13802.28
2487467222957680640,881,3,71189,1,2020,-765.23
2487467222957680640,881,3,71189,2,2020,-3375.69
2487467222957680640,881,3,71189,3,2020,-6320.73
2487467222957680640,881,3,71189,4,2020,-6192.45
2487467222957680640,881,3,71189,5,2020,-7332.38
2487467222957680640,881,3,71189,6,2020,-5545.04
2487467222957680640,881,3,71189,7,2020,-6687.23
2487467222957680640,881,3,71189,8,2020,-7382.29
2487467222957680640,881,3,71189,9,2020,-9342.07
2487467222957680640,881,3,71189,10,2020,-4181.24
2487467222957680640,881,3,71189,11,2020,-7222.92
2487467222957680640,881,3,71189,12,2020,-9637.46
248747515350902368,1370,1,74871,1,2020,6203.84
248747515350902368,1370,1,74871,2,2020,4202.34
248747515350902368,1370,1,74871,3,2020,3134.4
248747515350902368,1370,1,74871,4,2020,1964.7
248747515350902368,1370,1,74871,5,2020,6352.26
248747515350902368,1370,1,74871,6,2020,7209.26
248747515350902368,1370,1,74871,7,2020,65.85
248747515350902368,1370,1,74871,8,2020,-2042.54
248747515350902368,1370,1,74871,9,2020,-5031.07
248747515350902368,1370,1,74871,10,2020,-10806.8
248747515350902368,1370,1,74871,11,2020,-15235.64
248747515350902368,1370,1,74871,12,2020,-11585.7
2487524826916933120,2722,5,2883,1,2020,-1173.1
2487524826916933120,2722,5,2883,2,2020,-1051.99
2487524826916933120,2722,5,2883,3,2020,-1051.99
2487524826916933120,2722,5,2883,4,2020,-6825.64
2487524826916933120,2722,5,2883,5,2020,-7607.33
2487524826916933120,2722,5,2883,6,2020,-7607.33
2487524826916933120,2722,5,2883,7,2020,-4840.49
2487524826916933120,2722,5,2883,8,2020,-5812.54
2487524826916933120,2722,5,2883,9,2020,-6426.0
2487524826916933120,2722,5,2883,10,2020,-7874.76
2487524826916933120,2722,5,2883,11,2020,-6653.59
2487524826916933120,2722,5,2883,12,2020,-5346.56
2487731668578069504,8189,8,13878,1,2020,-5329.12
2487731668578069504,8189,8,13878,2,2020,-2615.59
