809265085214191232,4867,4,12935,8,2020,-25503.17
809265085214191232,4867,4,12935,9,2020,-28372.05
809265085214191232,4867,4,12935,10,2020,-24014.64
809265085214191232,4867,4,12935,11,2020,-22464.48
809265085214191232,4867,4,12935,12,2020,-20541.9
810376401983708672,1605,6,16244,1,2020,-944.59
810376401983708672,1605,6,16244,2,2020,-699.19
810376401983708672,1605,6,16244,3,2020,-2596.94
810376401983708672,1605,6,16244,4,2020,-849.69
810376401983708672,1605,6,16244,5,2020,-4066.93
810376401983708672,1605,6,16244,6,2020,1346.91
810376401983708672,1605,6,16244,7,2020,1530.62
810376401983708672,1605,6,16244,8,2020,915.84
810376401983708672,1605,6,16244,9,2020,1370.48
810376401983708672,1605,6,16244,10,2020,1281.46
810376401983708672,1605,6,16244,11,2020,1093.46
810376401983708672,1605,6,16244,12,2020,2897.21
810591653002068864,8752,3,86097,1,2020,3380.58
810591653002068864,8752,3,86097,2,2020,4095.52
810591653002068864,8752,3,86097,3,2020,1569.07
810591653002068864,8752,3,86097,4,2020,4064.22
810591653002068864,8752,3,86097,5,2020,5673.39
810591653002068864,8752,3,86097,6,2020,2709.62
810591653002068864,8752,3,86097,7,2020,-357.39
810591653002068864,8752,3,86097,8,2020,1783.39
810591653002068864,8752,3,86097,9,2020,4995.39
810591653002068864,8752,3,86097,10,2020,4455.45
810591653002068864,8752,3,86097,11,2020,740.33
810591653002068864,8752,3,86097,12,2020,3051.64
811254662953508096,1146,5,30610,1,2020,2706.19
811254662953508096,1146,5,30610,2,2020,2764.97
811254662953508096,1146,5,30610,3,2020,1946.59
811254662953508096,1146,5,30610,4,2020,756.18
811254662953508096,1146,5,30610,5,2020,3076.91
811254662953508096,1146,5,30610,6,2020,2392.86
811254662953508096,1146,5,30610,7,2020,5997.8
811254662953508096,1146,5,30610,8,2020,9460.07
811254662953508096,1146,5,30610,9,2020,4798.06
811254662953508096,1146,5,30610,10,2020,4752.71
811254662953508096,1146,5,30610,11,2020,6109.33
811254662953508096,1146,5,30610,12,2020,7759.19
812335774122482560,5703,4,65672,1,2020,0.0
812335774122482560,5703,4,65672,2,2020,1908.97
812335774122482560,5703,4,65672,3,2020,1246.28
812335774122482560,5703,4,65672,4,2020,782.13
812335774122482560,5703,4,65672,5,2020,-741.18
812335774122482560,5703,4,65672,6,2020,-741.18
812335774122482560,5703,4,65672,7,2020,430.17
812335774122482560,5703,4,65672,8,2020,1374.65
812335774122482560,5703,4,65672,9,2020,4190.95
812335774122482560,5703,4,65672,10,2020,4190.95
812335774122482560,5703,4,65672,11,2020,986.4
812335774122482560,5703,4,65672,12,2020,986.4
812858695838049408,1100,8,5996,1,2020,1933.3
812858695838049408,1100,8,5996,2,2020,1933.3
812858695838049408,1100,8,5996,3,2020,1933.3
812858695838049408,1100,8,5996,4,2020,704.46
812858695838049408,1100,8,5996,5,2020,704.46
812858695838049408,1100,8,5996,6,2020,1624.88
812858695838049408,1100,8,5996,7,2020,649.69
812858695838049408,1100,8,5996,8,2020,-716.4
812858695838049408,1100,8,5996,9,2020,-716.4
812858695838049408,1100,8,5996,10,2020,-716.4
812858695838049408,1100,8,5996,11,2020,-716.4
812858695838049408,1100,8,5996,12,2020,619.68
814267770380684800,9352,1,33292,1,2020,0.0
814267770380684800,9352,1,33292,2,2020,0.0
814267770380684800,9352,1,33292,3,2020,0.0
814267770380684800,9352,1,33292,4,2020,1675.28
814267770380684800,9352,1,33292,5,2020,1675.28
814267770380684800,9352,1,33292,6,2020,1273.46
814267770380684800,9352,1,33292,7,2020,112.98
814267770380684800,9352,1,33292,8,2020,112.98
814267770380684800,9352,1,33292,9,2020,112.98
814267770380684800,9352,1,33292,10,2020,112.98
814267770380684800,9352,1,33292,11,2020,112.98
814267770380684800,9352,1,33292,12,2020,112.98
814542022729201408,9561,9,18127,1,2020,0.0
814542022729201408,9561,9,18127,2,2020,2486.74
814542022729201408,9561,9,18127,3,2020,1149.08
814542022729201408,9561,9,18127,4,2020,2345.95
814542022729201408,9561,9,18127,5,2020,1658.19
814542022729201408,9561,9,18127,6,2020,1658.19
814542022729201408,9561,9,18127,7,2020,1658.19
814542022729201408,9561,9,18127,8,2020,5662.91
814542022729201408,9561,9,18127,9,2020,5662.91
814542022729201408,9561,9,18127,10,2020,5662.91
814542022729201408,9561,9,18127,11,2020,7413.76
814542022729201408,9561,9,18127,12,2020,7413.76
817237184265784448,7272,3,83146,1,2020,277.48
817237184265784448,7272,3,83146,2,2020,93.65
817237184265784448,7272,3,83146,3,2020,3356.62
817237184265784448,7272,3,83146,4,2020,2852.04
817237184265784448,7272,3,83146,5,2020,-628.59
817237184265784448,7272,3,83146,6,2020,2852.11
817237184265784448,7272,3,83146,7,2020,3808.94
817237184265784448,7272,3,83146,8,2020,1235.84
817237184265784448,7272,3,83146,9,2020,-2540.27
817237184265784448,7272,3,83146,10,2020,-3472.94
817237184265784448,7272,3,83146,11,2020,-4797.82
817237184265784448,7272,3,83146,12,2020,-3261.62
81726080963701360,5510,3,48038,1,2020,-2935.03
81726080963701360,5510,3,48038,2,2020,-630.08
81726080963701360,5510,3,48038,3,2020,1390.4
81726080963701360,5510,3,48038,4,2020,-3258.95
81726080963701360,5510,3,48038,5,2020,-5970.4
81726080963701360,5510,3,48038,6,2020,101.27
81726080963701360,5510,3,48038,7,2020,62.35
81726080963701360,5510,3,48038,8,2020,2103.63
81726080963701360,5510,3,48038,9,2020,2599.3
81726080963701360,5510,3,48038,10,2020,6652.85
81726080963701360,5510,3,48038,11,2020,5158.53
81726080963701360,5510,3,48038,12,2020,636.92
817284815175444992,164,8,94644,1,2020,-1510.27
817284815175444992,164,8,94644,2,2020,-786.35
817284815175444992,164,8,94644,3,2020,-122.68
817284815175444992,164,8,94644,4,2020,630.08
817284815175444992,164,8,94644,5,2020,3722.68
817284815175444992,164,8,94644,6,2020,4116.86
817284815175444992,164,8,94644,7,2020,3916.63
817284815175444992,164,8,94644,8,2020,3564.29
817284815175444992,164,8,94644,9,2020,3769.5
817284815175444992,164,8,94644,10,2020,5673.75
817284815175444992,164,8,94644,11,2020,7656.67
817284815175444992,164,8,94644,12,2020,6687.11
817759855268692736,5042,8,93340,1,2020,-283.28
817759855268692736,5042,8,93340,2,2020,-5519.22
817759855268692736,5042,8,93340,3,2020,-786.94
817759855268692736,5042,8,93340,4,2020,-8712.1
817759855268692736,5042,8,93340,5,2020,-9991.86
817759855268692736,5042,8,93340,6,2020,-11308.49
817759855268692736,5042,8,93340,7,2020,-15332.37
817759855268692736,5042,8,93340,8,2020,-23736.0
817759855268692736,5042,8,93340,9,2020,-18642.11
817759855268692736,5042,8,93340,10,2020,-19948.27
817759855268692736,5042,8,93340,11,2020,-15041.6
817759855268692736,5042,8,93340,12,2020,-17093.35
818751506247356928,558,2,59217,1,2020,0.0
818751506247356928,558,2,59217,2,2020,1536.19
818751506247356928,558,2,59217,3,2020,-1548.51
818751506247356928,558,2,59217,4,2020,-1935.48
818751506247356928,558,2,59217,5,2020,-371.92
818751506247356928,558,2,59217,6,2020,-371.92
818751506247356928,558,2,59217,7,2020,45.24
818751506247356928,558,2,59217,8,2020,45.24
818751506247356928,558,2,59217,9,2020,45.24
818751506247356928,558,2,59217,10,2020,7.21
818751506247356928,558,2,59217,11,2020,7.21
818751506247356928,558,2,59217,12,2020,-3609.13
820063086775679104,2904,9,1211,1,2020,1311.84
820063086775679104,2904,9,1211,2,2020,-3591.65
820063086775679104,2904,9,1211,3,2020,1642.89
820063086775679104,2904,9,1211,4,2020,2879.26
820063086775679104,2904,9,1211,5,2020,-1354.4
820063086775679104,2904,9,1211,6,2020,-620.71
820063086775679104,2904,9,1211,7,2020,-1787.69
820063086775679104,2904,9,1211,8,2020,-4611.09
820063086775679104,2904,9,1211,9,2020,-3261.66
820063086775679104,2904,9,1211,10,2020,-2081.75
820063086775679104,2904,9,1211,11,2020,2362.13
820063086775679104,2904,9,1211,12,2020,1985.85
822182566504342656,8239,0,47338,1,2020,1505.05
822182566504342656,8239,0,47338,2,2020,1410.39
822182566504342656,8239,0,47338,3,2020,1595.4
822182566504342656,8239,0,47338,4,2020,1595.4
822182566504342656,8239,0,47338,5,2020,1595.4
822182566504342656,8239,0,47338,6,2020,3015.69
822182566504342656,8239,0,47338,7,2020,3015.69
822182566504342656,8239,0,47338,8,2020,5353.88
822182566504342656,8239,0,47338,9,2020,7074.7
822182566504342656,8239,0,47338,10,2020,5332.48
822182566504342656,8239,0,47338,11,2020,4581.22
822182566504342656,8239,0,47338,12,2020,2809.66
822451288466786048,6479,6,32687,1,2020,1306.62
822451288466786048,6479,6,32687,2,2020,3309.73
822451288466786048,6479,6,32687,3,2020,5875.25
822451288466786048,6479,6,32687,4,2020,6094.89
822451288466786048,6479,6,32687,5,2020,10728.17
822451288466786048,6479,6,32687,6,2020,12617.3
822451288466786048,6479,6,32687,7,2020,9387.11
822451288466786048,6479,6,32687,8,2020,13796.83
822451288466786048,6479,6,32687,9,2020,21253.34
822451288466786048,6479,6,32687,10,2020,25442.35
822451288466786048,6479,6,32687,11,2020,23317.19
822451288466786048,6479,6,32687,12,2020,23016.29
822825806885579520,5953,3,28514,1,2020,628.02
822825806885579520,5953,3,28514,2,2020,628.02
822825806885579520,5953,3,28514,3,2020,-295.77
822825806885579520,5953,3,28514,4,2020,-1617.49
822825806885579520,5953,3,28514,5,2020,-1617.49
822825806885579520,5953,3,28514,6,2020,-2083.68
822825806885579520,5953,3,28514,7,2020,-2083.68
822825806885579520,5953,3,28514,8,2020,-3072.71
822825806885579520,5953,3,28514,9,2020,-3072.71
822825806885579520,5953,3,28514,10,2020,-1973.24
822825806885579520,5953,3,28514,11,2020,-1973.24
822825806885579520,5953,3,28514,12,2020,-1973.24
823091791899143680,4136,7,44918,1,2020,-9219.07
823091791899143680,4136,7,44918,2,2020,-12619.73
823091791899143680,4136,7,44918,3,2020,-19258.37
823091791899143680,4136,7,44918,4,2020,-25993.64
823091791899143680,4136,7,44918,5,2020,-23436.61
823091791899143680,4136,7,44918,6,2020,-19704.71
823091791899143680,4136,7,44918,7,2020,-18156.67
823091791899143680,4136,7,44918,8,2020,-15864.14
823091791899143680,4136,7,44918,9,2020,-11758.78
823091791899143680,4136,7,44918,10,2020,-13289.35
823091791899143680,4136,7,44918,11,2020,-5083.68
823091791899143680,4136,7,44918,12,2020,-493.04
823876801617850496,662,3,93226,1,2020,2560.28
823876801617850496,662,3,93226,2,2020,540.92
823876801617850496,662,3,93226,3,2020,237.6
823876801617850496,662,3,93226,4,2020,4090.53
823876801617850496,662,3,93226,5,2020,1616.4
823876801617850496,662,3,93226,6,2020,-1102.25
823876801617850496,662,3,93226,7,2020,-1419.35
823876801617850496,662,3,93226,8,2020,-3473.38
823876801617850496,662,3,93226,9,2020,-3390.17
823876801617850496,662,3,93226,10,2020,2007.65
823876801617850496,662,3,93226,11,2020,924.07
823876801617850496,662,3,93226,12,2020,369.3
824451297266537728,7821,2,16394,1,2020,-1894.26
824451297266537728,7821,2,16394,2,2020,-1225.46
824451297266537728,7821,2,16394,3,2020,-947.71
824451297266537728,7821,2,16394,4,2020,960.93
824451297266537728,7821,2,16394,5,2020,-139.39
824451297266537728,7821,2,16394,6,2020,1217.93
824451297266537728,7821,2,16394,7,2020,240.31
824451297266537728,7821,2,16394,8,2020,-1281.88
824451297266537728,7821,2,16394,9,2020,-482.26
824451297266537728,7821,2,16394,10,2020,285.41
824451297266537728,7821,2,16394,11,2020,2963.27
824451297266537728,7821,2,16394,12,2020,-1009.69
824620842039930240,5529,1,5066,1,2020,-503.4
824620842039930240,5529,1,5066,2,2020,-1603.77
824620842039930240,5529,1,5066,3,2020,-3301.05
824620842039930240,5529,1,5066,4,2020,-5266.62
824620842039930240,5529,1,5066,5,2020,-4248.18
824620842039930240,5529,1,5066,6,2020,-6300.53
824620842039930240,5529,1,5066,7,2020,-6640.5
