3241172352076543488,5532,1,51952,7,2020,8704.77
3241172352076543488,5532,1,51952,8,2020,5585.48
3241172352076543488,5532,1,51952,9,2020,3339.51
3241172352076543488,5532,1,51952,10,2020,4490.37
3241172352076543488,5532,1,51952,11,2020,8504.25
3241172352076543488,5532,1,51952,12,2020,6331.96
3241376146768708608,1346,5,83584,1,2020,-2070.49
3241376146768708608,1346,5,83584,2,2020,-5305.73
3241376146768708608,1346,5,83584,3,2020,-594.87
3241376146768708608,1346,5,83584,4,2020,-2789.02
3241376146768708608,1346,5,83584,5,2020,375.07
3241376146768708608,1346,5,83584,6,2020,2035.24
3241376146768708608,1346,5,83584,7,2020,1762.0
3241376146768708608,1346,5,83584,8,2020,15010.14
3241376146768708608,1346,5,83584,9,2020,15810.0
3241376146768708608,1346,5,83584,10,2020,5315.07
3241376146768708608,1346,5,83584,11,2020,4856.63
3241376146768708608,1346,5,83584,12,2020,-931.06
3241397693964628480,425,0,75488,1,2020,-1804.53
3241397693964628480,425,0,75488,2,2020,-3285.69
3241397693964628480,425,0,75488,3,2020,-4695.44
3241397693964628480,425,0,75488,4,2020,-4960.33
3241397693964628480,425,0,75488,5,2020,-5161.08
3241397693964628480,425,0,75488,6,2020,-5804.87
3241397693964628480,425,0,75488,7,2020,-7564.11
3241397693964628480,425,0,75488,8,2020,-5453.98
3241397693964628480,425,0,75488,9,2020,-5805.52
3241397693964628480,425,0,75488,10,2020,-5988.43
3241397693964628480,425,0,75488,11,2020,-7526.88
3241397693964628480,425,0,75488,12,2020,-8254.0
3241695893665923072,4447,4,4795,1,2020,6108.49
3241695893665923072,4447,4,4795,2,2020,6751.49
3241695893665923072,4447,4,4795,3,2020,6406.5
3241695893665923072,4447,4,4795,4,2020,-3750.61
3241695893665923072,4447,4,4795,5,2020,-5671.96
3241695893665923072,4447,4,4795,6,2020,-6340.88
3241695893665923072,4447,4,4795,7,2020,-11571.03
3241695893665923072,4447,4,4795,8,2020,-10080.85
3241695893665923072,4447,4,4795,9,2020,-11052.99
3241695893665923072,4447,4,4795,10,2020,-12739.52
3241695893665923072,4447,4,4795,11,2020,-6856.14
3241695893665923072,4447,4,4795,12,2020,-8967.91
3241699666339947520,9002,3,12001,1,2020,0.0
3241699666339947520,9002,3,12001,2,2020,1755.72
3241699666339947520,9002,3,12001,3,2020,1755.72
3241699666339947520,9002,3,12001,4,2020,1755.72
3241699666339947520,9002,3,12001,5,2020,1755.72
3241699666339947520,9002,3,12001,6,2020,1118.37
3241699666339947520,9002,3,12001,7,2020,1118.37
3241699666339947520,9002,3,12001,8,2020,1118.37
3241699666339947520,9002,3,12001,9,2020,3421.28
3241699666339947520,9002,3,12001,10,2020,2049.18
3241699666339947520,9002,3,12001,11,2020,2049.18
3241699666339947520,9002,3,12001,12,2020,2049.18
3241794631291975168,7254,8,65477,1,2020,2173.68
3241794631291975168,7254,8,65477,2,2020,6635.02
3241794631291975168,7254,8,65477,3,2020,11450.72
3241794631291975168,7254,8,65477,4,2020,9600.66
3241794631291975168,7254,8,65477,5,2020,7080.06
3241794631291975168,7254,8,65477,6,2020,4244.22
3241794631291975168,7254,8,65477,7,2020,7414.08
3241794631291975168,7254,8,65477,8,2020,13236.85
3241794631291975168,7254,8,65477,9,2020,17663.83
3241794631291975168,7254,8,65477,10,2020,8401.04
3241794631291975168,7254,8,65477,11,2020,7107.6
3241794631291975168,7254,8,65477,12,2020,3274.99
3241858138517946368,1165,8,68475,1,2020,-1629.45
3241858138517946368,1165,8,68475,2,2020,-7826.54
3241858138517946368,1165,8,68475,3,2020,-14155.97
3241858138517946368,1165,8,68475,4,2020,-11870.91
3241858138517946368,1165,8,68475,5,2020,-12048.76
3241858138517946368,1165,8,68475,6,2020,-9261.76
3241858138517946368,1165,8,68475,7,2020,-6087.25
3241858138517946368,1165,8,68475,8,2020,-16772.03
3241858138517946368,1165,8,68475,9,2020,-14759.76
3241858138517946368,1165,8,68475,10,2020,-19918.82
3241858138517946368,1165,8,68475,11,2020,-19271.56
3241858138517946368,1165,8,68475,12,2020,-16864.63
3241979217776357376,3363,6,66620,1,2020,0.0
3241979217776357376,3363,6,66620,2,2020,0.0
3241979217776357376,3363,6,66620,3,2020,0.0
3241979217776357376,3363,6,66620,4,2020,0.0
3241979217776357376,3363,6,66620,5,2020,0.0
3241979217776357376,3363,6,66620,6,2020,0.0
3241979217776357376,3363,6,66620,7,2020,0.0
3241979217776357376,3363,6,66620,8,2020,0.0
3241979217776357376,3363,6,66620,9,2020,-902.96
3241979217776357376,3363,6,66620,10,2020,-902.96
3241979217776357376,3363,6,66620,11,2020,-15.54
3241979217776357376,3363,6,66620,12,2020,1228.51
3242078054869985280,7188,9,79271,1,2020,-3864.54
3242078054869985280,7188,9,79271,2,2020,-3225.66
3242078054869985280,7188,9,79271,3,2020,-5161.51
3242078054869985280,7188,9,79271,4,2020,-4523.0
3242078054869985280,7188,9,79271,5,2020,-12282.44
3242078054869985280,7188,9,79271,6,2020,-17000.74
3242078054869985280,7188,9,79271,7,2020,-18230.34
3242078054869985280,7188,9,79271,8,2020,-19851.84
3242078054869985280,7188,9,79271,9,2020,-20616.92
3242078054869985280,7188,9,79271,10,2020,-21171.88
3242078054869985280,7188,9,79271,11,2020,-23523.82
3242078054869985280,7188,9,79271,12,2020,-26219.44
3242680800406454272,8111,9,33096,1,2020,6709.77
3242680800406454272,8111,9,33096,2,2020,804.1
3242680800406454272,8111,9,33096,3,2020,3565.84
3242680800406454272,8111,9,33096,4,2020,1472.55
3242680800406454272,8111,9,33096,5,2020,-2421.65
3242680800406454272,8111,9,33096,6,2020,-1540.54
3242680800406454272,8111,9,33096,7,2020,-12739.83
3242680800406454272,8111,9,33096,8,2020,-16534.67
3242680800406454272,8111,9,33096,9,2020,-17016.07
3242680800406454272,8111,9,33096,10,2020,-12180.14
3242680800406454272,8111,9,33096,11,2020,-11092.46
3242680800406454272,8111,9,33096,12,2020,-11615.46
3243071767412851712,7472,0,1974,1,2020,235.0
3243071767412851712,7472,0,1974,2,2020,-3716.35
3243071767412851712,7472,0,1974,3,2020,-8290.36
3243071767412851712,7472,0,1974,4,2020,-6824.32
3243071767412851712,7472,0,1974,5,2020,-7401.95
3243071767412851712,7472,0,1974,6,2020,-10462.83
3243071767412851712,7472,0,1974,7,2020,-11601.85
3243071767412851712,7472,0,1974,8,2020,-12256.44
3243071767412851712,7472,0,1974,9,2020,-14873.27
3243071767412851712,7472,0,1974,10,2020,-14435.31
3243071767412851712,7472,0,1974,11,2020,-15752.75
3243071767412851712,7472,0,1974,12,2020,-13531.68
3243279304800508928,2316,6,33299,1,2020,-32.31
3243279304800508928,2316,6,33299,2,2020,-2803.99
3243279304800508928,2316,6,33299,3,2020,-5016.72
3243279304800508928,2316,6,33299,4,2020,-6647.65
3243279304800508928,2316,6,33299,5,2020,-9490.32
3243279304800508928,2316,6,33299,6,2020,-13562.21
3243279304800508928,2316,6,33299,7,2020,-9161.02
3243279304800508928,2316,6,33299,8,2020,-3561.18
3243279304800508928,2316,6,33299,9,2020,-4393.13
3243279304800508928,2316,6,33299,10,2020,-5503.23
3243279304800508928,2316,6,33299,11,2020,-4098.81
3243279304800508928,2316,6,33299,12,2020,-6295.88
3244685360671342592,697,5,13477,1,2020,11240.03
3244685360671342592,697,5,13477,2,2020,16975.13
3244685360671342592,697,5,13477,3,2020,15604.4
3244685360671342592,697,5,13477,4,2020,11899.45
3244685360671342592,697,5,13477,5,2020,18382.7
3244685360671342592,697,5,13477,6,2020,16380.18
3244685360671342592,697,5,13477,7,2020,14020.3
3244685360671342592,697,5,13477,8,2020,22868.47
3244685360671342592,697,5,13477,9,2020,32489.6
3244685360671342592,697,5,13477,10,2020,26316.84
3244685360671342592,697,5,13477,11,2020,27070.12
3244685360671342592,697,5,13477,12,2020,32667.43
3244972026605579264,9070,0,6162,1,2020,-6767.41
3244972026605579264,9070,0,6162,2,2020,3919.44
3244972026605579264,9070,0,6162,3,2020,-4514.31
3244972026605579264,9070,0,6162,4,2020,-10508.41
3244972026605579264,9070,0,6162,5,2020,-9552.96
3244972026605579264,9070,0,6162,6,2020,-1760.76
3244972026605579264,9070,0,6162,7,2020,-4539.97
3244972026605579264,9070,0,6162,8,2020,-3404.62
3244972026605579264,9070,0,6162,9,2020,-11.22
3244972026605579264,9070,0,6162,10,2020,11555.52
3244972026605579264,9070,0,6162,11,2020,12590.94
3244972026605579264,9070,0,6162,12,2020,9394.16
3245046693249771520,6587,9,24909,1,2020,1815.31
3245046693249771520,6587,9,24909,2,2020,1976.44
3245046693249771520,6587,9,24909,3,2020,2438.47
3245046693249771520,6587,9,24909,4,2020,425.17
3245046693249771520,6587,9,24909,5,2020,-5390.66
3245046693249771520,6587,9,24909,6,2020,-6540.18
3245046693249771520,6587,9,24909,7,2020,-7580.67
3245046693249771520,6587,9,24909,8,2020,-7701.19
3245046693249771520,6587,9,24909,9,2020,-5010.81
3245046693249771520,6587,9,24909,10,2020,-3703.37
3245046693249771520,6587,9,24909,11,2020,-523.2
3245046693249771520,6587,9,24909,12,2020,-1997.28
3245519876674842112,92,0,2061,1,2020,-113.58
3245519876674842112,92,0,2061,2,2020,-113.58
3245519876674842112,92,0,2061,3,2020,-113.58
3245519876674842112,92,0,2061,4,2020,-58.18
3245519876674842112,92,0,2061,5,2020,-58.18
3245519876674842112,92,0,2061,6,2020,-58.18
3245519876674842112,92,0,2061,7,2020,-1004.4
3245519876674842112,92,0,2061,8,2020,584.16
3245519876674842112,92,0,2061,9,2020,-187.83
3245519876674842112,92,0,2061,10,2020,-838.65
3245519876674842112,92,0,2061,11,2020,-838.65
3245519876674842112,92,0,2061,12,2020,-974.01
3246669904554489856,3258,6,54072,1,2020,3056.82
3246669904554489856,3258,6,54072,2,2020,-1215.79
3246669904554489856,3258,6,54072,3,2020,27.28
3246669904554489856,3258,6,54072,4,2020,-1287.88
3246669904554489856,3258,6,54072,5,2020,-2053.42
3246669904554489856,3258,6,54072,6,2020,3154.58
3246669904554489856,3258,6,54072,7,2020,3025.47
3246669904554489856,3258,6,54072,8,2020,1083.6
3246669904554489856,3258,6,54072,9,2020,-874.3
3246669904554489856,3258,6,54072,10,2020,7476.9
3246669904554489856,3258,6,54072,11,2020,859.83
3246669904554489856,3258,6,54072,12,2020,2972.79
3247829161246061056,7497,8,88704,1,2020,-2915.11
3247829161246061056,7497,8,88704,2,2020,-2598.63
3247829161246061056,7497,8,88704,3,2020,-6790.29
3247829161246061056,7497,8,88704,4,2020,-5557.15
3247829161246061056,7497,8,88704,5,2020,-7291.37
3247829161246061056,7497,8,88704,6,2020,-5293.08
3247829161246061056,7497,8,88704,7,2020,-4949.07
3247829161246061056,7497,8,88704,8,2020,-2576.89
3247829161246061056,7497,8,88704,9,2020,-1947.44
3247829161246061056,7497,8,88704,10,2020,-5738.42
3247829161246061056,7497,8,88704,11,2020,-7844.5
3247829161246061056,7497,8,88704,12,2020,-8946.24
3248108822834569728,1289,2,89281,1,2020,498.87
3248108822834569728,1289,2,89281,2,2020,4212.04
3248108822834569728,1289,2,89281,3,2020,5487.66
3248108822834569728,1289,2,89281,4,2020,5643.81
3248108822834569728,1289,2,89281,5,2020,7211.73
3248108822834569728,1289,2,89281,6,2020,15195.98
3248108822834569728,1289,2,89281,7,2020,7154.79
3248108822834569728,1289,2,89281,8,2020,13494.12
3248108822834569728,1289,2,89281,9,2020,14430.46
3248108822834569728,1289,2,89281,10,2020,17485.04
3248108822834569728,1289,2,89281,11,2020,19363.42
3248108822834569728,1289,2,89281,12,2020,17609.64
3249683341258714112,3694,2,78702,1,2020,3656.5
3249683341258714112,3694,2,78702,2,2020,5247.76
3249683341258714112,3694,2,78702,3,2020,2547.75
3249683341258714112,3694,2,78702,4,2020,5880.92
3249683341258714112,3694,2,78702,5,2020,6225.42
3249683341258714112,3694,2,78702,6,2020,2838.52
3249683341258714112,3694,2,78702,7,2020,2420.84
3249683341258714112,3694,2,78702,8,2020,43.26
3249683341258714112,3694,2,78702,9,2020,4171.31
3249683341258714112,3694,2,78702,10,2020,3727.37
3249683341258714112,3694,2,78702,11,2020,5599.72
3249683341258714112,3694,2,78702,12,2020,8699.5
3250447520863732736,4089,2,67343,1,2020,-46.86
3250447520863732736,4089,2,67343,2,2020,-256.73
3250447520863732736,4089,2,67343,3,2020,-2700.35
3250447520863732736,4089,2,67343,4,2020,-4739.5
3250447520863732736,4089,2,67343,5,2020,-5232.41
3250447520863732736,4089,2,67343,6,2020,-6771.33
3250447520863732736,4089,2,67343,7,2020,-2996.4
