2651528631017120768,9689,2,29961,5,2020,-2243.32
2651528631017120768,9689,2,29961,6,2020,3530.28
2651528631017120768,9689,2,29961,7,2020,2351.7
2651528631017120768,9689,2,29961,8,2020,-316.37
2651528631017120768,9689,2,29961,9,2020,2833.49
2651528631017120768,9689,2,29961,10,2020,-2183.5
2651528631017120768,9689,2,29961,11,2020,-8931.27
2651528631017120768,9689,2,29961,12,2020,-3885.43
2652229259915991040,508,5,56207,1,2020,199.41
2652229259915991040,508,5,56207,2,2020,130.78
2652229259915991040,508,5,56207,3,2020,2171.45
2652229259915991040,508,5,56207,4,2020,5112.8
2652229259915991040,508,5,56207,5,2020,7533.91
2652229259915991040,508,5,56207,6,2020,9374.98
2652229259915991040,508,5,56207,7,2020,10856.34
2652229259915991040,508,5,56207,8,2020,10218.9
2652229259915991040,508,5,56207,9,2020,6656.16
2652229259915991040,508,5,56207,10,2020,7190.85
2652229259915991040,508,5,56207,11,2020,10925.4
2652229259915991040,508,5,56207,12,2020,12562.18
2652877647116973056,2884,4,92188,1,2020,-2329.82
2652877647116973056,2884,4,92188,2,2020,1011.48
2652877647116973056,2884,4,92188,3,2020,4797.12
2652877647116973056,2884,4,92188,4,2020,-8482.66
2652877647116973056,2884,4,92188,5,2020,-17213.09
2652877647116973056,2884,4,92188,6,2020,-15297.47
2652877647116973056,2884,4,92188,7,2020,-19270.98
2652877647116973056,2884,4,92188,8,2020,-16613.01
2652877647116973056,2884,4,92188,9,2020,-17256.74
2652877647116973056,2884,4,92188,10,2020,-19303.41
2652877647116973056,2884,4,92188,11,2020,-16566.93
2652877647116973056,2884,4,92188,12,2020,-20097.03
2653840381989955584,2419,7,41250,1,2020,-1509.47
2653840381989955584,2419,7,41250,2,2020,4368.48
2653840381989955584,2419,7,41250,3,2020,2659.34
2653840381989955584,2419,7,41250,4,2020,9413.2
2653840381989955584,2419,7,41250,5,2020,9868.66
2653840381989955584,2419,7,41250,6,2020,9521.75
2653840381989955584,2419,7,41250,7,2020,6474.1
2653840381989955584,2419,7,41250,8,2020,7072.4
2653840381989955584,2419,7,41250,9,2020,-3131.01
2653840381989955584,2419,7,41250,10,2020,217.15
2653840381989955584,2419,7,41250,11,2020,-207.74
2653840381989955584,2419,7,41250,12,2020,4326.81
2654983840832216064,4284,6,47001,1,2020,-2763.54
2654983840832216064,4284,6,47001,2,2020,-2467.2
2654983840832216064,4284,6,47001,3,2020,-6151.6
2654983840832216064,4284,6,47001,4,2020,-13421.85
2654983840832216064,4284,6,47001,5,2020,-11677.75
2654983840832216064,4284,6,47001,6,2020,-25622.03
2654983840832216064,4284,6,47001,7,2020,-23489.89
2654983840832216064,4284,6,47001,8,2020,-24870.1
2654983840832216064,4284,6,47001,9,2020,-30242.25
2654983840832216064,4284,6,47001,10,2020,-31043.2
2654983840832216064,4284,6,47001,11,2020,-31048.74
2654983840832216064,4284,6,47001,12,2020,-25753.81
2655747263048243712,5680,6,24383,1,2020,-338.82
2655747263048243712,5680,6,24383,2,2020,1995.44
2655747263048243712,5680,6,24383,3,2020,2408.13
2655747263048243712,5680,6,24383,4,2020,5470.3
2655747263048243712,5680,6,24383,5,2020,4864.23
2655747263048243712,5680,6,24383,6,2020,8748.66
2655747263048243712,5680,6,24383,7,2020,8107.34
2655747263048243712,5680,6,24383,8,2020,10253.14
2655747263048243712,5680,6,24383,9,2020,12569.91
2655747263048243712,5680,6,24383,10,2020,19242.14
2655747263048243712,5680,6,24383,11,2020,20493.23
2655747263048243712,5680,6,24383,12,2020,18795.64
2655874270176222720,476,0,43257,1,2020,1861.11
2655874270176222720,476,0,43257,2,2020,1861.11
2655874270176222720,476,0,43257,3,2020,1861.11
2655874270176222720,476,0,43257,4,2020,3201.28
2655874270176222720,476,0,43257,5,2020,796.71
2655874270176222720,476,0,43257,6,2020,-802.69
2655874270176222720,476,0,43257,7,2020,-249.3
2655874270176222720,476,0,43257,8,2020,-249.3
2655874270176222720,476,0,43257,9,2020,570.76
2655874270176222720,476,0,43257,10,2020,-426.66
2655874270176222720,476,0,43257,11,2020,-426.66
2655874270176222720,476,0,43257,12,2020,-426.66
2656213396702935552,6417,5,39486,1,2020,-6418.02
2656213396702935552,6417,5,39486,2,2020,-6354.97
2656213396702935552,6417,5,39486,3,2020,-2336.07
2656213396702935552,6417,5,39486,4,2020,-1620.95
2656213396702935552,6417,5,39486,5,2020,-2581.75
2656213396702935552,6417,5,39486,6,2020,-4631.6
2656213396702935552,6417,5,39486,7,2020,-9554.82
2656213396702935552,6417,5,39486,8,2020,-11272.91
2656213396702935552,6417,5,39486,9,2020,-14421.26
2656213396702935552,6417,5,39486,10,2020,-12899.26
2656213396702935552,6417,5,39486,11,2020,-13512.43
2656213396702935552,6417,5,39486,12,2020,-12157.86
2657012967310373888,6689,1,95314,1,2020,-1487.47
2657012967310373888,6689,1,95314,2,2020,-1487.47
2657012967310373888,6689,1,95314,3,2020,-1487.47
2657012967310373888,6689,1,95314,4,2020,-1487.47
2657012967310373888,6689,1,95314,5,2020,-4294.2
2657012967310373888,6689,1,95314,6,2020,-5784.55
2657012967310373888,6689,1,95314,7,2020,-3025.91
2657012967310373888,6689,1,95314,8,2020,-1457.37
2657012967310373888,6689,1,95314,9,2020,-1457.37
2657012967310373888,6689,1,95314,10,2020,-2186.15
2657012967310373888,6689,1,95314,11,2020,-2186.15
2657012967310373888,6689,1,95314,12,2020,-4133.5
2657620145787417600,2147,7,14378,1,2020,-902.56
2657620145787417600,2147,7,14378,2,2020,-2044.82
2657620145787417600,2147,7,14378,3,2020,-3146.38
2657620145787417600,2147,7,14378,4,2020,-3146.38
2657620145787417600,2147,7,14378,5,2020,-5127.69
2657620145787417600,2147,7,14378,6,2020,-5127.69
2657620145787417600,2147,7,14378,7,2020,-5127.69
2657620145787417600,2147,7,14378,8,2020,-3901.43
2657620145787417600,2147,7,14378,9,2020,-4818.01
2657620145787417600,2147,7,14378,10,2020,-5994.35
2657620145787417600,2147,7,14378,11,2020,-8018.44
2657620145787417600,2147,7,14378,12,2020,-8018.44
2658314563941461504,359,9,10663,1,2020,1459.9
2658314563941461504,359,9,10663,2,2020,3788.43
2658314563941461504,359,9,10663,3,2020,11922.16
2658314563941461504,359,9,10663,4,2020,9445.59
2658314563941461504,359,9,10663,5,2020,6118.7
2658314563941461504,359,9,10663,6,2020,10101.07
2658314563941461504,359,9,10663,7,2020,6576.27
2658314563941461504,359,9,10663,8,2020,5757.02
2658314563941461504,359,9,10663,9,2020,12408.93
2658314563941461504,359,9,10663,10,2020,17478.37
2658314563941461504,359,9,10663,11,2020,13739.91
2658314563941461504,359,9,10663,12,2020,7363.28
2659035683531739648,8500,7,45413,1,2020,344.34
2659035683531739648,8500,7,45413,2,2020,521.86
2659035683531739648,8500,7,45413,3,2020,751.97
2659035683531739648,8500,7,45413,4,2020,295.8
2659035683531739648,8500,7,45413,5,2020,96.96
2659035683531739648,8500,7,45413,6,2020,2442.06
2659035683531739648,8500,7,45413,7,2020,4003.72
2659035683531739648,8500,7,45413,8,2020,3193.69
2659035683531739648,8500,7,45413,9,2020,4002.53
2659035683531739648,8500,7,45413,10,2020,7394.07
2659035683531739648,8500,7,45413,11,2020,5751.18
2659035683531739648,8500,7,45413,12,2020,5949.05
2659310683554706432,4229,5,16536,1,2020,-4196.61
2659310683554706432,4229,5,16536,2,2020,-7053.38
2659310683554706432,4229,5,16536,3,2020,-4401.34
2659310683554706432,4229,5,16536,4,2020,-6713.99
2659310683554706432,4229,5,16536,5,2020,-6892.65
2659310683554706432,4229,5,16536,6,2020,-3109.33
2659310683554706432,4229,5,16536,7,2020,-1486.7
2659310683554706432,4229,5,16536,8,2020,-6218.97
2659310683554706432,4229,5,16536,9,2020,-1986.98
2659310683554706432,4229,5,16536,10,2020,-840.45
2659310683554706432,4229,5,16536,11,2020,1404.03
2659310683554706432,4229,5,16536,12,2020,7043.52
2659530639821317120,5660,3,23077,1,2020,-3947.9
2659530639821317120,5660,3,23077,2,2020,490.57
2659530639821317120,5660,3,23077,3,2020,6233.15
2659530639821317120,5660,3,23077,4,2020,6463.96
2659530639821317120,5660,3,23077,5,2020,5685.33
2659530639821317120,5660,3,23077,6,2020,5808.58
2659530639821317120,5660,3,23077,7,2020,2476.97
2659530639821317120,5660,3,23077,8,2020,5479.15
2659530639821317120,5660,3,23077,9,2020,6827.12
2659530639821317120,5660,3,23077,10,2020,8602.21
2659530639821317120,5660,3,23077,11,2020,8792.47
2659530639821317120,5660,3,23077,12,2020,11738.87
2660431624894492160,3855,3,90462,1,2020,4405.06
2660431624894492160,3855,3,90462,2,2020,286.39
2660431624894492160,3855,3,90462,3,2020,-511.01
2660431624894492160,3855,3,90462,4,2020,1784.4
2660431624894492160,3855,3,90462,5,2020,-440.8
2660431624894492160,3855,3,90462,6,2020,-2613.46
2660431624894492160,3855,3,90462,7,2020,-1856.17
2660431624894492160,3855,3,90462,8,2020,-234.15
2660431624894492160,3855,3,90462,9,2020,364.52
2660431624894492160,3855,3,90462,10,2020,-69.65
2660431624894492160,3855,3,90462,11,2020,-900.08
2660431624894492160,3855,3,90462,12,2020,-900.08
2660939917335598080,9887,2,84595,1,2020,2188.56
2660939917335598080,9887,2,84595,2,2020,2752.64
2660939917335598080,9887,2,84595,3,2020,69.69
2660939917335598080,9887,2,84595,4,2020,-3631.13
2660939917335598080,9887,2,84595,5,2020,-3114.69
2660939917335598080,9887,2,84595,6,2020,-161.14
2660939917335598080,9887,2,84595,7,2020,1509.21
2660939917335598080,9887,2,84595,8,2020,-2469.06
2660939917335598080,9887,2,84595,9,2020,9.62
2660939917335598080,9887,2,84595,10,2020,-3508.98
2660939917335598080,9887,2,84595,11,2020,-3846.48
2660939917335598080,9887,2,84595,12,2020,-7901.72
2661931465608288768,4137,3,19960,1,2020,-1570.2
2661931465608288768,4137,3,19960,2,2020,-3007.32
2661931465608288768,4137,3,19960,3,2020,661.17
2661931465608288768,4137,3,19960,4,2020,5748.47
2661931465608288768,4137,3,19960,5,2020,-443.42
2661931465608288768,4137,3,19960,6,2020,-2430.87
2661931465608288768,4137,3,19960,7,2020,-2741.26
2661931465608288768,4137,3,19960,8,2020,-9572.29
2661931465608288768,4137,3,19960,9,2020,-16794.59
2661931465608288768,4137,3,19960,10,2020,-10700.32
2661931465608288768,4137,3,19960,11,2020,-15965.01
2661931465608288768,4137,3,19960,12,2020,-15288.55
2662624053670854144,6877,0,85467,1,2020,4937.12
2662624053670854144,6877,0,85467,2,2020,4092.09
2662624053670854144,6877,0,85467,3,2020,15767.03
2662624053670854144,6877,0,85467,4,2020,21583.75
2662624053670854144,6877,0,85467,5,2020,22458.2
2662624053670854144,6877,0,85467,6,2020,22946.38
2662624053670854144,6877,0,85467,7,2020,19656.99
2662624053670854144,6877,0,85467,8,2020,18585.88
2662624053670854144,6877,0,85467,9,2020,26936.91
2662624053670854144,6877,0,85467,10,2020,22054.11
2662624053670854144,6877,0,85467,11,2020,21760.46
2662624053670854144,6877,0,85467,12,2020,23882.13
2662944240587158528,1731,3,30870,1,2020,-2496.18
2662944240587158528,1731,3,30870,2,2020,-2943.58
2662944240587158528,1731,3,30870,3,2020,-4511.71
2662944240587158528,1731,3,30870,4,2020,-1566.52
2662944240587158528,1731,3,30870,5,2020,-6554.95
2662944240587158528,1731,3,30870,6,2020,-5785.17
2662944240587158528,1731,3,30870,7,2020,-5544.2
2662944240587158528,1731,3,30870,8,2020,-9829.0
2662944240587158528,1731,3,30870,9,2020,-6812.17
2662944240587158528,1731,3,30870,10,2020,-6101.36
2662944240587158528,1731,3,30870,11,2020,-7078.33
2662944240587158528,1731,3,30870,12,2020,-4584.64
2663309969228992000,1628,8,27385,1,2020,0.0
2663309969228992000,1628,8,27385,2,2020,0.0
2663309969228992000,1628,8,27385,3,2020,0.0
2663309969228992000,1628,8,27385,4,2020,-696.14
2663309969228992000,1628,8,27385,5,2020,-696.14
2663309969228992000,1628,8,27385,6,2020,-696.14
2663309969228992000,1628,8,27385,7,2020,-696.14
2663309969228992000,1628,8,27385,8,2020,-696.14
2663309969228992000,1628,8,27385,9,2020,-696.14
2663309969228992000,1628,8,27385,10,2020,1285.16
2663309969228992000,1628,8,27385,11,2020,1285.16
2663309969228992000,1628,8,27385,12,2020,1285.16
2663378750488618496,9460,9,36058,1,2020,-3122.2
2663378750488618496,9460,9,36058,2,2020,-461.59
2663378750488618496,9460,9,36058,3,2020,-2286.67
2663378750488618496,9460,9,36058,4,2020,-6103.23
