309286578343157184,6666,5,75102,6,2020,1696.54
309286578343157184,6666,5,75102,7,2020,-1988.06
309286578343157184,6666,5,75102,8,2020,-4368.85
309286578343157184,6666,5,75102,9,2020,-4533.79
309286578343157184,6666,5,75102,10,2020,-1812.43
309286578343157184,6666,5,75102,11,2020,-7512.34
309286578343157184,6666,5,75102,12,2020,-7253.96
3093425826005570048,3124,5,2699,1,2020,-525.32
3093425826005570048,3124,5,2699,2,2020,-2112.17
3093425826005570048,3124,5,2699,3,2020,-1987.94
3093425826005570048,3124,5,2699,4,2020,-4655.42
3093425826005570048,3124,5,2699,5,2020,-3748.39
3093425826005570048,3124,5,2699,6,2020,-3748.39
3093425826005570048,3124,5,2699,7,2020,-5006.39
3093425826005570048,3124,5,2699,8,2020,-5255.0
3093425826005570048,3124,5,2699,9,2020,-2798.15
3093425826005570048,3124,5,2699,10,2020,-2912.58
3093425826005570048,3124,5,2699,11,2020,-6392.12
3093425826005570048,3124,5,2699,12,2020,-4073.71
3094576963001298944,3941,0,42514,1,2020,279.22
3094576963001298944,3941,0,42514,2,2020,-1963.74
3094576963001298944,3941,0,42514,3,2020,-6302.17
3094576963001298944,3941,0,42514,4,2020,-12689.75
3094576963001298944,3941,0,42514,5,2020,-16340.26
3094576963001298944,3941,0,42514,6,2020,-17605.29
3094576963001298944,3941,0,42514,7,2020,-17262.02
3094576963001298944,3941,0,42514,8,2020,-14359.78
3094576963001298944,3941,0,42514,9,2020,-19871.98
3094576963001298944,3941,0,42514,10,2020,-18599.55
3094576963001298944,3941,0,42514,11,2020,-22851.27
3094576963001298944,3941,0,42514,12,2020,-15000.48
3095945853936949760,6956,8,61762,1,2020,-5297.02
3095945853936949760,6956,8,61762,2,2020,-6304.57
3095945853936949760,6956,8,61762,3,2020,-6243.7
3095945853936949760,6956,8,61762,4,2020,-5618.77
3095945853936949760,6956,8,61762,5,2020,-3890.17
3095945853936949760,6956,8,61762,6,2020,-5031.22
3095945853936949760,6956,8,61762,7,2020,-4963.87
3095945853936949760,6956,8,61762,8,2020,-8156.35
3095945853936949760,6956,8,61762,9,2020,-16290.22
3095945853936949760,6956,8,61762,10,2020,-4699.01
3095945853936949760,6956,8,61762,11,2020,-9797.6
3095945853936949760,6956,8,61762,12,2020,-10931.03
3096979387291934720,939,1,57768,1,2020,-1083.87
3096979387291934720,939,1,57768,2,2020,-5820.0
3096979387291934720,939,1,57768,3,2020,-4257.69
3096979387291934720,939,1,57768,4,2020,-5229.15
3096979387291934720,939,1,57768,5,2020,-638.39
3096979387291934720,939,1,57768,6,2020,-1539.2
3096979387291934720,939,1,57768,7,2020,662.33
3096979387291934720,939,1,57768,8,2020,-24.73
3096979387291934720,939,1,57768,9,2020,-5157.01
3096979387291934720,939,1,57768,10,2020,-2492.77
3096979387291934720,939,1,57768,11,2020,-5146.7
3096979387291934720,939,1,57768,12,2020,-3805.04
3097163245596484096,9370,3,36693,1,2020,-498.61
3097163245596484096,9370,3,36693,2,2020,-498.61
3097163245596484096,9370,3,36693,3,2020,705.75
3097163245596484096,9370,3,36693,4,2020,705.75
3097163245596484096,9370,3,36693,5,2020,-377.49
3097163245596484096,9370,3,36693,6,2020,-2236.47
3097163245596484096,9370,3,36693,7,2020,-2109.45
3097163245596484096,9370,3,36693,8,2020,-1406.59
3097163245596484096,9370,3,36693,9,2020,-1406.59
3097163245596484096,9370,3,36693,10,2020,535.97
3097163245596484096,9370,3,36693,11,2020,2.92
3097163245596484096,9370,3,36693,12,2020,2.92
3097922986642288128,8011,8,65180,1,2020,-2265.77
3097922986642288128,8011,8,65180,2,2020,3857.84
3097922986642288128,8011,8,65180,3,2020,2774.77
3097922986642288128,8011,8,65180,4,2020,3842.25
3097922986642288128,8011,8,65180,5,2020,3581.12
3097922986642288128,8011,8,65180,6,2020,4516.85
3097922986642288128,8011,8,65180,7,2020,5954.18
3097922986642288128,8011,8,65180,8,2020,3191.74
3097922986642288128,8011,8,65180,9,2020,4771.65
3097922986642288128,8011,8,65180,10,2020,2403.32
3097922986642288128,8011,8,65180,11,2020,-2349.09
3097922986642288128,8011,8,65180,12,2020,-2886.4
309822523118847296,3937,0,12677,1,2020,6012.95
309822523118847296,3937,0,12677,2,2020,8336.97
309822523118847296,3937,0,12677,3,2020,10313.96
309822523118847296,3937,0,12677,4,2020,5419.92
309822523118847296,3937,0,12677,5,2020,12687.05
309822523118847296,3937,0,12677,6,2020,13781.03
309822523118847296,3937,0,12677,7,2020,17308.11
309822523118847296,3937,0,12677,8,2020,17020.7
309822523118847296,3937,0,12677,9,2020,15326.96
309822523118847296,3937,0,12677,10,2020,13205.46
309822523118847296,3937,0,12677,11,2020,11549.26
309822523118847296,3937,0,12677,12,2020,7340.53
3098258058830675456,6952,6,57323,1,2020,2985.1
3098258058830675456,6952,6,57323,2,2020,4900.57
3098258058830675456,6952,6,57323,3,2020,6733.78
3098258058830675456,6952,6,57323,4,2020,8969.94
3098258058830675456,6952,6,57323,5,2020,7839.78
3098258058830675456,6952,6,57323,6,2020,10064.07
3098258058830675456,6952,6,57323,7,2020,16846.42
3098258058830675456,6952,6,57323,8,2020,16129.07
3098258058830675456,6952,6,57323,9,2020,10837.41
3098258058830675456,6952,6,57323,10,2020,12313.42
3098258058830675456,6952,6,57323,11,2020,6608.17
3098258058830675456,6952,6,57323,12,2020,11681.19
3099888010083472384,5196,5,78492,1,2020,-3764.58
3099888010083472384,5196,5,78492,2,2020,-4518.52
3099888010083472384,5196,5,78492,3,2020,-1692.82
3099888010083472384,5196,5,78492,4,2020,-4438.26
3099888010083472384,5196,5,78492,5,2020,-2962.08
3099888010083472384,5196,5,78492,6,2020,-2962.08
3099888010083472384,5196,5,78492,7,2020,-4364.76
3099888010083472384,5196,5,78492,8,2020,-3625.99
3099888010083472384,5196,5,78492,9,2020,-2172.64
3099888010083472384,5196,5,78492,10,2020,-2172.64
3099888010083472384,5196,5,78492,11,2020,-3280.58
3099888010083472384,5196,5,78492,12,2020,-3280.58
3100412017959796224,307,8,81483,1,2020,-2002.72
3100412017959796224,307,8,81483,2,2020,-6131.26
3100412017959796224,307,8,81483,3,2020,-4183.57
3100412017959796224,307,8,81483,4,2020,-5395.84
3100412017959796224,307,8,81483,5,2020,-4107.03
3100412017959796224,307,8,81483,6,2020,-4313.75
3100412017959796224,307,8,81483,7,2020,-1082.1
3100412017959796224,307,8,81483,8,2020,-657.93
3100412017959796224,307,8,81483,9,2020,-3845.04
3100412017959796224,307,8,81483,10,2020,-5626.54
3100412017959796224,307,8,81483,11,2020,-7189.45
3100412017959796224,307,8,81483,12,2020,-8737.5
3100585032738042368,6701,0,65930,1,2020,-974.3
3100585032738042368,6701,0,65930,2,2020,-3881.31
3100585032738042368,6701,0,65930,3,2020,-1080.52
3100585032738042368,6701,0,65930,4,2020,-5262.13
3100585032738042368,6701,0,65930,5,2020,-5564.59
3100585032738042368,6701,0,65930,6,2020,-8170.13
3100585032738042368,6701,0,65930,7,2020,-14792.38
3100585032738042368,6701,0,65930,8,2020,-20515.16
3100585032738042368,6701,0,65930,9,2020,-25144.11
3100585032738042368,6701,0,65930,10,2020,-17732.99
3100585032738042368,6701,0,65930,11,2020,-20474.08
3100585032738042368,6701,0,65930,12,2020,-11583.46
3101443596869565440,7223,9,93056,1,2020,-6033.21
3101443596869565440,7223,9,93056,2,2020,-7138.7
3101443596869565440,7223,9,93056,3,2020,-5097.35
3101443596869565440,7223,9,93056,4,2020,-9456.5
3101443596869565440,7223,9,93056,5,2020,-6778.13
3101443596869565440,7223,9,93056,6,2020,-7730.1
3101443596869565440,7223,9,93056,7,2020,-13968.13
3101443596869565440,7223,9,93056,8,2020,-16920.82
3101443596869565440,7223,9,93056,9,2020,-13249.61
3101443596869565440,7223,9,93056,10,2020,-17443.34
3101443596869565440,7223,9,93056,11,2020,-17176.91
3101443596869565440,7223,9,93056,12,2020,-26592.35
3102098042761774592,3294,3,19379,1,2020,2185.09
3102098042761774592,3294,3,19379,2,2020,-2411.57
3102098042761774592,3294,3,19379,3,2020,-497.33
3102098042761774592,3294,3,19379,4,2020,-1633.63
3102098042761774592,3294,3,19379,5,2020,760.09
3102098042761774592,3294,3,19379,6,2020,6805.94
3102098042761774592,3294,3,19379,7,2020,5185.23
3102098042761774592,3294,3,19379,8,2020,10494.99
3102098042761774592,3294,3,19379,9,2020,11968.74
3102098042761774592,3294,3,19379,10,2020,8989.98
3102098042761774592,3294,3,19379,11,2020,11668.16
3102098042761774592,3294,3,19379,12,2020,10675.47
3102424729486945792,258,5,56753,1,2020,0.0
3102424729486945792,258,5,56753,2,2020,0.0
3102424729486945792,258,5,56753,3,2020,0.0
3102424729486945792,258,5,56753,4,2020,0.0
3102424729486945792,258,5,56753,5,2020,-1720.08
3102424729486945792,258,5,56753,6,2020,-1720.08
3102424729486945792,258,5,56753,7,2020,-1720.08
3102424729486945792,258,5,56753,8,2020,-1720.08
3102424729486945792,258,5,56753,9,2020,-2348.95
3102424729486945792,258,5,56753,10,2020,-2348.95
3102424729486945792,258,5,56753,11,2020,-2348.95
3102424729486945792,258,5,56753,12,2020,-2348.95
3102990291578779136,8289,1,28442,1,2020,-4927.3
3102990291578779136,8289,1,28442,2,2020,-17525.2
3102990291578779136,8289,1,28442,3,2020,-21027.13
3102990291578779136,8289,1,28442,4,2020,-19942.38
3102990291578779136,8289,1,28442,5,2020,-19950.39
3102990291578779136,8289,1,28442,6,2020,-22497.06
3102990291578779136,8289,1,28442,7,2020,-25096.75
3102990291578779136,8289,1,28442,8,2020,-31777.0
3102990291578779136,8289,1,28442,9,2020,-37320.37
3102990291578779136,8289,1,28442,10,2020,-45839.9
3102990291578779136,8289,1,28442,11,2020,-46927.74
3102990291578779136,8289,1,28442,12,2020,-42529.93
3103258057097348096,3402,3,61535,1,2020,-3248.89
3103258057097348096,3402,3,61535,2,2020,-1847.77
3103258057097348096,3402,3,61535,3,2020,-6197.92
3103258057097348096,3402,3,61535,4,2020,-2711.66
3103258057097348096,3402,3,61535,5,2020,-1920.09
3103258057097348096,3402,3,61535,6,2020,690.69
3103258057097348096,3402,3,61535,7,2020,2832.41
3103258057097348096,3402,3,61535,8,2020,3473.08
3103258057097348096,3402,3,61535,9,2020,6089.34
3103258057097348096,3402,3,61535,10,2020,6215.24
3103258057097348096,3402,3,61535,11,2020,6003.92
3103258057097348096,3402,3,61535,12,2020,4182.04
3103431794470624256,7125,0,22901,1,2020,1685.59
3103431794470624256,7125,0,22901,2,2020,6094.61
3103431794470624256,7125,0,22901,3,2020,8202.7
3103431794470624256,7125,0,22901,4,2020,6276.13
3103431794470624256,7125,0,22901,5,2020,2517.83
3103431794470624256,7125,0,22901,6,2020,-716.3
3103431794470624256,7125,0,22901,7,2020,-4560.67
3103431794470624256,7125,0,22901,8,2020,-4927.29
3103431794470624256,7125,0,22901,9,2020,-5701.13
3103431794470624256,7125,0,22901,10,2020,-10727.45
3103431794470624256,7125,0,22901,11,2020,-11224.91
3103431794470624256,7125,0,22901,12,2020,-12092.39
3110311746246930432,500,6,63276,1,2020,-690.92
3110311746246930432,500,6,63276,2,2020,2779.14
3110311746246930432,500,6,63276,3,2020,2725.03
3110311746246930432,500,6,63276,4,2020,175.5
3110311746246930432,500,6,63276,5,2020,957.54
3110311746246930432,500,6,63276,6,2020,-1101.16
3110311746246930432,500,6,63276,7,2020,-163.37
3110311746246930432,500,6,63276,8,2020,2794.39
3110311746246930432,500,6,63276,9,2020,2984.76
3110311746246930432,500,6,63276,10,2020,2984.76
3110311746246930432,500,6,63276,11,2020,2984.76
3110311746246930432,500,6,63276,12,2020,2984.76
311105490901004288,5272,1,62079,1,2020,231.92
311105490901004288,5272,1,62079,2,2020,7343.93
311105490901004288,5272,1,62079,3,2020,6268.21
311105490901004288,5272,1,62079,4,2020,6407.95
311105490901004288,5272,1,62079,5,2020,553.12
311105490901004288,5272,1,62079,6,2020,713.05
311105490901004288,5272,1,62079,7,2020,2703.55
311105490901004288,5272,1,62079,8,2020,9680.03
311105490901004288,5272,1,62079,9,2020,9680.03
311105490901004288,5272,1,62079,10,2020,13759.29
311105490901004288,5272,1,62079,11,2020,9916.75
311105490901004288,5272,1,62079,12,2020,12429.23
3111218609544263680,3389,3,86804,1,2020,0.0
3111218609544263680,3389,3,86804,2,2020,0.0
3111218609544263680,3389,3,86804,3,2020,0.0
