338161820951347072,4228,2,90407,8,2020,-7050.75
338161820951347072,4228,2,90407,9,2020,-6109.82
338161820951347072,4228,2,90407,10,2020,-6865.11
338161820951347072,4228,2,90407,11,2020,-5906.83
338161820951347072,4228,2,90407,12,2020,-5942.46
3381818243227240448,4090,3,23365,1,2020,3784.5
3381818243227240448,4090,3,23365,2,2020,752.63
3381818243227240448,4090,3,23365,3,2020,-11365.54
3381818243227240448,4090,3,23365,4,2020,-6463.14
3381818243227240448,4090,3,23365,5,2020,-7998.89
3381818243227240448,4090,3,23365,6,2020,-3481.55
3381818243227240448,4090,3,23365,7,2020,1224.43
3381818243227240448,4090,3,23365,8,2020,-1350.04
3381818243227240448,4090,3,23365,9,2020,-1605.15
3381818243227240448,4090,3,23365,10,2020,576.99
3381818243227240448,4090,3,23365,11,2020,3276.46
3381818243227240448,4090,3,23365,12,2020,8071.14
3385076049865010688,1746,6,30581,1,2020,1659.17
3385076049865010688,1746,6,30581,2,2020,527.78
3385076049865010688,1746,6,30581,3,2020,-1096.07
3385076049865010688,1746,6,30581,4,2020,-3399.14
3385076049865010688,1746,6,30581,5,2020,-5819.67
3385076049865010688,1746,6,30581,6,2020,-6240.21
3385076049865010688,1746,6,30581,7,2020,2940.23
3385076049865010688,1746,6,30581,8,2020,4394.37
3385076049865010688,1746,6,30581,9,2020,6008.6
3385076049865010688,1746,6,30581,10,2020,6459.4
3385076049865010688,1746,6,30581,11,2020,5974.55
3385076049865010688,1746,6,30581,12,2020,1225.05
3387168921531099136,5148,3,51795,1,2020,-3547.0
3387168921531099136,5148,3,51795,2,2020,-4870.67
3387168921531099136,5148,3,51795,3,2020,-3702.91
3387168921531099136,5148,3,51795,4,2020,-3699.07
3387168921531099136,5148,3,51795,5,2020,-9073.65
3387168921531099136,5148,3,51795,6,2020,-10698.99
3387168921531099136,5148,3,51795,7,2020,-11768.43
3387168921531099136,5148,3,51795,8,2020,-11877.88
3387168921531099136,5148,3,51795,9,2020,-12383.82
3387168921531099136,5148,3,51795,10,2020,-12980.02
3387168921531099136,5148,3,51795,11,2020,-10222.78
3387168921531099136,5148,3,51795,12,2020,-8548.78
3389521459820486656,210,7,10532,1,2020,-2954.05
3389521459820486656,210,7,10532,2,2020,-6399.02
3389521459820486656,210,7,10532,3,2020,-2119.78
3389521459820486656,210,7,10532,4,2020,-4820.19
3389521459820486656,210,7,10532,5,2020,-2358.01
3389521459820486656,210,7,10532,6,2020,-4062.76
3389521459820486656,210,7,10532,7,2020,-6283.3
3389521459820486656,210,7,10532,8,2020,-5157.92
3389521459820486656,210,7,10532,9,2020,-1412.3
3389521459820486656,210,7,10532,10,2020,-3071.28
3389521459820486656,210,7,10532,11,2020,5801.47
3389521459820486656,210,7,10532,12,2020,11206.66
3390160534766221824,298,0,15580,1,2020,-2305.46
3390160534766221824,298,0,15580,2,2020,-2717.6
3390160534766221824,298,0,15580,3,2020,-3338.13
3390160534766221824,298,0,15580,4,2020,-5753.21
3390160534766221824,298,0,15580,5,2020,-9295.47
3390160534766221824,298,0,15580,6,2020,-5046.52
3390160534766221824,298,0,15580,7,2020,682.1
3390160534766221824,298,0,15580,8,2020,-794.9
3390160534766221824,298,0,15580,9,2020,-4446.28
3390160534766221824,298,0,15580,10,2020,-4652.61
3390160534766221824,298,0,15580,11,2020,-7616.23
3390160534766221824,298,0,15580,12,2020,-6497.92
3390235348359843840,7530,8,90614,1,2020,3495.91
3390235348359843840,7530,8,90614,2,2020,7488.74
3390235348359843840,7530,8,90614,3,2020,10440.9
3390235348359843840,7530,8,90614,4,2020,4011.93
3390235348359843840,7530,8,90614,5,2020,9572.27
3390235348359843840,7530,8,90614,6,2020,11353.27
3390235348359843840,7530,8,90614,7,2020,12513.74
3390235348359843840,7530,8,90614,8,2020,13754.99
3390235348359843840,7530,8,90614,9,2020,14642.76
3390235348359843840,7530,8,90614,10,2020,13962.25
3390235348359843840,7530,8,90614,11,2020,11477.25
3390235348359843840,7530,8,90614,12,2020,6840.59
3391309936867384832,37,7,38448,1,2020,3229.17
3391309936867384832,37,7,38448,2,2020,3749.35
3391309936867384832,37,7,38448,3,2020,3333.03
3391309936867384832,37,7,38448,4,2020,1285.27
3391309936867384832,37,7,38448,5,2020,75.56
3391309936867384832,37,7,38448,6,2020,1069.86
3391309936867384832,37,7,38448,7,2020,-994.36
3391309936867384832,37,7,38448,8,2020,47.67
3391309936867384832,37,7,38448,9,2020,358.18
3391309936867384832,37,7,38448,10,2020,1379.49
3391309936867384832,37,7,38448,11,2020,938.59
3391309936867384832,37,7,38448,12,2020,2336.08
3392258448293805056,8904,4,8403,1,2020,-806.31
3392258448293805056,8904,4,8403,2,2020,-4149.95
3392258448293805056,8904,4,8403,3,2020,-4479.23
3392258448293805056,8904,4,8403,4,2020,-3797.27
3392258448293805056,8904,4,8403,5,2020,-6892.83
3392258448293805056,8904,4,8403,6,2020,-5575.18
3392258448293805056,8904,4,8403,7,2020,-10753.74
3392258448293805056,8904,4,8403,8,2020,-6597.22
3392258448293805056,8904,4,8403,9,2020,-8709.61
3392258448293805056,8904,4,8403,10,2020,-6162.49
3392258448293805056,8904,4,8403,11,2020,-6691.75
3392258448293805056,8904,4,8403,12,2020,-6649.12
3392860857942952960,5882,6,40228,1,2020,2988.18
3392860857942952960,5882,6,40228,2,2020,4026.03
3392860857942952960,5882,6,40228,3,2020,-957.07
3392860857942952960,5882,6,40228,4,2020,-4120.46
3392860857942952960,5882,6,40228,5,2020,-659.1
3392860857942952960,5882,6,40228,6,2020,334.61
3392860857942952960,5882,6,40228,7,2020,1059.22
3392860857942952960,5882,6,40228,8,2020,-2108.24
3392860857942952960,5882,6,40228,9,2020,-1679.34
3392860857942952960,5882,6,40228,10,2020,8400.05
3392860857942952960,5882,6,40228,11,2020,8332.8
3392860857942952960,5882,6,40228,12,2020,5691.13
3393302718320484864,7422,9,90749,1,2020,3921.61
3393302718320484864,7422,9,90749,2,2020,1167.1
3393302718320484864,7422,9,90749,3,2020,9957.18
3393302718320484864,7422,9,90749,4,2020,15220.24
3393302718320484864,7422,9,90749,5,2020,14704.31
3393302718320484864,7422,9,90749,6,2020,8835.64
3393302718320484864,7422,9,90749,7,2020,16851.43
3393302718320484864,7422,9,90749,8,2020,19914.79
3393302718320484864,7422,9,90749,9,2020,20547.84
3393302718320484864,7422,9,90749,10,2020,18677.35
3393302718320484864,7422,9,90749,11,2020,22212.83
3393302718320484864,7422,9,90749,12,2020,23246.47
3394013474738198016,8568,9,55606,1,2020,1224.63
3394013474738198016,8568,9,55606,2,2020,3775.54
3394013474738198016,8568,9,55606,3,2020,6849.32
3394013474738198016,8568,9,55606,4,2020,10044.68
3394013474738198016,8568,9,55606,5,2020,11650.62
3394013474738198016,8568,9,55606,6,2020,16040.74
3394013474738198016,8568,9,55606,7,2020,9713.08
3394013474738198016,8568,9,55606,8,2020,16760.26
3394013474738198016,8568,9,55606,9,2020,25233.21
3394013474738198016,8568,9,55606,10,2020,21429.24
3394013474738198016,8568,9,55606,11,2020,24973.88
3394013474738198016,8568,9,55606,12,2020,28917.06
3394078476278519808,5707,6,89974,1,2020,-1824.79
3394078476278519808,5707,6,89974,2,2020,-2959.76
3394078476278519808,5707,6,89974,3,2020,-1009.01
3394078476278519808,5707,6,89974,4,2020,1173.66
3394078476278519808,5707,6,89974,5,2020,4403.89
3394078476278519808,5707,6,89974,6,2020,3121.43
3394078476278519808,5707,6,89974,7,2020,5339.23
3394078476278519808,5707,6,89974,8,2020,8191.83
3394078476278519808,5707,6,89974,9,2020,10779.07
3394078476278519808,5707,6,89974,10,2020,13920.52
3394078476278519808,5707,6,89974,11,2020,10440.24
3394078476278519808,5707,6,89974,12,2020,8500.79
339423483125970752,6385,0,44353,1,2020,4580.62
339423483125970752,6385,0,44353,2,2020,3084.66
339423483125970752,6385,0,44353,3,2020,3476.6
339423483125970752,6385,0,44353,4,2020,4041.12
339423483125970752,6385,0,44353,5,2020,3122.74
339423483125970752,6385,0,44353,6,2020,1733.44
339423483125970752,6385,0,44353,7,2020,2784.5
339423483125970752,6385,0,44353,8,2020,3311.31
339423483125970752,6385,0,44353,9,2020,5690.05
339423483125970752,6385,0,44353,10,2020,5783.98
339423483125970752,6385,0,44353,11,2020,4414.07
339423483125970752,6385,0,44353,12,2020,4357.16
339447091655224896,1240,5,72604,1,2020,-237.31
339447091655224896,1240,5,72604,2,2020,2545.84
339447091655224896,1240,5,72604,3,2020,180.33
339447091655224896,1240,5,72604,4,2020,-1049.23
339447091655224896,1240,5,72604,5,2020,272.42
339447091655224896,1240,5,72604,6,2020,-106.27
339447091655224896,1240,5,72604,7,2020,-5330.97
339447091655224896,1240,5,72604,8,2020,-12298.03
339447091655224896,1240,5,72604,9,2020,-2802.17
339447091655224896,1240,5,72604,10,2020,-4314.96
339447091655224896,1240,5,72604,11,2020,-4759.89
339447091655224896,1240,5,72604,12,2020,-4178.98
3395267889065823232,7179,3,29788,1,2020,0.0
3395267889065823232,7179,3,29788,2,2020,-1235.71
3395267889065823232,7179,3,29788,3,2020,-1235.71
3395267889065823232,7179,3,29788,4,2020,-1108.98
3395267889065823232,7179,3,29788,5,2020,-2742.84
3395267889065823232,7179,3,29788,6,2020,-2742.84
3395267889065823232,7179,3,29788,7,2020,-2253.82
3395267889065823232,7179,3,29788,8,2020,-1793.98
3395267889065823232,7179,3,29788,9,2020,-1793.98
3395267889065823232,7179,3,29788,10,2020,-2030.75
3395267889065823232,7179,3,29788,11,2020,-3938.7
3395267889065823232,7179,3,29788,12,2020,-3938.7
3395450434735509504,6377,9,46316,1,2020,10260.63
3395450434735509504,6377,9,46316,2,2020,6224.25
3395450434735509504,6377,9,46316,3,2020,2590.54
3395450434735509504,6377,9,46316,4,2020,-3378.25
3395450434735509504,6377,9,46316,5,2020,1027.22
3395450434735509504,6377,9,46316,6,2020,10164.19
3395450434735509504,6377,9,46316,7,2020,11373.72
3395450434735509504,6377,9,46316,8,2020,5120.09
3395450434735509504,6377,9,46316,9,2020,5340.82
3395450434735509504,6377,9,46316,10,2020,14987.35
3395450434735509504,6377,9,46316,11,2020,7508.26
3395450434735509504,6377,9,46316,12,2020,3166.61
3395564746740898304,1572,9,9113,1,2020,-1140.35
3395564746740898304,1572,9,9113,2,2020,3990.08
3395564746740898304,1572,9,9113,3,2020,185.5
3395564746740898304,1572,9,9113,4,2020,-1759.85
3395564746740898304,1572,9,9113,5,2020,-9072.89
3395564746740898304,1572,9,9113,6,2020,-10338.81
3395564746740898304,1572,9,9113,7,2020,-12323.8
3395564746740898304,1572,9,9113,8,2020,-14076.39
3395564746740898304,1572,9,9113,9,2020,-12761.05
3395564746740898304,1572,9,9113,10,2020,-6780.36
3395564746740898304,1572,9,9113,11,2020,-9707.91
3395564746740898304,1572,9,9113,12,2020,-22227.31
3395638773080093184,7581,6,64654,1,2020,-9110.03
3395638773080093184,7581,6,64654,2,2020,-12983.85
3395638773080093184,7581,6,64654,3,2020,-19881.03
3395638773080093184,7581,6,64654,4,2020,-14955.95
3395638773080093184,7581,6,64654,5,2020,-16269.08
3395638773080093184,7581,6,64654,6,2020,-17639.32
3395638773080093184,7581,6,64654,7,2020,-18029.91
3395638773080093184,7581,6,64654,8,2020,-16608.25
3395638773080093184,7581,6,64654,9,2020,-17212.53
3395638773080093184,7581,6,64654,10,2020,-11487.92
3395638773080093184,7581,6,64654,11,2020,-5016.48
3395638773080093184,7581,6,64654,12,2020,-3241.37
3396433109424210432,9619,8,88210,1,2020,-2175.11
3396433109424210432,9619,8,88210,2,2020,-2968.04
3396433109424210432,9619,8,88210,3,2020,-2779.75
3396433109424210432,9619,8,88210,4,2020,2376.83
3396433109424210432,9619,8,88210,5,2020,1377.75
3396433109424210432,9619,8,88210,6,2020,7692.8
3396433109424210432,9619,8,88210,7,2020,4067.12
3396433109424210432,9619,8,88210,8,2020,-2045.04
3396433109424210432,9619,8,88210,9,2020,-6840.81
3396433109424210432,9619,8,88210,10,2020,-8958.96
3396433109424210432,9619,8,88210,11,2020,-10219.21
3396433109424210432,9619,8,88210,12,2020,-9126.07
3396831123317009408,2421,4,17,1,2020,-8817.04
3396831123317009408,2421,4,17,2,2020,-11674.01
3396831123317009408,2421,4,17,3,2020,-10257.97
3396831123317009408,2421,4,17,4,2020,-11298.92
3396831123317009408,2421,4,17,5,2020,-6965.9
3396831123317009408,2421,4,17,6,2020,-13956.55
3396831123317009408,2421,4,17,7,2020,-11116.05
