683613755888436608,4758,5,75109,3,2020,1678.3
683613755888436608,4758,5,75109,4,2020,3426.75
683613755888436608,4758,5,75109,5,2020,4540.96
683613755888436608,4758,5,75109,6,2020,3318.92
683613755888436608,4758,5,75109,7,2020,1604.67
683613755888436608,4758,5,75109,8,2020,-1245.02
683613755888436608,4758,5,75109,9,2020,113.44
683613755888436608,4758,5,75109,10,2020,818.27
683613755888436608,4758,5,75109,11,2020,356.57
683613755888436608,4758,5,75109,12,2020,-1967.03
685753758940921472,1264,0,19520,1,2020,-4111.62
685753758940921472,1264,0,19520,2,2020,-7257.23
685753758940921472,1264,0,19520,3,2020,-8480.6
685753758940921472,1264,0,19520,4,2020,-14203.24
685753758940921472,1264,0,19520,5,2020,-13204.47
685753758940921472,1264,0,19520,6,2020,-20820.75
685753758940921472,1264,0,19520,7,2020,-22348.05
685753758940921472,1264,0,19520,8,2020,-14329.61
685753758940921472,1264,0,19520,9,2020,-16549.18
685753758940921472,1264,0,19520,10,2020,-20241.08
685753758940921472,1264,0,19520,11,2020,-11033.66
685753758940921472,1264,0,19520,12,2020,-7751.28
686911269362345728,9069,5,14076,1,2020,3098.09
686911269362345728,9069,5,14076,2,2020,7238.53
686911269362345728,9069,5,14076,3,2020,6519.76
686911269362345728,9069,5,14076,4,2020,9122.7
686911269362345728,9069,5,14076,5,2020,-316.39
686911269362345728,9069,5,14076,6,2020,3273.18
686911269362345728,9069,5,14076,7,2020,1949.03
686911269362345728,9069,5,14076,8,2020,1003.67
686911269362345728,9069,5,14076,9,2020,-2830.57
686911269362345728,9069,5,14076,10,2020,-3528.5
686911269362345728,9069,5,14076,11,2020,-8007.72
686911269362345728,9069,5,14076,12,2020,-4166.93
686968935959369728,9860,9,53580,1,2020,-11048.34
686968935959369728,9860,9,53580,2,2020,-15973.19
686968935959369728,9860,9,53580,3,2020,-16752.87
686968935959369728,9860,9,53580,4,2020,-17072.02
686968935959369728,9860,9,53580,5,2020,-14719.48
686968935959369728,9860,9,53580,6,2020,-12543.67
686968935959369728,9860,9,53580,7,2020,-7068.29
686968935959369728,9860,9,53580,8,2020,3104.0
686968935959369728,9860,9,53580,9,2020,3859.64
686968935959369728,9860,9,53580,10,2020,3879.9
686968935959369728,9860,9,53580,11,2020,-2001.1
686968935959369728,9860,9,53580,12,2020,-4287.94
687263168538997888,8,2,68626,1,2020,-5817.84
687263168538997888,8,2,68626,2,2020,-21402.34
687263168538997888,8,2,68626,3,2020,-26120.52
687263168538997888,8,2,68626,4,2020,-38112.38
687263168538997888,8,2,68626,5,2020,-42775.0
687263168538997888,8,2,68626,6,2020,-37575.09
687263168538997888,8,2,68626,7,2020,-32571.16
687263168538997888,8,2,68626,8,2020,-26133.1
687263168538997888,8,2,68626,9,2020,-21983.31
687263168538997888,8,2,68626,10,2020,-25748.86
687263168538997888,8,2,68626,11,2020,-28826.28
687263168538997888,8,2,68626,12,2020,-36661.92
687591633298225152,1167,1,48825,1,2020,342.47
687591633298225152,1167,1,48825,2,2020,-2390.04
687591633298225152,1167,1,48825,3,2020,-10111.54
687591633298225152,1167,1,48825,4,2020,-12946.07
687591633298225152,1167,1,48825,5,2020,-18689.26
687591633298225152,1167,1,48825,6,2020,-17686.58
687591633298225152,1167,1,48825,7,2020,-20384.02
687591633298225152,1167,1,48825,8,2020,-19947.96
687591633298225152,1167,1,48825,9,2020,-15459.29
687591633298225152,1167,1,48825,10,2020,-14190.21
687591633298225152,1167,1,48825,11,2020,-14314.03
687591633298225152,1167,1,48825,12,2020,-16359.67
688835438707003264,227,6,57176,1,2020,-1257.87
688835438707003264,227,6,57176,2,2020,1376.31
688835438707003264,227,6,57176,3,2020,2282.91
688835438707003264,227,6,57176,4,2020,-1549.02
688835438707003264,227,6,57176,5,2020,-1338.92
688835438707003264,227,6,57176,6,2020,-3927.48
688835438707003264,227,6,57176,7,2020,755.53
688835438707003264,227,6,57176,8,2020,2542.82
688835438707003264,227,6,57176,9,2020,-682.49
688835438707003264,227,6,57176,10,2020,2299.74
688835438707003264,227,6,57176,11,2020,4922.15
688835438707003264,227,6,57176,12,2020,6238.86
689344742969902208,7177,6,31421,1,2020,4594.3
689344742969902208,7177,6,31421,2,2020,7887.93
689344742969902208,7177,6,31421,3,2020,6101.38
689344742969902208,7177,6,31421,4,2020,7074.48
689344742969902208,7177,6,31421,5,2020,5923.4
689344742969902208,7177,6,31421,6,2020,11095.79
689344742969902208,7177,6,31421,7,2020,12885.4
689344742969902208,7177,6,31421,8,2020,8652.42
689344742969902208,7177,6,31421,9,2020,10036.15
689344742969902208,7177,6,31421,10,2020,6359.15
689344742969902208,7177,6,31421,11,2020,2651.35
689344742969902208,7177,6,31421,12,2020,1824.31
68992326641860528,5029,4,11102,1,2020,-10.18
68992326641860528,5029,4,11102,2,2020,-4177.96
68992326641860528,5029,4,11102,3,2020,-1699.63
68992326641860528,5029,4,11102,4,2020,-1189.54
68992326641860528,5029,4,11102,5,2020,-2838.18
68992326641860528,5029,4,11102,6,2020,-3199.96
68992326641860528,5029,4,11102,7,2020,-1461.22
68992326641860528,5029,4,11102,8,2020,-4950.05
68992326641860528,5029,4,11102,9,2020,-3147.5
68992326641860528,5029,4,11102,10,2020,-637.82
68992326641860528,5029,4,11102,11,2020,-111.54
68992326641860528,5029,4,11102,12,2020,-644.84
690982544499967616,7347,2,44558,1,2020,-3742.96
690982544499967616,7347,2,44558,2,2020,-3914.78
690982544499967616,7347,2,44558,3,2020,-6309.98
690982544499967616,7347,2,44558,4,2020,-3245.5
690982544499967616,7347,2,44558,5,2020,-2307.46
690982544499967616,7347,2,44558,6,2020,-1433.16
690982544499967616,7347,2,44558,7,2020,-4659.64
690982544499967616,7347,2,44558,8,2020,-3241.57
690982544499967616,7347,2,44558,9,2020,2819.55
690982544499967616,7347,2,44558,10,2020,1928.75
690982544499967616,7347,2,44558,11,2020,-3433.03
690982544499967616,7347,2,44558,12,2020,-4479.6
691823551238027904,8975,2,52356,1,2020,-6231.46
691823551238027904,8975,2,52356,2,2020,-15384.1
691823551238027904,8975,2,52356,3,2020,-12984.8
691823551238027904,8975,2,52356,4,2020,2310.09
691823551238027904,8975,2,52356,5,2020,2247.07
691823551238027904,8975,2,52356,6,2020,4687.34
691823551238027904,8975,2,52356,7,2020,7146.99
691823551238027904,8975,2,52356,8,2020,16490.89
691823551238027904,8975,2,52356,9,2020,18999.32
691823551238027904,8975,2,52356,10,2020,28545.73
691823551238027904,8975,2,52356,11,2020,28227.68
691823551238027904,8975,2,52356,12,2020,26491.87
692283679923727488,5973,4,91690,1,2020,0.0
692283679923727488,5973,4,91690,2,2020,841.88
692283679923727488,5973,4,91690,3,2020,1703.49
692283679923727488,5973,4,91690,4,2020,3650.54
692283679923727488,5973,4,91690,5,2020,4921.32
692283679923727488,5973,4,91690,6,2020,2789.8
692283679923727488,5973,4,91690,7,2020,-387.41
692283679923727488,5973,4,91690,8,2020,1801.69
692283679923727488,5973,4,91690,9,2020,572.61
692283679923727488,5973,4,91690,10,2020,-340.6
692283679923727488,5973,4,91690,11,2020,-2077.93
692283679923727488,5973,4,91690,12,2020,-3510.31
692816800283292928,1745,1,140,1,2020,1453.15
692816800283292928,1745,1,140,2,2020,-2162.93
692816800283292928,1745,1,140,3,2020,-3374.95
692816800283292928,1745,1,140,4,2020,-2290.89
692816800283292928,1745,1,140,5,2020,-4081.38
692816800283292928,1745,1,140,6,2020,-7484.39
692816800283292928,1745,1,140,7,2020,-7653.29
692816800283292928,1745,1,140,8,2020,-11046.43
692816800283292928,1745,1,140,9,2020,-15481.88
692816800283292928,1745,1,140,10,2020,-23882.68
692816800283292928,1745,1,140,11,2020,-21279.95
692816800283292928,1745,1,140,12,2020,-19680.12
693342459319881984,7873,0,39843,1,2020,-3702.54
693342459319881984,7873,0,39843,2,2020,-381.38
693342459319881984,7873,0,39843,3,2020,4098.86
693342459319881984,7873,0,39843,4,2020,854.01
693342459319881984,7873,0,39843,5,2020,632.92
693342459319881984,7873,0,39843,6,2020,-2465.66
693342459319881984,7873,0,39843,7,2020,-8609.15
693342459319881984,7873,0,39843,8,2020,-12765.51
693342459319881984,7873,0,39843,9,2020,-14228.99
693342459319881984,7873,0,39843,10,2020,-16878.89
693342459319881984,7873,0,39843,11,2020,-22077.53
693342459319881984,7873,0,39843,12,2020,-20948.08
693493188904664704,6555,2,38219,1,2020,3769.32
693493188904664704,6555,2,38219,2,2020,4786.69
693493188904664704,6555,2,38219,3,2020,3897.92
693493188904664704,6555,2,38219,4,2020,-1268.46
693493188904664704,6555,2,38219,5,2020,199.72
693493188904664704,6555,2,38219,6,2020,3237.24
693493188904664704,6555,2,38219,7,2020,-1078.11
693493188904664704,6555,2,38219,8,2020,-3217.56
693493188904664704,6555,2,38219,9,2020,-946.07
693493188904664704,6555,2,38219,10,2020,4008.71
693493188904664704,6555,2,38219,11,2020,1930.94
693493188904664704,6555,2,38219,12,2020,5728.55
693585709608895744,8695,6,60776,1,2020,5259.42
693585709608895744,8695,6,60776,2,2020,5193.35
693585709608895744,8695,6,60776,3,2020,786.04
693585709608895744,8695,6,60776,4,2020,2438.99
693585709608895744,8695,6,60776,5,2020,-2495.93
693585709608895744,8695,6,60776,6,2020,-7912.09
693585709608895744,8695,6,60776,7,2020,-1625.23
693585709608895744,8695,6,60776,8,2020,-6960.73
693585709608895744,8695,6,60776,9,2020,-6308.84
693585709608895744,8695,6,60776,10,2020,247.18
693585709608895744,8695,6,60776,11,2020,-5888.57
693585709608895744,8695,6,60776,12,2020,-11622.16
694077523980517120,3155,0,76933,1,2020,0.0
694077523980517120,3155,0,76933,2,2020,-2925.31
694077523980517120,3155,0,76933,3,2020,-2925.31
694077523980517120,3155,0,76933,4,2020,-3511.16
694077523980517120,3155,0,76933,5,2020,-3621.89
694077523980517120,3155,0,76933,6,2020,-8239.75
694077523980517120,3155,0,76933,7,2020,-7174.13
694077523980517120,3155,0,76933,8,2020,-7174.13
694077523980517120,3155,0,76933,9,2020,-8361.48
694077523980517120,3155,0,76933,10,2020,-10142.99
694077523980517120,3155,0,76933,11,2020,-9184.31
694077523980517120,3155,0,76933,12,2020,-7471.21
694463778388758016,8021,0,56950,1,2020,816.87
694463778388758016,8021,0,56950,2,2020,2409.98
694463778388758016,8021,0,56950,3,2020,3981.87
694463778388758016,8021,0,56950,4,2020,6011.91
694463778388758016,8021,0,56950,5,2020,10608.39
694463778388758016,8021,0,56950,6,2020,10735.74
694463778388758016,8021,0,56950,7,2020,8439.15
694463778388758016,8021,0,56950,8,2020,10628.68
694463778388758016,8021,0,56950,9,2020,6690.32
694463778388758016,8021,0,56950,10,2020,4404.23
694463778388758016,8021,0,56950,11,2020,3007.16
694463778388758016,8021,0,56950,12,2020,3573.95
694666488686648832,3062,0,96327,1,2020,-895.63
694666488686648832,3062,0,96327,2,2020,3286.81
694666488686648832,3062,0,96327,3,2020,4338.2
694666488686648832,3062,0,96327,4,2020,8088.23
694666488686648832,3062,0,96327,5,2020,6774.71
694666488686648832,3062,0,96327,6,2020,3482.99
694666488686648832,3062,0,96327,7,2020,4724.71
694666488686648832,3062,0,96327,8,2020,10278.29
694666488686648832,3062,0,96327,9,2020,12648.28
694666488686648832,3062,0,96327,10,2020,10392.51
694666488686648832,3062,0,96327,11,2020,10532.96
694666488686648832,3062,0,96327,12,2020,7341.65
694681738349465088,8558,9,12304,1,2020,-3003.16
694681738349465088,8558,9,12304,2,2020,-1134.31
694681738349465088,8558,9,12304,3,2020,-1069.97
694681738349465088,8558,9,12304,4,2020,-3439.45
694681738349465088,8558,9,12304,5,2020,-3303.74
694681738349465088,8558,9,12304,6,2020,421.28
694681738349465088,8558,9,12304,7,2020,-1925.93
694681738349465088,8558,9,12304,8,2020,-2656.37
694681738349465088,8558,9,12304,9,2020,-1654.33
694681738349465088,8558,9,12304,10,2020,-7542.09
694681738349465088,8558,9,12304,11,2020,-13256.37
694681738349465088,8558,9,12304,12,2020,-18433.82
694760055415614080,7402,4,72504,1,2020,7206.04
694760055415614080,7402,4,72504,2,2020,-2524.94
694760055415614080,7402,4,72504,3,2020,-6987.23
