2663378750488618496,9460,9,36058,5,2020,-3210.25
2663378750488618496,9460,9,36058,6,2020,-7240.75
2663378750488618496,9460,9,36058,7,2020,-11384.04
2663378750488618496,9460,9,36058,8,2020,-13055.25
2663378750488618496,9460,9,36058,9,2020,-7432.72
2663378750488618496,9460,9,36058,10,2020,-11507.08
2663378750488618496,9460,9,36058,11,2020,-15028.21
2663378750488618496,9460,9,36058,12,2020,-15762.75
2664232533639591936,500,8,97680,1,2020,-2155.72
2664232533639591936,500,8,97680,2,2020,-1962.08
2664232533639591936,500,8,97680,3,2020,-4281.71
2664232533639591936,500,8,97680,4,2020,-6778.19
2664232533639591936,500,8,97680,5,2020,-5757.07
2664232533639591936,500,8,97680,6,2020,-7492.72
2664232533639591936,500,8,97680,7,2020,-4664.41
2664232533639591936,500,8,97680,8,2020,-11408.61
2664232533639591936,500,8,97680,9,2020,-11978.54
2664232533639591936,500,8,97680,10,2020,-16639.92
2664232533639591936,500,8,97680,11,2020,-5018.97
2664232533639591936,500,8,97680,12,2020,-5199.53
266452739389299488,367,7,16679,1,2020,-1866.49
266452739389299488,367,7,16679,2,2020,-3061.12
266452739389299488,367,7,16679,3,2020,-3061.12
266452739389299488,367,7,16679,4,2020,-2394.34
266452739389299488,367,7,16679,5,2020,-4123.38
266452739389299488,367,7,16679,6,2020,-4123.38
266452739389299488,367,7,16679,7,2020,-4123.38
266452739389299488,367,7,16679,8,2020,-3802.48
266452739389299488,367,7,16679,9,2020,-3802.48
266452739389299488,367,7,16679,10,2020,-3802.48
266452739389299488,367,7,16679,11,2020,-3802.48
266452739389299488,367,7,16679,12,2020,-3802.48
2666394854556459008,9591,2,80939,1,2020,1019.96
2666394854556459008,9591,2,80939,2,2020,-3465.82
2666394854556459008,9591,2,80939,3,2020,-9088.32
2666394854556459008,9591,2,80939,4,2020,-3323.05
2666394854556459008,9591,2,80939,5,2020,-967.73
2666394854556459008,9591,2,80939,6,2020,-7875.27
2666394854556459008,9591,2,80939,7,2020,-2156.6
2666394854556459008,9591,2,80939,8,2020,2954.62
2666394854556459008,9591,2,80939,9,2020,5048.37
2666394854556459008,9591,2,80939,10,2020,5150.15
2666394854556459008,9591,2,80939,11,2020,3679.21
2666394854556459008,9591,2,80939,12,2020,1743.48
2666472183670329856,8216,9,82747,1,2020,-1111.87
2666472183670329856,8216,9,82747,2,2020,-681.5
2666472183670329856,8216,9,82747,3,2020,1973.09
2666472183670329856,8216,9,82747,4,2020,2344.56
2666472183670329856,8216,9,82747,5,2020,620.82
2666472183670329856,8216,9,82747,6,2020,2307.7
2666472183670329856,8216,9,82747,7,2020,2900.87
2666472183670329856,8216,9,82747,8,2020,5428.74
2666472183670329856,8216,9,82747,9,2020,3280.66
2666472183670329856,8216,9,82747,10,2020,4731.9
2666472183670329856,8216,9,82747,11,2020,5703.81
2666472183670329856,8216,9,82747,12,2020,5769.24
2666609718618712064,1144,1,85001,1,2020,1748.05
2666609718618712064,1144,1,85001,2,2020,-3365.02
2666609718618712064,1144,1,85001,3,2020,-2685.84
2666609718618712064,1144,1,85001,4,2020,-11616.84
2666609718618712064,1144,1,85001,5,2020,-11108.33
2666609718618712064,1144,1,85001,6,2020,-11313.37
2666609718618712064,1144,1,85001,7,2020,-7900.5
2666609718618712064,1144,1,85001,8,2020,-10728.05
2666609718618712064,1144,1,85001,9,2020,-4386.07
2666609718618712064,1144,1,85001,10,2020,1846.31
2666609718618712064,1144,1,85001,11,2020,1829.91
2666609718618712064,1144,1,85001,12,2020,-5064.88
2666679887070643200,3862,8,89809,1,2020,-7.5
2666679887070643200,3862,8,89809,2,2020,890.71
2666679887070643200,3862,8,89809,3,2020,1885.16
2666679887070643200,3862,8,89809,4,2020,2372.9
2666679887070643200,3862,8,89809,5,2020,4122.71
2666679887070643200,3862,8,89809,6,2020,1950.68
2666679887070643200,3862,8,89809,7,2020,2952.83
2666679887070643200,3862,8,89809,8,2020,-213.15
2666679887070643200,3862,8,89809,9,2020,-964.65
2666679887070643200,3862,8,89809,10,2020,124.83
2666679887070643200,3862,8,89809,11,2020,-1804.17
2666679887070643200,3862,8,89809,12,2020,-3581.58
2667084456098471936,629,6,15964,1,2020,7435.24
2667084456098471936,629,6,15964,2,2020,8413.81
2667084456098471936,629,6,15964,3,2020,5789.52
2667084456098471936,629,6,15964,4,2020,11224.2
2667084456098471936,629,6,15964,5,2020,13475.47
2667084456098471936,629,6,15964,6,2020,14649.58
2667084456098471936,629,6,15964,7,2020,16917.51
2667084456098471936,629,6,15964,8,2020,18953.38
2667084456098471936,629,6,15964,9,2020,30759.62
2667084456098471936,629,6,15964,10,2020,27002.31
2667084456098471936,629,6,15964,11,2020,29938.27
2667084456098471936,629,6,15964,12,2020,30914.9
2668232146114368000,6086,7,41953,1,2020,-2465.36
2668232146114368000,6086,7,41953,2,2020,-1219.67
2668232146114368000,6086,7,41953,3,2020,269.53
2668232146114368000,6086,7,41953,4,2020,-564.97
2668232146114368000,6086,7,41953,5,2020,4352.94
2668232146114368000,6086,7,41953,6,2020,5646.3
2668232146114368000,6086,7,41953,7,2020,-1681.68
2668232146114368000,6086,7,41953,8,2020,-1872.12
2668232146114368000,6086,7,41953,9,2020,-2495.47
2668232146114368000,6086,7,41953,10,2020,-377.54
2668232146114368000,6086,7,41953,11,2020,-8630.48
2668232146114368000,6086,7,41953,12,2020,-13015.09
2669566964026446848,2790,6,95398,1,2020,3353.67
2669566964026446848,2790,6,95398,2,2020,6067.19
2669566964026446848,2790,6,95398,3,2020,12988.47
2669566964026446848,2790,6,95398,4,2020,18177.93
2669566964026446848,2790,6,95398,5,2020,20093.87
2669566964026446848,2790,6,95398,6,2020,20426.14
2669566964026446848,2790,6,95398,7,2020,27255.04
2669566964026446848,2790,6,95398,8,2020,28169.84
2669566964026446848,2790,6,95398,9,2020,26356.45
2669566964026446848,2790,6,95398,10,2020,29778.56
2669566964026446848,2790,6,95398,11,2020,23687.2
2669566964026446848,2790,6,95398,12,2020,23042.95
2671407007307783168,4330,8,9156,1,2020,1960.21
2671407007307783168,4330,8,9156,2,2020,3105.64
2671407007307783168,4330,8,9156,3,2020,9707.79
2671407007307783168,4330,8,9156,4,2020,8182.16
2671407007307783168,4330,8,9156,5,2020,-152.42
2671407007307783168,4330,8,9156,6,2020,758.49
2671407007307783168,4330,8,9156,7,2020,-2737.62
2671407007307783168,4330,8,9156,8,2020,-715.33
2671407007307783168,4330,8,9156,9,2020,1652.01
2671407007307783168,4330,8,9156,10,2020,1799.81
2671407007307783168,4330,8,9156,11,2020,3872.93
2671407007307783168,4330,8,9156,12,2020,-5997.67
2671595374857391616,307,5,42967,1,2020,4442.15
2671595374857391616,307,5,42967,2,2020,1517.86
2671595374857391616,307,5,42967,3,2020,8734.83
2671595374857391616,307,5,42967,4,2020,4575.52
2671595374857391616,307,5,42967,5,2020,9629.61
2671595374857391616,307,5,42967,6,2020,8465.22
2671595374857391616,307,5,42967,7,2020,859.13
2671595374857391616,307,5,42967,8,2020,3200.94
2671595374857391616,307,5,42967,9,2020,5096.34
2671595374857391616,307,5,42967,10,2020,-12267.51
2671595374857391616,307,5,42967,11,2020,-16883.64
2671595374857391616,307,5,42967,12,2020,-15731.91
2672365251713287168,3546,3,33921,1,2020,0.0
2672365251713287168,3546,3,33921,2,2020,-1431.21
2672365251713287168,3546,3,33921,3,2020,-1431.21
2672365251713287168,3546,3,33921,4,2020,-1431.21
2672365251713287168,3546,3,33921,5,2020,-1431.21
2672365251713287168,3546,3,33921,6,2020,-1431.21
2672365251713287168,3546,3,33921,7,2020,-1431.21
2672365251713287168,3546,3,33921,8,2020,-1604.79
2672365251713287168,3546,3,33921,9,2020,-1313.04
2672365251713287168,3546,3,33921,10,2020,-601.57
2672365251713287168,3546,3,33921,11,2020,-601.57
2672365251713287168,3546,3,33921,12,2020,-601.57
2672396808312370688,3258,2,74171,1,2020,-2389.18
2672396808312370688,3258,2,74171,2,2020,-459.39
2672396808312370688,3258,2,74171,3,2020,1602.07
2672396808312370688,3258,2,74171,4,2020,-21.57
2672396808312370688,3258,2,74171,5,2020,-1157.88
2672396808312370688,3258,2,74171,6,2020,-4290.61
2672396808312370688,3258,2,74171,7,2020,-7393.02
2672396808312370688,3258,2,74171,8,2020,-8418.18
2672396808312370688,3258,2,74171,9,2020,-3795.53
2672396808312370688,3258,2,74171,10,2020,-6217.02
2672396808312370688,3258,2,74171,11,2020,-2359.6
2672396808312370688,3258,2,74171,12,2020,-4342.54
2673237789241110016,4647,9,53292,1,2020,-4534.65
2673237789241110016,4647,9,53292,2,2020,-5059.67
2673237789241110016,4647,9,53292,3,2020,-7930.6
2673237789241110016,4647,9,53292,4,2020,-9180.76
2673237789241110016,4647,9,53292,5,2020,-14542.3
2673237789241110016,4647,9,53292,6,2020,-12563.17
2673237789241110016,4647,9,53292,7,2020,-14658.88
2673237789241110016,4647,9,53292,8,2020,-12917.4
2673237789241110016,4647,9,53292,9,2020,-18562.11
2673237789241110016,4647,9,53292,10,2020,-13663.59
2673237789241110016,4647,9,53292,11,2020,-8265.36
2673237789241110016,4647,9,53292,12,2020,-7660.25
2673387237276380160,6636,7,10287,1,2020,7580.21
2673387237276380160,6636,7,10287,2,2020,12139.72
2673387237276380160,6636,7,10287,3,2020,10073.49
2673387237276380160,6636,7,10287,4,2020,10600.66
2673387237276380160,6636,7,10287,5,2020,15451.5
2673387237276380160,6636,7,10287,6,2020,11778.52
2673387237276380160,6636,7,10287,7,2020,15801.74
2673387237276380160,6636,7,10287,8,2020,19254.69
2673387237276380160,6636,7,10287,9,2020,26168.61
2673387237276380160,6636,7,10287,10,2020,28300.94
2673387237276380160,6636,7,10287,11,2020,19472.46
2673387237276380160,6636,7,10287,12,2020,17755.83
2675216141114081280,9453,7,32459,1,2020,-838.24
2675216141114081280,9453,7,32459,2,2020,-785.44
2675216141114081280,9453,7,32459,3,2020,-376.23
2675216141114081280,9453,7,32459,4,2020,-1726.95
2675216141114081280,9453,7,32459,5,2020,4263.21
2675216141114081280,9453,7,32459,6,2020,2564.8
2675216141114081280,9453,7,32459,7,2020,5255.66
2675216141114081280,9453,7,32459,8,2020,5923.08
2675216141114081280,9453,7,32459,9,2020,2097.19
2675216141114081280,9453,7,32459,10,2020,9471.83
2675216141114081280,9453,7,32459,11,2020,13485.63
2675216141114081280,9453,7,32459,12,2020,12234.29
2675885123035686400,706,0,53238,1,2020,386.6
2675885123035686400,706,0,53238,2,2020,5751.01
2675885123035686400,706,0,53238,3,2020,-2819.36
2675885123035686400,706,0,53238,4,2020,-821.44
2675885123035686400,706,0,53238,5,2020,2293.98
2675885123035686400,706,0,53238,6,2020,517.86
2675885123035686400,706,0,53238,7,2020,3011.12
2675885123035686400,706,0,53238,8,2020,450.35
2675885123035686400,706,0,53238,9,2020,-3631.0
2675885123035686400,706,0,53238,10,2020,-3941.97
2675885123035686400,706,0,53238,11,2020,-2617.79
2675885123035686400,706,0,53238,12,2020,-2862.18
2676204029295935488,5497,8,65930,1,2020,-8429.92
2676204029295935488,5497,8,65930,2,2020,-8323.19
2676204029295935488,5497,8,65930,3,2020,-7421.34
2676204029295935488,5497,8,65930,4,2020,-4042.13
2676204029295935488,5497,8,65930,5,2020,-6929.08
2676204029295935488,5497,8,65930,6,2020,-13454.16
2676204029295935488,5497,8,65930,7,2020,-5329.47
2676204029295935488,5497,8,65930,8,2020,-5405.46
2676204029295935488,5497,8,65930,9,2020,-11488.96
2676204029295935488,5497,8,65930,10,2020,-15570.52
2676204029295935488,5497,8,65930,11,2020,-16027.32
2676204029295935488,5497,8,65930,12,2020,-12961.09
2676687990081312256,322,0,4283,1,2020,-2490.86
2676687990081312256,322,0,4283,2,2020,-121.51
2676687990081312256,322,0,4283,3,2020,252.88
2676687990081312256,322,0,4283,4,2020,-6007.59
2676687990081312256,322,0,4283,5,2020,-14355.93
2676687990081312256,322,0,4283,6,2020,-18786.42
2676687990081312256,322,0,4283,7,2020,-16240.15
2676687990081312256,322,0,4283,8,2020,-14086.09
2676687990081312256,322,0,4283,9,2020,-17259.73
2676687990081312256,322,0,4283,10,2020,-23271.89
2676687990081312256,322,0,4283,11,2020,-21591.96
2676687990081312256,322,0,4283,12,2020,-20145.97
2677325150562278400,3156,8,43235,1,2020,2200.24
2677325150562278400,3156,8,43235,2,2020,2158.3
2677325150562278400,3156,8,43235,3,2020,3920.67
