3060198278767561728,9787,0,23042,7,2020,20163.11
3060198278767561728,9787,0,23042,8,2020,20470.0
3060198278767561728,9787,0,23042,9,2020,26276.23
3060198278767561728,9787,0,23042,10,2020,26263.43
3060198278767561728,9787,0,23042,11,2020,28677.18
3060198278767561728,9787,0,23042,12,2020,31489.77
3060310672437492224,4369,5,5056,1,2020,-1356.24
3060310672437492224,4369,5,5056,2,2020,-1668.28
3060310672437492224,4369,5,5056,3,2020,-2220.92
3060310672437492224,4369,5,5056,4,2020,-3996.58
3060310672437492224,4369,5,5056,5,2020,-3449.05
3060310672437492224,4369,5,5056,6,2020,-5177.65
3060310672437492224,4369,5,5056,7,2020,-6649.02
3060310672437492224,4369,5,5056,8,2020,-4206.37
3060310672437492224,4369,5,5056,9,2020,-681.64
3060310672437492224,4369,5,5056,10,2020,915.31
3060310672437492224,4369,5,5056,11,2020,9916.64
3060310672437492224,4369,5,5056,12,2020,15498.58
3061362685884705280,9416,5,75652,1,2020,-2073.65
3061362685884705280,9416,5,75652,2,2020,-254.25
3061362685884705280,9416,5,75652,3,2020,-1747.23
3061362685884705280,9416,5,75652,4,2020,-2572.26
3061362685884705280,9416,5,75652,5,2020,-1395.46
3061362685884705280,9416,5,75652,6,2020,-317.91
3061362685884705280,9416,5,75652,7,2020,-5062.94
3061362685884705280,9416,5,75652,8,2020,-11062.69
3061362685884705280,9416,5,75652,9,2020,-7370.93
3061362685884705280,9416,5,75652,10,2020,-4319.31
3061362685884705280,9416,5,75652,11,2020,-6476.58
3061362685884705280,9416,5,75652,12,2020,-10615.15
3062314393397168128,710,5,28964,1,2020,-3421.97
3062314393397168128,710,5,28964,2,2020,-6579.58
3062314393397168128,710,5,28964,3,2020,-4560.53
3062314393397168128,710,5,28964,4,2020,-3569.68
3062314393397168128,710,5,28964,5,2020,-6832.46
3062314393397168128,710,5,28964,6,2020,-6665.31
3062314393397168128,710,5,28964,7,2020,-6548.38
3062314393397168128,710,5,28964,8,2020,-4489.75
3062314393397168128,710,5,28964,9,2020,-5301.52
3062314393397168128,710,5,28964,10,2020,-3839.5
3062314393397168128,710,5,28964,11,2020,-2223.27
3062314393397168128,710,5,28964,12,2020,-1458.72
3062828366442967552,2134,6,26157,1,2020,-1286.46
3062828366442967552,2134,6,26157,2,2020,-5808.88
3062828366442967552,2134,6,26157,3,2020,-195.97
3062828366442967552,2134,6,26157,4,2020,-4109.55
3062828366442967552,2134,6,26157,5,2020,-7220.91
3062828366442967552,2134,6,26157,6,2020,-4918.68
3062828366442967552,2134,6,26157,7,2020,-12323.54
3062828366442967552,2134,6,26157,8,2020,-12069.19
3062828366442967552,2134,6,26157,9,2020,-9163.18
3062828366442967552,2134,6,26157,10,2020,-9146.58
3062828366442967552,2134,6,26157,11,2020,-3125.42
3062828366442967552,2134,6,26157,12,2020,-7143.97
3064347252527932928,4059,4,70244,1,2020,-663.76
3064347252527932928,4059,4,70244,2,2020,-765.99
3064347252527932928,4059,4,70244,3,2020,-1959.18
3064347252527932928,4059,4,70244,4,2020,-1661.51
3064347252527932928,4059,4,70244,5,2020,-805.32
3064347252527932928,4059,4,70244,6,2020,1262.19
3064347252527932928,4059,4,70244,7,2020,210.31
3064347252527932928,4059,4,70244,8,2020,-865.71
3064347252527932928,4059,4,70244,9,2020,-566.91
3064347252527932928,4059,4,70244,10,2020,-1021.57
3064347252527932928,4059,4,70244,11,2020,-2012.33
3064347252527932928,4059,4,70244,12,2020,-2800.76
3065261582310682112,2234,1,77874,1,2020,-3454.41
3065261582310682112,2234,1,77874,2,2020,-2674.9
3065261582310682112,2234,1,77874,3,2020,-7192.86
3065261582310682112,2234,1,77874,4,2020,-4137.06
3065261582310682112,2234,1,77874,5,2020,555.2
3065261582310682112,2234,1,77874,6,2020,3530.68
3065261582310682112,2234,1,77874,7,2020,4964.73
3065261582310682112,2234,1,77874,8,2020,-326.91
3065261582310682112,2234,1,77874,9,2020,-2065.57
3065261582310682112,2234,1,77874,10,2020,-1640.45
3065261582310682112,2234,1,77874,11,2020,4492.09
3065261582310682112,2234,1,77874,12,2020,5065.54
3065282141395314688,260,2,14316,1,2020,3222.05
3065282141395314688,260,2,14316,2,2020,6577.81
3065282141395314688,260,2,14316,3,2020,8523.37
3065282141395314688,260,2,14316,4,2020,6613.11
3065282141395314688,260,2,14316,5,2020,7583.83
3065282141395314688,260,2,14316,6,2020,1725.46
3065282141395314688,260,2,14316,7,2020,-1195.0
3065282141395314688,260,2,14316,8,2020,522.67
3065282141395314688,260,2,14316,9,2020,1009.19
3065282141395314688,260,2,14316,10,2020,795.79
3065282141395314688,260,2,14316,11,2020,-639.46
3065282141395314688,260,2,14316,12,2020,816.38
3066232247883889664,5981,4,64208,1,2020,391.5
3066232247883889664,5981,4,64208,2,2020,-1833.84
3066232247883889664,5981,4,64208,3,2020,-2547.95
3066232247883889664,5981,4,64208,4,2020,1242.44
3066232247883889664,5981,4,64208,5,2020,-717.66
3066232247883889664,5981,4,64208,6,2020,991.62
3066232247883889664,5981,4,64208,7,2020,540.91
3066232247883889664,5981,4,64208,8,2020,406.15
3066232247883889664,5981,4,64208,9,2020,1183.99
3066232247883889664,5981,4,64208,10,2020,2285.5
3066232247883889664,5981,4,64208,11,2020,4258.41
3066232247883889664,5981,4,64208,12,2020,3164.53
3067295166680252928,2331,7,40843,1,2020,0.0
3067295166680252928,2331,7,40843,2,2020,0.0
3067295166680252928,2331,7,40843,3,2020,-57.82
3067295166680252928,2331,7,40843,4,2020,1478.83
3067295166680252928,2331,7,40843,5,2020,1478.83
3067295166680252928,2331,7,40843,6,2020,-162.55
3067295166680252928,2331,7,40843,7,2020,-162.55
3067295166680252928,2331,7,40843,8,2020,1817.31
3067295166680252928,2331,7,40843,9,2020,1817.31
3067295166680252928,2331,7,40843,10,2020,2528.74
3067295166680252928,2331,7,40843,11,2020,2528.74
3067295166680252928,2331,7,40843,12,2020,2528.74
3067980970409318912,8499,7,5132,1,2020,6189.32
3067980970409318912,8499,7,5132,2,2020,3627.21
3067980970409318912,8499,7,5132,3,2020,4915.74
3067980970409318912,8499,7,5132,4,2020,6205.54
3067980970409318912,8499,7,5132,5,2020,3819.16
3067980970409318912,8499,7,5132,6,2020,2813.01
3067980970409318912,8499,7,5132,7,2020,2263.81
3067980970409318912,8499,7,5132,8,2020,2263.81
3067980970409318912,8499,7,5132,9,2020,436.46
3067980970409318912,8499,7,5132,10,2020,4801.18
3067980970409318912,8499,7,5132,11,2020,9246.72
3067980970409318912,8499,7,5132,12,2020,10669.55
3068842485539721216,7937,9,57811,1,2020,9138.38
3068842485539721216,7937,9,57811,2,2020,14562.5
3068842485539721216,7937,9,57811,3,2020,10205.43
3068842485539721216,7937,9,57811,4,2020,16948.14
3068842485539721216,7937,9,57811,5,2020,16279.81
3068842485539721216,7937,9,57811,6,2020,13902.02
3068842485539721216,7937,9,57811,7,2020,15857.86
3068842485539721216,7937,9,57811,8,2020,7418.26
3068842485539721216,7937,9,57811,9,2020,3688.71
3068842485539721216,7937,9,57811,10,2020,9728.71
3068842485539721216,7937,9,57811,11,2020,10931.46
3068842485539721216,7937,9,57811,12,2020,11445.0
3069279228388982784,3863,2,66722,1,2020,-1777.1
3069279228388982784,3863,2,66722,2,2020,2031.66
3069279228388982784,3863,2,66722,3,2020,1735.65
3069279228388982784,3863,2,66722,4,2020,7708.45
3069279228388982784,3863,2,66722,5,2020,10487.11
3069279228388982784,3863,2,66722,6,2020,9624.45
3069279228388982784,3863,2,66722,7,2020,2162.03
3069279228388982784,3863,2,66722,8,2020,3262.42
3069279228388982784,3863,2,66722,9,2020,8120.28
3069279228388982784,3863,2,66722,10,2020,8186.46
3069279228388982784,3863,2,66722,11,2020,15089.14
3069279228388982784,3863,2,66722,12,2020,14942.93
3071002751875600384,2803,8,20284,1,2020,4757.78
3071002751875600384,2803,8,20284,2,2020,9486.52
3071002751875600384,2803,8,20284,3,2020,15269.69
3071002751875600384,2803,8,20284,4,2020,15134.65
3071002751875600384,2803,8,20284,5,2020,18444.47
3071002751875600384,2803,8,20284,6,2020,19492.01
3071002751875600384,2803,8,20284,7,2020,26032.85
3071002751875600384,2803,8,20284,8,2020,22605.83
3071002751875600384,2803,8,20284,9,2020,30472.39
3071002751875600384,2803,8,20284,10,2020,32741.6
3071002751875600384,2803,8,20284,11,2020,34843.48
3071002751875600384,2803,8,20284,12,2020,35583.46
3071822444147723776,6604,2,86953,1,2020,335.77
3071822444147723776,6604,2,86953,2,2020,5406.42
3071822444147723776,6604,2,86953,3,2020,2673.58
3071822444147723776,6604,2,86953,4,2020,4793.6
3071822444147723776,6604,2,86953,5,2020,1804.39
3071822444147723776,6604,2,86953,6,2020,-2070.84
3071822444147723776,6604,2,86953,7,2020,-1169.86
3071822444147723776,6604,2,86953,8,2020,-390.5
3071822444147723776,6604,2,86953,9,2020,-4348.38
3071822444147723776,6604,2,86953,10,2020,-20091.32
3071822444147723776,6604,2,86953,11,2020,-25129.9
3071822444147723776,6604,2,86953,12,2020,-29715.52
3072642534890537472,562,8,2154,1,2020,1256.13
3072642534890537472,562,8,2154,2,2020,1171.0
3072642534890537472,562,8,2154,3,2020,900.13
3072642534890537472,562,8,2154,4,2020,924.8
3072642534890537472,562,8,2154,5,2020,3086.52
3072642534890537472,562,8,2154,6,2020,1877.49
3072642534890537472,562,8,2154,7,2020,-5848.96
3072642534890537472,562,8,2154,8,2020,-7865.83
3072642534890537472,562,8,2154,9,2020,-6198.6
3072642534890537472,562,8,2154,10,2020,-2318.05
3072642534890537472,562,8,2154,11,2020,-726.34
3072642534890537472,562,8,2154,12,2020,641.86
3074166036274764800,8490,4,88790,1,2020,4991.38
3074166036274764800,8490,4,88790,2,2020,4766.95
3074166036274764800,8490,4,88790,3,2020,8114.21
3074166036274764800,8490,4,88790,4,2020,6600.05
3074166036274764800,8490,4,88790,5,2020,7523.9
3074166036274764800,8490,4,88790,6,2020,11078.06
3074166036274764800,8490,4,88790,7,2020,12338.13
3074166036274764800,8490,4,88790,8,2020,11191.65
3074166036274764800,8490,4,88790,9,2020,4384.73
3074166036274764800,8490,4,88790,10,2020,-406.77
3074166036274764800,8490,4,88790,11,2020,6011.73
3074166036274764800,8490,4,88790,12,2020,626.93
3074477400137591808,8630,1,57051,1,2020,6400.67
3074477400137591808,8630,1,57051,2,2020,5928.94
3074477400137591808,8630,1,57051,3,2020,9410.01
3074477400137591808,8630,1,57051,4,2020,15816.17
3074477400137591808,8630,1,57051,5,2020,19729.51
3074477400137591808,8630,1,57051,6,2020,18552.89
3074477400137591808,8630,1,57051,7,2020,13938.71
3074477400137591808,8630,1,57051,8,2020,10019.34
3074477400137591808,8630,1,57051,9,2020,8012.2
3074477400137591808,8630,1,57051,10,2020,6830.48
3074477400137591808,8630,1,57051,11,2020,3337.62
3074477400137591808,8630,1,57051,12,2020,10351.72
3074788686898732544,6955,9,4033,1,2020,3870.8
3074788686898732544,6955,9,4033,2,2020,5899.79
3074788686898732544,6955,9,4033,3,2020,666.51
3074788686898732544,6955,9,4033,4,2020,1657.6
3074788686898732544,6955,9,4033,5,2020,760.69
3074788686898732544,6955,9,4033,6,2020,-3071.54
3074788686898732544,6955,9,4033,7,2020,-8236.77
3074788686898732544,6955,9,4033,8,2020,-8864.16
3074788686898732544,6955,9,4033,9,2020,-12282.09
3074788686898732544,6955,9,4033,10,2020,-19796.4
3074788686898732544,6955,9,4033,11,2020,-20310.32
3074788686898732544,6955,9,4033,12,2020,-18917.13
3074969834844556288,341,3,50541,1,2020,-973.41
3074969834844556288,341,3,50541,2,2020,1003.79
3074969834844556288,341,3,50541,3,2020,541.01
3074969834844556288,341,3,50541,4,2020,-93.81
3074969834844556288,341,3,50541,5,2020,-114.19
3074969834844556288,341,3,50541,6,2020,1859.06
3074969834844556288,341,3,50541,7,2020,2428.21
3074969834844556288,341,3,50541,8,2020,895.83
3074969834844556288,341,3,50541,9,2020,-5208.86
3074969834844556288,341,3,50541,10,2020,-6293.45
3074969834844556288,341,3,50541,11,2020,-9362.64
3074969834844556288,341,3,50541,12,2020,-11000.87
3076577951075780608,1402,0,25221,1,2020,0.0
3076577951075780608,1402,0,25221,2,2020,0.0
3076577951075780608,1402,0,25221,3,2020,0.0
3076577951075780608,1402,0,25221,4,2020,0.0
3076577951075780608,1402,0,25221,5,2020,0.0
3076577951075780608,1402,0,25221,6,2020,0.0
