2564207793132371968,6081,5,59872,4,2020,23099.51
2564207793132371968,6081,5,59872,5,2020,24280.23
2564207793132371968,6081,5,59872,6,2020,32639.97
2564207793132371968,6081,5,59872,7,2020,27389.1
2564207793132371968,6081,5,59872,8,2020,19303.66
2564207793132371968,6081,5,59872,9,2020,23958.45
2564207793132371968,6081,5,59872,10,2020,21340.9
2564207793132371968,6081,5,59872,11,2020,23456.31
2564207793132371968,6081,5,59872,12,2020,26224.04
2564556380667662336,9104,2,17754,1,2020,-932.35
2564556380667662336,9104,2,17754,2,2020,-1290.24
2564556380667662336,9104,2,17754,3,2020,-9099.08
2564556380667662336,9104,2,17754,4,2020,-11475.66
2564556380667662336,9104,2,17754,5,2020,-11094.4
2564556380667662336,9104,2,17754,6,2020,-22909.42
2564556380667662336,9104,2,17754,7,2020,-22377.53
2564556380667662336,9104,2,17754,8,2020,-21032.16
2564556380667662336,9104,2,17754,9,2020,-21486.59
2564556380667662336,9104,2,17754,10,2020,-18429.47
2564556380667662336,9104,2,17754,11,2020,-12487.41
2564556380667662336,9104,2,17754,12,2020,-10401.47
2564732589506044416,6284,7,45182,1,2020,6740.02
2564732589506044416,6284,7,45182,2,2020,12993.26
2564732589506044416,6284,7,45182,3,2020,5448.03
2564732589506044416,6284,7,45182,4,2020,15709.53
2564732589506044416,6284,7,45182,5,2020,8738.63
2564732589506044416,6284,7,45182,6,2020,12633.81
2564732589506044416,6284,7,45182,7,2020,15414.51
2564732589506044416,6284,7,45182,8,2020,20202.1
2564732589506044416,6284,7,45182,9,2020,21289.64
2564732589506044416,6284,7,45182,10,2020,24416.69
2564732589506044416,6284,7,45182,11,2020,29200.92
2564732589506044416,6284,7,45182,12,2020,30701.55
2564989623377068032,2157,3,30376,1,2020,-2679.72
2564989623377068032,2157,3,30376,2,2020,-2679.72
2564989623377068032,2157,3,30376,3,2020,-1730.27
2564989623377068032,2157,3,30376,4,2020,-1172.32
2564989623377068032,2157,3,30376,5,2020,-570.33
2564989623377068032,2157,3,30376,6,2020,-2185.43
2564989623377068032,2157,3,30376,7,2020,377.35
2564989623377068032,2157,3,30376,8,2020,155.89
2564989623377068032,2157,3,30376,9,2020,-2332.19
2564989623377068032,2157,3,30376,10,2020,-3536.41
2564989623377068032,2157,3,30376,11,2020,-1989.32
2564989623377068032,2157,3,30376,12,2020,183.4
2565142372847597568,8096,1,48390,1,2020,1133.38
2565142372847597568,8096,1,48390,2,2020,4630.4
2565142372847597568,8096,1,48390,3,2020,5884.51
2565142372847597568,8096,1,48390,4,2020,2504.59
2565142372847597568,8096,1,48390,5,2020,876.95
2565142372847597568,8096,1,48390,6,2020,4194.47
2565142372847597568,8096,1,48390,7,2020,2729.81
2565142372847597568,8096,1,48390,8,2020,5840.44
2565142372847597568,8096,1,48390,9,2020,857.0
2565142372847597568,8096,1,48390,10,2020,704.99
2565142372847597568,8096,1,48390,11,2020,480.1
2565142372847597568,8096,1,48390,12,2020,-1052.17
2565165780537280000,9403,7,80065,1,2020,493.62
2565165780537280000,9403,7,80065,2,2020,-3111.43
2565165780537280000,9403,7,80065,3,2020,-8059.5
2565165780537280000,9403,7,80065,4,2020,-7123.74
2565165780537280000,9403,7,80065,5,2020,-2690.74
2565165780537280000,9403,7,80065,6,2020,-3828.0
2565165780537280000,9403,7,80065,7,2020,-10142.1
2565165780537280000,9403,7,80065,8,2020,-9193.38
2565165780537280000,9403,7,80065,9,2020,-9121.73
2565165780537280000,9403,7,80065,10,2020,-6823.76
2565165780537280000,9403,7,80065,11,2020,-12623.38
2565165780537280000,9403,7,80065,12,2020,-14244.76
2565205962938397696,2124,5,98060,1,2020,3082.01
2565205962938397696,2124,5,98060,2,2020,3927.92
2565205962938397696,2124,5,98060,3,2020,8915.94
2565205962938397696,2124,5,98060,4,2020,3929.47
2565205962938397696,2124,5,98060,5,2020,-2751.66
2565205962938397696,2124,5,98060,6,2020,-4833.2
2565205962938397696,2124,5,98060,7,2020,-129.88
2565205962938397696,2124,5,98060,8,2020,6549.29
2565205962938397696,2124,5,98060,9,2020,5973.61
2565205962938397696,2124,5,98060,10,2020,7220.66
2565205962938397696,2124,5,98060,11,2020,3932.13
2565205962938397696,2124,5,98060,12,2020,1975.75
2565422015403164672,3853,2,56572,1,2020,-6076.11
2565422015403164672,3853,2,56572,2,2020,-2491.86
2565422015403164672,3853,2,56572,3,2020,1985.36
2565422015403164672,3853,2,56572,4,2020,7635.82
2565422015403164672,3853,2,56572,5,2020,13369.55
2565422015403164672,3853,2,56572,6,2020,13664.38
2565422015403164672,3853,2,56572,7,2020,10426.34
2565422015403164672,3853,2,56572,8,2020,12482.23
2565422015403164672,3853,2,56572,9,2020,11173.27
2565422015403164672,3853,2,56572,10,2020,12306.81
2565422015403164672,3853,2,56572,11,2020,7113.3
2565422015403164672,3853,2,56572,12,2020,6943.79
2566014392152346624,6231,9,53757,1,2020,6322.5
2566014392152346624,6231,9,53757,2,2020,4377.61
2566014392152346624,6231,9,53757,3,2020,4952.63
2566014392152346624,6231,9,53757,4,2020,-2748.39
2566014392152346624,6231,9,53757,5,2020,-157.16
2566014392152346624,6231,9,53757,6,2020,-6118.75
2566014392152346624,6231,9,53757,7,2020,-7212.48
2566014392152346624,6231,9,53757,8,2020,-12421.38
2566014392152346624,6231,9,53757,9,2020,-14266.81
2566014392152346624,6231,9,53757,10,2020,-17397.83
2566014392152346624,6231,9,53757,11,2020,-19811.06
2566014392152346624,6231,9,53757,12,2020,-19357.24
2566490291969177600,6659,1,82061,1,2020,2631.81
2566490291969177600,6659,1,82061,2,2020,1432.27
2566490291969177600,6659,1,82061,3,2020,10766.32
2566490291969177600,6659,1,82061,4,2020,14922.51
2566490291969177600,6659,1,82061,5,2020,17977.74
2566490291969177600,6659,1,82061,6,2020,19147.34
2566490291969177600,6659,1,82061,7,2020,27201.82
2566490291969177600,6659,1,82061,8,2020,22607.0
2566490291969177600,6659,1,82061,9,2020,22852.22
2566490291969177600,6659,1,82061,10,2020,18607.86
2566490291969177600,6659,1,82061,11,2020,17763.57
2566490291969177600,6659,1,82061,12,2020,22787.17
2566495738064916992,4691,2,61685,1,2020,2000.84
2566495738064916992,4691,2,61685,2,2020,-5419.18
2566495738064916992,4691,2,61685,3,2020,-4045.98
2566495738064916992,4691,2,61685,4,2020,-8355.87
2566495738064916992,4691,2,61685,5,2020,-5749.51
2566495738064916992,4691,2,61685,6,2020,-3325.63
2566495738064916992,4691,2,61685,7,2020,-2911.91
2566495738064916992,4691,2,61685,8,2020,1431.37
2566495738064916992,4691,2,61685,9,2020,2859.16
2566495738064916992,4691,2,61685,10,2020,3468.52
2566495738064916992,4691,2,61685,11,2020,5500.78
2566495738064916992,4691,2,61685,12,2020,2638.64
256676415234214144,7995,8,9854,1,2020,218.26
256676415234214144,7995,8,9854,2,2020,1934.36
256676415234214144,7995,8,9854,3,2020,4363.12
256676415234214144,7995,8,9854,4,2020,4162.79
256676415234214144,7995,8,9854,5,2020,4554.24
256676415234214144,7995,8,9854,6,2020,3797.02
256676415234214144,7995,8,9854,7,2020,4322.89
256676415234214144,7995,8,9854,8,2020,9281.39
256676415234214144,7995,8,9854,9,2020,7151.83
256676415234214144,7995,8,9854,10,2020,7151.83
256676415234214144,7995,8,9854,11,2020,9277.5
256676415234214144,7995,8,9854,12,2020,6170.28
2568708337558359040,7499,9,63916,1,2020,-4055.33
2568708337558359040,7499,9,63916,2,2020,-8700.91
2568708337558359040,7499,9,63916,3,2020,-5442.55
2568708337558359040,7499,9,63916,4,2020,-6922.7
2568708337558359040,7499,9,63916,5,2020,-12312.53
2568708337558359040,7499,9,63916,6,2020,-8356.44
2568708337558359040,7499,9,63916,7,2020,-4801.58
2568708337558359040,7499,9,63916,8,2020,-4516.16
2568708337558359040,7499,9,63916,9,2020,1030.73
2568708337558359040,7499,9,63916,10,2020,-2112.37
2568708337558359040,7499,9,63916,11,2020,-3422.36
2568708337558359040,7499,9,63916,12,2020,-7588.4
2569093538912119808,4564,7,649,1,2020,-287.32
2569093538912119808,4564,7,649,2,2020,2208.15
2569093538912119808,4564,7,649,3,2020,4297.67
2569093538912119808,4564,7,649,4,2020,5120.68
2569093538912119808,4564,7,649,5,2020,-796.22
2569093538912119808,4564,7,649,6,2020,-3057.1
2569093538912119808,4564,7,649,7,2020,-6110.98
2569093538912119808,4564,7,649,8,2020,-11122.46
2569093538912119808,4564,7,649,9,2020,-9642.84
2569093538912119808,4564,7,649,10,2020,-8637.91
2569093538912119808,4564,7,649,11,2020,-6543.27
2569093538912119808,4564,7,649,12,2020,-9057.8
2569200459575096,5646,6,73377,1,2020,4795.85
2569200459575096,5646,6,73377,2,2020,2371.53
2569200459575096,5646,6,73377,3,2020,1387.91
2569200459575096,5646,6,73377,4,2020,5340.25
2569200459575096,5646,6,73377,5,2020,4736.22
2569200459575096,5646,6,73377,6,2020,3999.16
2569200459575096,5646,6,73377,7,2020,-1060.24
2569200459575096,5646,6,73377,8,2020,-3312.91
2569200459575096,5646,6,73377,9,2020,-4707.38
2569200459575096,5646,6,73377,10,2020,-3622.59
2569200459575096,5646,6,73377,11,2020,-8974.41
2569200459575096,5646,6,73377,12,2020,-4272.13
2571016899143157760,5240,7,84506,1,2020,-265.23
2571016899143157760,5240,7,84506,2,2020,-5306.48
2571016899143157760,5240,7,84506,3,2020,5054.92
2571016899143157760,5240,7,84506,4,2020,3203.55
2571016899143157760,5240,7,84506,5,2020,-983.88
2571016899143157760,5240,7,84506,6,2020,3901.08
2571016899143157760,5240,7,84506,7,2020,-6677.29
2571016899143157760,5240,7,84506,8,2020,-5022.95
2571016899143157760,5240,7,84506,9,2020,-11040.65
2571016899143157760,5240,7,84506,10,2020,-9074.26
2571016899143157760,5240,7,84506,11,2020,-2292.32
2571016899143157760,5240,7,84506,12,2020,-7824.42
2571048313192768512,978,4,97810,1,2020,2317.93
2571048313192768512,978,4,97810,2,2020,1426.63
2571048313192768512,978,4,97810,3,2020,-1151.58
2571048313192768512,978,4,97810,4,2020,-2570.65
2571048313192768512,978,4,97810,5,2020,-3063.01
2571048313192768512,978,4,97810,6,2020,-1864.54
2571048313192768512,978,4,97810,7,2020,-2821.97
2571048313192768512,978,4,97810,8,2020,-2140.12
2571048313192768512,978,4,97810,9,2020,-2115.64
2571048313192768512,978,4,97810,10,2020,-2206.34
2571048313192768512,978,4,97810,11,2020,2665.27
2571048313192768512,978,4,97810,12,2020,3368.89
2571322912490301952,101,2,19253,1,2020,365.65
2571322912490301952,101,2,19253,2,2020,-2029.83
2571322912490301952,101,2,19253,3,2020,-3308.89
2571322912490301952,101,2,19253,4,2020,-2992.59
2571322912490301952,101,2,19253,5,2020,-2992.59
2571322912490301952,101,2,19253,6,2020,-1691.0
2571322912490301952,101,2,19253,7,2020,-1235.66
2571322912490301952,101,2,19253,8,2020,-969.51
2571322912490301952,101,2,19253,9,2020,-1124.61
2571322912490301952,101,2,19253,10,2020,-3740.47
2571322912490301952,101,2,19253,11,2020,-3093.14
2571322912490301952,101,2,19253,12,2020,-6648.16
257156172637830752,2938,5,20942,1,2020,982.08
257156172637830752,2938,5,20942,2,2020,4698.28
257156172637830752,2938,5,20942,3,2020,8544.84
257156172637830752,2938,5,20942,4,2020,8915.0
257156172637830752,2938,5,20942,5,2020,10350.58
257156172637830752,2938,5,20942,6,2020,18400.05
257156172637830752,2938,5,20942,7,2020,21994.06
257156172637830752,2938,5,20942,8,2020,23190.93
257156172637830752,2938,5,20942,9,2020,22237.26
257156172637830752,2938,5,20942,10,2020,22322.7
257156172637830752,2938,5,20942,11,2020,23766.19
257156172637830752,2938,5,20942,12,2020,20300.65
2572435834096320512,9866,9,16297,1,2020,-137.79
2572435834096320512,9866,9,16297,2,2020,-704.48
2572435834096320512,9866,9,16297,3,2020,-723.31
2572435834096320512,9866,9,16297,4,2020,-723.31
2572435834096320512,9866,9,16297,5,2020,1015.17
2572435834096320512,9866,9,16297,6,2020,1540.17
2572435834096320512,9866,9,16297,7,2020,1540.17
2572435834096320512,9866,9,16297,8,2020,1540.17
2572435834096320512,9866,9,16297,9,2020,1540.17
2572435834096320512,9866,9,16297,10,2020,1634.84
2572435834096320512,9866,9,16297,11,2020,2103.69
2572435834096320512,9866,9,16297,12,2020,2103.69
2572645138169593,2667,3,99944,1,2020,1847.07
2572645138169593,2667,3,99944,2,2020,3841.33
2572645138169593,2667,3,99944,3,2020,-1269.59
