3048347190496834560,3355,2,76897,6,2020,1316.09
3048347190496834560,3355,2,76897,7,2020,1316.09
3048347190496834560,3355,2,76897,8,2020,700.58
3048347190496834560,3355,2,76897,9,2020,700.58
3048347190496834560,3355,2,76897,10,2020,700.58
3048347190496834560,3355,2,76897,11,2020,700.58
3048347190496834560,3355,2,76897,12,2020,700.58
3049160542681109504,995,2,96283,1,2020,3016.8
3049160542681109504,995,2,96283,2,2020,1868.11
3049160542681109504,995,2,96283,3,2020,9799.8
3049160542681109504,995,2,96283,4,2020,8203.42
3049160542681109504,995,2,96283,5,2020,8528.84
3049160542681109504,995,2,96283,6,2020,8367.55
3049160542681109504,995,2,96283,7,2020,5822.65
3049160542681109504,995,2,96283,8,2020,12982.83
3049160542681109504,995,2,96283,9,2020,15937.19
3049160542681109504,995,2,96283,10,2020,18046.83
3049160542681109504,995,2,96283,11,2020,7767.51
3049160542681109504,995,2,96283,12,2020,9840.0
3050036895499151360,3824,8,93300,1,2020,2326.06
3050036895499151360,3824,8,93300,2,2020,-124.35
3050036895499151360,3824,8,93300,3,2020,4237.75
3050036895499151360,3824,8,93300,4,2020,195.39
3050036895499151360,3824,8,93300,5,2020,-2624.59
3050036895499151360,3824,8,93300,6,2020,-8671.43
3050036895499151360,3824,8,93300,7,2020,-5480.97
3050036895499151360,3824,8,93300,8,2020,-704.47
3050036895499151360,3824,8,93300,9,2020,-4641.25
3050036895499151360,3824,8,93300,10,2020,-6408.62
3050036895499151360,3824,8,93300,11,2020,-6917.03
3050036895499151360,3824,8,93300,12,2020,4799.63
3050703265089836544,969,4,63843,1,2020,-1661.31
3050703265089836544,969,4,63843,2,2020,1310.5
3050703265089836544,969,4,63843,3,2020,-2316.95
3050703265089836544,969,4,63843,4,2020,-4907.88
3050703265089836544,969,4,63843,5,2020,-2463.05
3050703265089836544,969,4,63843,6,2020,-4089.68
3050703265089836544,969,4,63843,7,2020,-9182.24
3050703265089836544,969,4,63843,8,2020,-10568.79
3050703265089836544,969,4,63843,9,2020,-10832.5
3050703265089836544,969,4,63843,10,2020,-11117.16
3050703265089836544,969,4,63843,11,2020,-10152.94
3050703265089836544,969,4,63843,12,2020,-9130.52
305097794860386752,5409,4,13959,1,2020,720.17
305097794860386752,5409,4,13959,2,2020,-1982.8
305097794860386752,5409,4,13959,3,2020,-4590.25
305097794860386752,5409,4,13959,4,2020,-6793.89
305097794860386752,5409,4,13959,5,2020,-6793.89
305097794860386752,5409,4,13959,6,2020,-4668.28
305097794860386752,5409,4,13959,7,2020,-5838.44
305097794860386752,5409,4,13959,8,2020,-3516.44
305097794860386752,5409,4,13959,9,2020,-4513.41
305097794860386752,5409,4,13959,10,2020,-8047.85
305097794860386752,5409,4,13959,11,2020,-8742.92
305097794860386752,5409,4,13959,12,2020,-7326.18
3050993324507138048,4247,6,63367,1,2020,-8344.45
3050993324507138048,4247,6,63367,2,2020,-4282.03
3050993324507138048,4247,6,63367,3,2020,-3632.31
3050993324507138048,4247,6,63367,4,2020,-1171.9
3050993324507138048,4247,6,63367,5,2020,-958.43
3050993324507138048,4247,6,63367,6,2020,-5040.36
3050993324507138048,4247,6,63367,7,2020,-6919.89
3050993324507138048,4247,6,63367,8,2020,-4058.95
3050993324507138048,4247,6,63367,9,2020,-2695.08
3050993324507138048,4247,6,63367,10,2020,-2729.39
3050993324507138048,4247,6,63367,11,2020,-2615.79
3050993324507138048,4247,6,63367,12,2020,-7261.95
3051213839273189888,5648,5,63148,1,2020,5146.37
3051213839273189888,5648,5,63148,2,2020,6119.36
3051213839273189888,5648,5,63148,3,2020,8016.87
3051213839273189888,5648,5,63148,4,2020,10882.83
3051213839273189888,5648,5,63148,5,2020,10413.02
3051213839273189888,5648,5,63148,6,2020,6247.31
3051213839273189888,5648,5,63148,7,2020,7519.06
3051213839273189888,5648,5,63148,8,2020,6533.31
3051213839273189888,5648,5,63148,9,2020,1199.51
3051213839273189888,5648,5,63148,10,2020,3307.33
3051213839273189888,5648,5,63148,11,2020,3050.6
3051213839273189888,5648,5,63148,12,2020,7059.77
305222673030779648,926,4,66829,1,2020,-2743.81
305222673030779648,926,4,66829,2,2020,-3962.2
305222673030779648,926,4,66829,3,2020,-6939.02
305222673030779648,926,4,66829,4,2020,-9946.94
305222673030779648,926,4,66829,5,2020,-10366.71
305222673030779648,926,4,66829,6,2020,-9068.1
305222673030779648,926,4,66829,7,2020,-12663.68
305222673030779648,926,4,66829,8,2020,-9780.05
305222673030779648,926,4,66829,9,2020,-4245.44
305222673030779648,926,4,66829,10,2020,2700.03
305222673030779648,926,4,66829,11,2020,2510.36
305222673030779648,926,4,66829,12,2020,-206.25
3052556023421635584,9497,0,1786,1,2020,-3807.72
3052556023421635584,9497,0,1786,2,2020,-4197.92
3052556023421635584,9497,0,1786,3,2020,-4293.02
3052556023421635584,9497,0,1786,4,2020,-1645.54
3052556023421635584,9497,0,1786,5,2020,601.51
3052556023421635584,9497,0,1786,6,2020,-3750.35
3052556023421635584,9497,0,1786,7,2020,-3567.24
3052556023421635584,9497,0,1786,8,2020,-4546.64
3052556023421635584,9497,0,1786,9,2020,-3769.87
3052556023421635584,9497,0,1786,10,2020,-1799.61
3052556023421635584,9497,0,1786,11,2020,-2863.55
3052556023421635584,9497,0,1786,12,2020,-3214.58
3052993113185204736,5658,8,85955,1,2020,810.49
3052993113185204736,5658,8,85955,2,2020,3375.54
3052993113185204736,5658,8,85955,3,2020,3444.73
3052993113185204736,5658,8,85955,4,2020,3226.64
3052993113185204736,5658,8,85955,5,2020,5078.95
3052993113185204736,5658,8,85955,6,2020,-2091.13
3052993113185204736,5658,8,85955,7,2020,-2110.83
3052993113185204736,5658,8,85955,8,2020,-313.1
3052993113185204736,5658,8,85955,9,2020,-2671.46
3052993113185204736,5658,8,85955,10,2020,-2764.75
3052993113185204736,5658,8,85955,11,2020,-4520.66
3052993113185204736,5658,8,85955,12,2020,-4183.85
3053397892902148096,4850,7,21655,1,2020,0.0
3053397892902148096,4850,7,21655,2,2020,785.2
3053397892902148096,4850,7,21655,3,2020,1106.95
3053397892902148096,4850,7,21655,4,2020,1460.62
3053397892902148096,4850,7,21655,5,2020,600.43
3053397892902148096,4850,7,21655,6,2020,1162.78
3053397892902148096,4850,7,21655,7,2020,131.43
3053397892902148096,4850,7,21655,8,2020,131.43
3053397892902148096,4850,7,21655,9,2020,-159.75
3053397892902148096,4850,7,21655,10,2020,3122.17
3053397892902148096,4850,7,21655,11,2020,378.37
3053397892902148096,4850,7,21655,12,2020,130.42
3053645359615140864,4897,1,68722,1,2020,-3038.11
3053645359615140864,4897,1,68722,2,2020,-5698.51
3053645359615140864,4897,1,68722,3,2020,-201.1
3053645359615140864,4897,1,68722,4,2020,3449.84
3053645359615140864,4897,1,68722,5,2020,-1144.12
3053645359615140864,4897,1,68722,6,2020,1612.74
3053645359615140864,4897,1,68722,7,2020,-665.09
3053645359615140864,4897,1,68722,8,2020,-4555.64
3053645359615140864,4897,1,68722,9,2020,-11234.9
3053645359615140864,4897,1,68722,10,2020,-14548.59
3053645359615140864,4897,1,68722,11,2020,-14554.99
3053645359615140864,4897,1,68722,12,2020,-24314.59
3054062368176288256,4210,9,63771,1,2020,768.81
3054062368176288256,4210,9,63771,2,2020,-2657.09
3054062368176288256,4210,9,63771,3,2020,-733.73
3054062368176288256,4210,9,63771,4,2020,2163.67
3054062368176288256,4210,9,63771,5,2020,-1806.93
3054062368176288256,4210,9,63771,6,2020,1113.04
3054062368176288256,4210,9,63771,7,2020,-4369.9
3054062368176288256,4210,9,63771,8,2020,-2697.26
3054062368176288256,4210,9,63771,9,2020,-7727.86
3054062368176288256,4210,9,63771,10,2020,-11780.03
3054062368176288256,4210,9,63771,11,2020,-16001.25
3054062368176288256,4210,9,63771,12,2020,-16536.24
3055179204717438464,6060,8,2534,1,2020,-6251.57
3055179204717438464,6060,8,2534,2,2020,-6877.17
3055179204717438464,6060,8,2534,3,2020,-5370.7
3055179204717438464,6060,8,2534,4,2020,-8034.69
3055179204717438464,6060,8,2534,5,2020,-7811.63
3055179204717438464,6060,8,2534,6,2020,-8362.49
3055179204717438464,6060,8,2534,7,2020,-9577.31
3055179204717438464,6060,8,2534,8,2020,-2128.35
3055179204717438464,6060,8,2534,9,2020,-6857.16
3055179204717438464,6060,8,2534,10,2020,-13085.33
3055179204717438464,6060,8,2534,11,2020,-18014.74
3055179204717438464,6060,8,2534,12,2020,-13685.2
305536970600348352,1805,8,75324,1,2020,1411.33
305536970600348352,1805,8,75324,2,2020,-1102.1
305536970600348352,1805,8,75324,3,2020,-2823.26
305536970600348352,1805,8,75324,4,2020,-3304.66
305536970600348352,1805,8,75324,5,2020,-1862.07
305536970600348352,1805,8,75324,6,2020,-4811.4
305536970600348352,1805,8,75324,7,2020,-6609.27
305536970600348352,1805,8,75324,8,2020,-7318.44
305536970600348352,1805,8,75324,9,2020,-9535.8
305536970600348352,1805,8,75324,10,2020,-11235.91
305536970600348352,1805,8,75324,11,2020,-10600.38
305536970600348352,1805,8,75324,12,2020,-10169.54
3057261508181253632,2333,6,46143,1,2020,-65.78
3057261508181253632,2333,6,46143,2,2020,788.75
3057261508181253632,2333,6,46143,3,2020,3506.4
3057261508181253632,2333,6,46143,4,2020,3210.93
3057261508181253632,2333,6,46143,5,2020,8106.64
3057261508181253632,2333,6,46143,6,2020,7032.77
3057261508181253632,2333,6,46143,7,2020,7442.62
3057261508181253632,2333,6,46143,8,2020,3294.12
3057261508181253632,2333,6,46143,9,2020,2052.9
3057261508181253632,2333,6,46143,10,2020,866.24
3057261508181253632,2333,6,46143,11,2020,-712.53
3057261508181253632,2333,6,46143,12,2020,-1808.26
3057645884556709376,3564,7,76584,1,2020,0.0
3057645884556709376,3564,7,76584,2,2020,0.0
3057645884556709376,3564,7,76584,3,2020,1901.83
3057645884556709376,3564,7,76584,4,2020,1901.83
3057645884556709376,3564,7,76584,5,2020,343.85
3057645884556709376,3564,7,76584,6,2020,2337.87
3057645884556709376,3564,7,76584,7,2020,2567.89
3057645884556709376,3564,7,76584,8,2020,1777.82
3057645884556709376,3564,7,76584,9,2020,2297.08
3057645884556709376,3564,7,76584,10,2020,2297.08
3057645884556709376,3564,7,76584,11,2020,3901.04
3057645884556709376,3564,7,76584,12,2020,2029.45
3057668149598321664,5627,1,21791,1,2020,-7122.38
3057668149598321664,5627,1,21791,2,2020,-5471.63
3057668149598321664,5627,1,21791,3,2020,-7681.52
3057668149598321664,5627,1,21791,4,2020,-9025.63
3057668149598321664,5627,1,21791,5,2020,-7734.12
3057668149598321664,5627,1,21791,6,2020,-3762.74
3057668149598321664,5627,1,21791,7,2020,-1275.6
3057668149598321664,5627,1,21791,8,2020,-2051.76
3057668149598321664,5627,1,21791,9,2020,-1321.45
3057668149598321664,5627,1,21791,10,2020,521.13
3057668149598321664,5627,1,21791,11,2020,2762.85
3057668149598321664,5627,1,21791,12,2020,-1222.09
3057695907647025664,2248,8,33960,1,2020,1794.74
3057695907647025664,2248,8,33960,2,2020,-108.06
3057695907647025664,2248,8,33960,3,2020,-81.56
3057695907647025664,2248,8,33960,4,2020,2767.82
3057695907647025664,2248,8,33960,5,2020,2767.82
3057695907647025664,2248,8,33960,6,2020,4722.62
3057695907647025664,2248,8,33960,7,2020,5539.16
3057695907647025664,2248,8,33960,8,2020,5539.16
3057695907647025664,2248,8,33960,9,2020,4683.37
3057695907647025664,2248,8,33960,10,2020,5004.0
3057695907647025664,2248,8,33960,11,2020,1120.83
3057695907647025664,2248,8,33960,12,2020,2098.9
3057858002595124736,8513,5,68111,1,2020,1560.19
3057858002595124736,8513,5,68111,2,2020,2616.16
3057858002595124736,8513,5,68111,3,2020,12762.54
3057858002595124736,8513,5,68111,4,2020,16967.05
3057858002595124736,8513,5,68111,5,2020,21093.26
3057858002595124736,8513,5,68111,6,2020,13370.87
3057858002595124736,8513,5,68111,7,2020,15173.82
3057858002595124736,8513,5,68111,8,2020,20358.39
3057858002595124736,8513,5,68111,9,2020,15052.01
3057858002595124736,8513,5,68111,10,2020,17755.88
3057858002595124736,8513,5,68111,11,2020,19692.55
3057858002595124736,8513,5,68111,12,2020,15210.69
3060198278767561728,9787,0,23042,1,2020,4898.5
3060198278767561728,9787,0,23042,2,2020,1174.57
3060198278767561728,9787,0,23042,3,2020,-1295.59
3060198278767561728,9787,0,23042,4,2020,1856.48
3060198278767561728,9787,0,23042,5,2020,12180.0
3060198278767561728,9787,0,23042,6,2020,9869.27
