2525992995438121472,1269,8,60991,6,2020,-576.36
2525992995438121472,1269,8,60991,7,2020,2885.26
2525992995438121472,1269,8,60991,8,2020,2161.38
2525992995438121472,1269,8,60991,9,2020,4143.75
2525992995438121472,1269,8,60991,10,2020,2699.14
2525992995438121472,1269,8,60991,11,2020,3604.84
2525992995438121472,1269,8,60991,12,2020,3872.92
2526734408635340288,3617,3,22610,1,2020,-1627.56
2526734408635340288,3617,3,22610,2,2020,-3884.86
2526734408635340288,3617,3,22610,3,2020,-5319.32
2526734408635340288,3617,3,22610,4,2020,-5374.44
2526734408635340288,3617,3,22610,5,2020,-4323.47
2526734408635340288,3617,3,22610,6,2020,-4044.54
2526734408635340288,3617,3,22610,7,2020,-4984.42
2526734408635340288,3617,3,22610,8,2020,-3853.97
2526734408635340288,3617,3,22610,9,2020,-4494.42
2526734408635340288,3617,3,22610,10,2020,-5487.15
2526734408635340288,3617,3,22610,11,2020,-7163.22
2526734408635340288,3617,3,22610,12,2020,-7621.22
252895083400328288,9145,7,68738,1,2020,740.3
252895083400328288,9145,7,68738,2,2020,2072.59
252895083400328288,9145,7,68738,3,2020,2072.59
252895083400328288,9145,7,68738,4,2020,1991.18
252895083400328288,9145,7,68738,5,2020,1726.02
252895083400328288,9145,7,68738,6,2020,692.45
252895083400328288,9145,7,68738,7,2020,989.35
252895083400328288,9145,7,68738,8,2020,1566.58
252895083400328288,9145,7,68738,9,2020,386.51
252895083400328288,9145,7,68738,10,2020,1520.5
252895083400328288,9145,7,68738,11,2020,1264.83
252895083400328288,9145,7,68738,12,2020,821.82
2529502073160810496,5980,0,71805,1,2020,-3226.73
2529502073160810496,5980,0,71805,2,2020,-2589.67
2529502073160810496,5980,0,71805,3,2020,-2970.79
2529502073160810496,5980,0,71805,4,2020,1428.92
2529502073160810496,5980,0,71805,5,2020,3512.25
2529502073160810496,5980,0,71805,6,2020,4736.12
2529502073160810496,5980,0,71805,7,2020,4882.45
2529502073160810496,5980,0,71805,8,2020,6701.98
2529502073160810496,5980,0,71805,9,2020,9520.59
2529502073160810496,5980,0,71805,10,2020,10433.95
2529502073160810496,5980,0,71805,11,2020,10426.34
2529502073160810496,5980,0,71805,12,2020,10607.3
2530309509177738752,8758,2,35217,1,2020,3994.17
2530309509177738752,8758,2,35217,2,2020,9616.78
2530309509177738752,8758,2,35217,3,2020,8410.58
2530309509177738752,8758,2,35217,4,2020,9915.4
2530309509177738752,8758,2,35217,5,2020,10319.64
2530309509177738752,8758,2,35217,6,2020,17754.61
2530309509177738752,8758,2,35217,7,2020,21550.14
2530309509177738752,8758,2,35217,8,2020,18180.69
2530309509177738752,8758,2,35217,9,2020,14750.38
2530309509177738752,8758,2,35217,10,2020,19201.04
2530309509177738752,8758,2,35217,11,2020,17862.64
2530309509177738752,8758,2,35217,12,2020,15353.49
2532237085204018176,7179,7,2942,1,2020,1903.31
2532237085204018176,7179,7,2942,2,2020,-1751.39
2532237085204018176,7179,7,2942,3,2020,-729.75
2532237085204018176,7179,7,2942,4,2020,234.56
2532237085204018176,7179,7,2942,5,2020,144.26
2532237085204018176,7179,7,2942,6,2020,3852.94
2532237085204018176,7179,7,2942,7,2020,1219.06
2532237085204018176,7179,7,2942,8,2020,1982.08
2532237085204018176,7179,7,2942,9,2020,1913.66
2532237085204018176,7179,7,2942,10,2020,-513.62
2532237085204018176,7179,7,2942,11,2020,1078.16
2532237085204018176,7179,7,2942,12,2020,7044.76
2532493380479925760,8124,9,95746,1,2020,-8688.37
2532493380479925760,8124,9,95746,2,2020,-15381.33
2532493380479925760,8124,9,95746,3,2020,-12284.33
2532493380479925760,8124,9,95746,4,2020,-16112.33
2532493380479925760,8124,9,95746,5,2020,-19056.75
2532493380479925760,8124,9,95746,6,2020,-21348.24
2532493380479925760,8124,9,95746,7,2020,-18736.38
2532493380479925760,8124,9,95746,8,2020,-26618.95
2532493380479925760,8124,9,95746,9,2020,-25749.22
2532493380479925760,8124,9,95746,10,2020,-23620.83
2532493380479925760,8124,9,95746,11,2020,-24398.12
2532493380479925760,8124,9,95746,12,2020,-21183.98
253279358514960512,193,3,97567,1,2020,2116.73
253279358514960512,193,3,97567,2,2020,4889.43
253279358514960512,193,3,97567,3,2020,7597.17
253279358514960512,193,3,97567,4,2020,-5971.31
253279358514960512,193,3,97567,5,2020,3638.17
253279358514960512,193,3,97567,6,2020,7717.52
253279358514960512,193,3,97567,7,2020,10572.62
253279358514960512,193,3,97567,8,2020,11979.44
253279358514960512,193,3,97567,9,2020,9099.26
253279358514960512,193,3,97567,10,2020,15686.92
253279358514960512,193,3,97567,11,2020,25090.9
253279358514960512,193,3,97567,12,2020,19526.73
2533002906288659968,1741,2,98578,1,2020,6380.26
2533002906288659968,1741,2,98578,2,2020,11720.78
2533002906288659968,1741,2,98578,3,2020,16110.46
2533002906288659968,1741,2,98578,4,2020,17130.18
2533002906288659968,1741,2,98578,5,2020,13857.7
2533002906288659968,1741,2,98578,6,2020,12408.88
2533002906288659968,1741,2,98578,7,2020,11148.57
2533002906288659968,1741,2,98578,8,2020,9343.06
2533002906288659968,1741,2,98578,9,2020,10867.85
2533002906288659968,1741,2,98578,10,2020,7685.13
2533002906288659968,1741,2,98578,11,2020,7067.74
2533002906288659968,1741,2,98578,12,2020,7344.92
2533407761803280896,673,5,77988,1,2020,-5795.67
2533407761803280896,673,5,77988,2,2020,-6339.53
2533407761803280896,673,5,77988,3,2020,-3623.84
2533407761803280896,673,5,77988,4,2020,-2581.6
2533407761803280896,673,5,77988,5,2020,-3094.94
2533407761803280896,673,5,77988,6,2020,-4216.64
2533407761803280896,673,5,77988,7,2020,896.34
2533407761803280896,673,5,77988,8,2020,-818.01
2533407761803280896,673,5,77988,9,2020,-2710.48
2533407761803280896,673,5,77988,10,2020,-8033.61
2533407761803280896,673,5,77988,11,2020,-11949.13
2533407761803280896,673,5,77988,12,2020,-6173.41
2533591798107540992,9304,4,82381,1,2020,-7888.51
2533591798107540992,9304,4,82381,2,2020,3133.27
2533591798107540992,9304,4,82381,3,2020,5007.38
2533591798107540992,9304,4,82381,4,2020,8043.02
2533591798107540992,9304,4,82381,5,2020,1820.69
2533591798107540992,9304,4,82381,6,2020,7963.21
2533591798107540992,9304,4,82381,7,2020,9235.16
2533591798107540992,9304,4,82381,8,2020,3290.26
2533591798107540992,9304,4,82381,9,2020,4074.01
2533591798107540992,9304,4,82381,10,2020,-1926.71
2533591798107540992,9304,4,82381,11,2020,-8983.24
2533591798107540992,9304,4,82381,12,2020,-5827.72
253443492219014048,5523,7,4578,1,2020,-515.64
253443492219014048,5523,7,4578,2,2020,-2085.85
253443492219014048,5523,7,4578,3,2020,-1315.36
253443492219014048,5523,7,4578,4,2020,3578.62
253443492219014048,5523,7,4578,5,2020,5451.88
253443492219014048,5523,7,4578,6,2020,5451.88
253443492219014048,5523,7,4578,7,2020,4116.27
253443492219014048,5523,7,4578,8,2020,7513.33
253443492219014048,5523,7,4578,9,2020,5425.01
253443492219014048,5523,7,4578,10,2020,4109.61
253443492219014048,5523,7,4578,11,2020,7804.88
253443492219014048,5523,7,4578,12,2020,7898.72
2536372921345161728,8927,4,35200,1,2020,-2043.79
2536372921345161728,8927,4,35200,2,2020,-1682.15
2536372921345161728,8927,4,35200,3,2020,244.6
2536372921345161728,8927,4,35200,4,2020,-3459.15
2536372921345161728,8927,4,35200,5,2020,4605.57
2536372921345161728,8927,4,35200,6,2020,3849.48
2536372921345161728,8927,4,35200,7,2020,3343.62
2536372921345161728,8927,4,35200,8,2020,871.04
2536372921345161728,8927,4,35200,9,2020,-894.58
2536372921345161728,8927,4,35200,10,2020,-3078.83
2536372921345161728,8927,4,35200,11,2020,8859.28
2536372921345161728,8927,4,35200,12,2020,7357.61
2536604708106940416,4675,6,36354,1,2020,2779.17
2536604708106940416,4675,6,36354,2,2020,2928.49
2536604708106940416,4675,6,36354,3,2020,12116.34
2536604708106940416,4675,6,36354,4,2020,7495.51
2536604708106940416,4675,6,36354,5,2020,14189.02
2536604708106940416,4675,6,36354,6,2020,13065.69
2536604708106940416,4675,6,36354,7,2020,9463.29
2536604708106940416,4675,6,36354,8,2020,12303.67
2536604708106940416,4675,6,36354,9,2020,5249.1
2536604708106940416,4675,6,36354,10,2020,8516.33
2536604708106940416,4675,6,36354,11,2020,-8557.44
2536604708106940416,4675,6,36354,12,2020,-4317.5
253694561230882592,6456,4,61719,1,2020,0.0
253694561230882592,6456,4,61719,2,2020,588.58
253694561230882592,6456,4,61719,3,2020,588.58
253694561230882592,6456,4,61719,4,2020,588.58
253694561230882592,6456,4,61719,5,2020,588.58
253694561230882592,6456,4,61719,6,2020,588.58
253694561230882592,6456,4,61719,7,2020,1816.15
253694561230882592,6456,4,61719,8,2020,1816.15
253694561230882592,6456,4,61719,9,2020,1816.15
253694561230882592,6456,4,61719,10,2020,3065.55
253694561230882592,6456,4,61719,11,2020,4008.1
253694561230882592,6456,4,61719,12,2020,4008.1
2539326553507295232,8848,9,28602,1,2020,2718.8
2539326553507295232,8848,9,28602,2,2020,851.95
2539326553507295232,8848,9,28602,3,2020,1976.76
2539326553507295232,8848,9,28602,4,2020,-3067.06
2539326553507295232,8848,9,28602,5,2020,-2187.65
2539326553507295232,8848,9,28602,6,2020,-6934.05
2539326553507295232,8848,9,28602,7,2020,-10059.51
2539326553507295232,8848,9,28602,8,2020,-7579.46
2539326553507295232,8848,9,28602,9,2020,-12981.33
2539326553507295232,8848,9,28602,10,2020,-17261.11
2539326553507295232,8848,9,28602,11,2020,-15230.73
2539326553507295232,8848,9,28602,12,2020,-12597.42
2539458545614439424,2321,7,8999,1,2020,-352.98
2539458545614439424,2321,7,8999,2,2020,6720.25
2539458545614439424,2321,7,8999,3,2020,596.5
2539458545614439424,2321,7,8999,4,2020,955.55
2539458545614439424,2321,7,8999,5,2020,-4184.44
2539458545614439424,2321,7,8999,6,2020,-5759.81
2539458545614439424,2321,7,8999,7,2020,9910.25
2539458545614439424,2321,7,8999,8,2020,7895.26
2539458545614439424,2321,7,8999,9,2020,10005.12
2539458545614439424,2321,7,8999,10,2020,6069.89
2539458545614439424,2321,7,8999,11,2020,10050.79
2539458545614439424,2321,7,8999,12,2020,9110.8
2539512768612523520,7612,9,82747,1,2020,7052.9
2539512768612523520,7612,9,82747,2,2020,10290.79
2539512768612523520,7612,9,82747,3,2020,8568.15
2539512768612523520,7612,9,82747,4,2020,9204.96
2539512768612523520,7612,9,82747,5,2020,8218.77
2539512768612523520,7612,9,82747,6,2020,3575.43
2539512768612523520,7612,9,82747,7,2020,5321.08
2539512768612523520,7612,9,82747,8,2020,2962.83
2539512768612523520,7612,9,82747,9,2020,4875.89
2539512768612523520,7612,9,82747,10,2020,3637.17
2539512768612523520,7612,9,82747,11,2020,-4024.79
2539512768612523520,7612,9,82747,12,2020,-3142.36
2540114430441328128,2685,2,23695,1,2020,942.85
2540114430441328128,2685,2,23695,2,2020,-520.46
2540114430441328128,2685,2,23695,3,2020,4579.59
2540114430441328128,2685,2,23695,4,2020,8832.24
2540114430441328128,2685,2,23695,5,2020,12993.45
2540114430441328128,2685,2,23695,6,2020,16685.94
2540114430441328128,2685,2,23695,7,2020,19075.23
2540114430441328128,2685,2,23695,8,2020,14279.27
2540114430441328128,2685,2,23695,9,2020,10859.38
2540114430441328128,2685,2,23695,10,2020,8578.46
2540114430441328128,2685,2,23695,11,2020,4681.67
2540114430441328128,2685,2,23695,12,2020,198.97
254296325101355072,1531,5,79744,1,2020,0.0
254296325101355072,1531,5,79744,2,2020,0.0
254296325101355072,1531,5,79744,3,2020,0.0
254296325101355072,1531,5,79744,4,2020,419.47
254296325101355072,1531,5,79744,5,2020,897.26
254296325101355072,1531,5,79744,6,2020,-53.23
254296325101355072,1531,5,79744,7,2020,2.01
254296325101355072,1531,5,79744,8,2020,1664.93
254296325101355072,1531,5,79744,9,2020,5172.92
254296325101355072,1531,5,79744,10,2020,2217.34
254296325101355072,1531,5,79744,11,2020,573.15
254296325101355072,1531,5,79744,12,2020,-236.92
2545044381531892736,2704,0,70359,1,2020,0.0
2545044381531892736,2704,0,70359,2,2020,0.0
2545044381531892736,2704,0,70359,3,2020,0.0
2545044381531892736,2704,0,70359,4,2020,0.0
