873480639580287360,3009,2,20426,3,2020,-46.17
873480639580287360,3009,2,20426,4,2020,2719.73
873480639580287360,3009,2,20426,5,2020,5792.6
873480639580287360,3009,2,20426,6,2020,6080.14
873480639580287360,3009,2,20426,7,2020,3781.8
873480639580287360,3009,2,20426,8,2020,11024.77
873480639580287360,3009,2,20426,9,2020,14737.54
873480639580287360,3009,2,20426,10,2020,19178.49
873480639580287360,3009,2,20426,11,2020,23117.26
873480639580287360,3009,2,20426,12,2020,22500.9
875325500482563968,883,2,49183,1,2020,-3556.77
875325500482563968,883,2,49183,2,2020,-1833.2
875325500482563968,883,2,49183,3,2020,-5455.23
875325500482563968,883,2,49183,4,2020,-2313.24
875325500482563968,883,2,49183,5,2020,-8707.64
875325500482563968,883,2,49183,6,2020,-9305.32
875325500482563968,883,2,49183,7,2020,-12196.26
875325500482563968,883,2,49183,8,2020,-3827.56
875325500482563968,883,2,49183,9,2020,-4905.24
875325500482563968,883,2,49183,10,2020,-18380.96
875325500482563968,883,2,49183,11,2020,-17218.45
875325500482563968,883,2,49183,12,2020,-23104.4
875486607508016000,5681,4,27469,1,2020,3714.15
875486607508016000,5681,4,27469,2,2020,204.67
875486607508016000,5681,4,27469,3,2020,-6583.52
875486607508016000,5681,4,27469,4,2020,-3057.73
875486607508016000,5681,4,27469,5,2020,2590.58
875486607508016000,5681,4,27469,6,2020,6213.96
875486607508016000,5681,4,27469,7,2020,3779.41
875486607508016000,5681,4,27469,8,2020,-3914.98
875486607508016000,5681,4,27469,9,2020,2034.09
875486607508016000,5681,4,27469,10,2020,5533.46
875486607508016000,5681,4,27469,11,2020,5094.74
875486607508016000,5681,4,27469,12,2020,4820.07
875930593409470208,9100,8,20391,1,2020,-170.82
875930593409470208,9100,8,20391,2,2020,-4612.96
875930593409470208,9100,8,20391,3,2020,-5551.41
875930593409470208,9100,8,20391,4,2020,-7501.44
875930593409470208,9100,8,20391,5,2020,-9620.64
875930593409470208,9100,8,20391,6,2020,-6322.3
875930593409470208,9100,8,20391,7,2020,-5513.51
875930593409470208,9100,8,20391,8,2020,-2193.55
875930593409470208,9100,8,20391,9,2020,-3249.22
875930593409470208,9100,8,20391,10,2020,-5037.33
875930593409470208,9100,8,20391,11,2020,-6962.59
875930593409470208,9100,8,20391,12,2020,-7141.32
87645270095296064,6046,1,58677,1,2020,-3524.42
87645270095296064,6046,1,58677,2,2020,-14625.01
87645270095296064,6046,1,58677,3,2020,-14960.94
87645270095296064,6046,1,58677,4,2020,-13428.06
87645270095296064,6046,1,58677,5,2020,-21228.53
87645270095296064,6046,1,58677,6,2020,-18229.66
87645270095296064,6046,1,58677,7,2020,-13154.74
87645270095296064,6046,1,58677,8,2020,-18293.2
87645270095296064,6046,1,58677,9,2020,-15766.51
87645270095296064,6046,1,58677,10,2020,-8224.73
87645270095296064,6046,1,58677,11,2020,1669.25
87645270095296064,6046,1,58677,12,2020,5506.73
877726799700215808,5786,4,97810,1,2020,-3250.18
877726799700215808,5786,4,97810,2,2020,2297.02
877726799700215808,5786,4,97810,3,2020,4564.84
877726799700215808,5786,4,97810,4,2020,9882.06
877726799700215808,5786,4,97810,5,2020,10110.98
877726799700215808,5786,4,97810,6,2020,10045.28
877726799700215808,5786,4,97810,7,2020,12127.95
877726799700215808,5786,4,97810,8,2020,7925.59
877726799700215808,5786,4,97810,9,2020,9913.7
877726799700215808,5786,4,97810,10,2020,8116.0
877726799700215808,5786,4,97810,11,2020,7644.69
877726799700215808,5786,4,97810,12,2020,10872.49
877955545917847296,5174,2,84016,1,2020,3640.49
877955545917847296,5174,2,84016,2,2020,5002.84
877955545917847296,5174,2,84016,3,2020,4776.45
877955545917847296,5174,2,84016,4,2020,5846.59
877955545917847296,5174,2,84016,5,2020,4067.53
877955545917847296,5174,2,84016,6,2020,8484.43
877955545917847296,5174,2,84016,7,2020,6055.4
877955545917847296,5174,2,84016,8,2020,6414.5
877955545917847296,5174,2,84016,9,2020,5813.32
877955545917847296,5174,2,84016,10,2020,9295.22
877955545917847296,5174,2,84016,11,2020,3000.22
877955545917847296,5174,2,84016,12,2020,9257.53
878202617170483968,4502,3,61302,1,2020,-672.22
878202617170483968,4502,3,61302,2,2020,-3346.07
878202617170483968,4502,3,61302,3,2020,-1231.21
878202617170483968,4502,3,61302,4,2020,-1624.64
878202617170483968,4502,3,61302,5,2020,-1381.09
878202617170483968,4502,3,61302,6,2020,-4801.68
878202617170483968,4502,3,61302,7,2020,-4215.16
878202617170483968,4502,3,61302,8,2020,-6736.01
878202617170483968,4502,3,61302,9,2020,-2367.98
878202617170483968,4502,3,61302,10,2020,-6250.98
878202617170483968,4502,3,61302,11,2020,-10794.31
878202617170483968,4502,3,61302,12,2020,-8082.93
878819631503187584,4637,4,2908,1,2020,-1387.39
878819631503187584,4637,4,2908,2,2020,-1820.65
878819631503187584,4637,4,2908,3,2020,-3544.14
878819631503187584,4637,4,2908,4,2020,-615.18
878819631503187584,4637,4,2908,5,2020,389.72
878819631503187584,4637,4,2908,6,2020,-4626.86
878819631503187584,4637,4,2908,7,2020,-4193.13
878819631503187584,4637,4,2908,8,2020,-5061.06
878819631503187584,4637,4,2908,9,2020,-3200.98
878819631503187584,4637,4,2908,10,2020,-5830.48
878819631503187584,4637,4,2908,11,2020,-7381.17
878819631503187584,4637,4,2908,12,2020,-13712.66
878849460399241856,767,3,82407,1,2020,1131.19
878849460399241856,767,3,82407,2,2020,314.12
878849460399241856,767,3,82407,3,2020,1025.82
878849460399241856,767,3,82407,4,2020,3023.12
878849460399241856,767,3,82407,5,2020,1572.23
878849460399241856,767,3,82407,6,2020,6136.46
878849460399241856,767,3,82407,7,2020,8148.21
878849460399241856,767,3,82407,8,2020,9474.17
878849460399241856,767,3,82407,9,2020,12463.95
878849460399241856,767,3,82407,10,2020,13018.26
878849460399241856,767,3,82407,11,2020,13807.69
878849460399241856,767,3,82407,12,2020,13619.89
879246807151018112,3552,1,6294,1,2020,2680.61
879246807151018112,3552,1,6294,2,2020,-3641.69
879246807151018112,3552,1,6294,3,2020,-3004.96
879246807151018112,3552,1,6294,4,2020,-9470.35
879246807151018112,3552,1,6294,5,2020,-8594.97
879246807151018112,3552,1,6294,6,2020,-12999.46
879246807151018112,3552,1,6294,7,2020,-16084.99
879246807151018112,3552,1,6294,8,2020,-11314.68
879246807151018112,3552,1,6294,9,2020,-1986.43
879246807151018112,3552,1,6294,10,2020,420.15
879246807151018112,3552,1,6294,11,2020,-1286.55
879246807151018112,3552,1,6294,12,2020,-2600.69
88036701449641744,5113,2,72029,1,2020,217.53
88036701449641744,5113,2,72029,2,2020,7.01
88036701449641744,5113,2,72029,3,2020,-420.69
88036701449641744,5113,2,72029,4,2020,3700.8
88036701449641744,5113,2,72029,5,2020,3731.68
88036701449641744,5113,2,72029,6,2020,5845.23
88036701449641744,5113,2,72029,7,2020,3566.96
88036701449641744,5113,2,72029,8,2020,3055.72
88036701449641744,5113,2,72029,9,2020,9287.69
88036701449641744,5113,2,72029,10,2020,10684.72
88036701449641744,5113,2,72029,11,2020,9731.46
88036701449641744,5113,2,72029,12,2020,11024.17
880608027850950400,7981,7,93061,1,2020,-2341.75
880608027850950400,7981,7,93061,2,2020,-3546.31
880608027850950400,7981,7,93061,3,2020,-6767.2
880608027850950400,7981,7,93061,4,2020,-7283.02
880608027850950400,7981,7,93061,5,2020,-10906.84
880608027850950400,7981,7,93061,6,2020,-9181.82
880608027850950400,7981,7,93061,7,2020,-7057.77
880608027850950400,7981,7,93061,8,2020,-12146.98
880608027850950400,7981,7,93061,9,2020,-8200.48
880608027850950400,7981,7,93061,10,2020,-8555.51
880608027850950400,7981,7,93061,11,2020,-6499.02
880608027850950400,7981,7,93061,12,2020,-5895.45
880713829515643264,9686,1,34775,1,2020,0.0
880713829515643264,9686,1,34775,2,2020,0.0
880713829515643264,9686,1,34775,3,2020,0.0
880713829515643264,9686,1,34775,4,2020,0.0
880713829515643264,9686,1,34775,5,2020,0.0
880713829515643264,9686,1,34775,6,2020,0.0
880713829515643264,9686,1,34775,7,2020,-1429.89
880713829515643264,9686,1,34775,8,2020,-380.76
880713829515643264,9686,1,34775,9,2020,-380.76
880713829515643264,9686,1,34775,10,2020,-380.76
880713829515643264,9686,1,34775,11,2020,-380.76
880713829515643264,9686,1,34775,12,2020,-380.76
881520991812314496,7666,1,48966,1,2020,7279.34
881520991812314496,7666,1,48966,2,2020,8092.13
881520991812314496,7666,1,48966,3,2020,5872.82
881520991812314496,7666,1,48966,4,2020,15284.67
881520991812314496,7666,1,48966,5,2020,13773.33
881520991812314496,7666,1,48966,6,2020,17383.16
881520991812314496,7666,1,48966,7,2020,18346.44
881520991812314496,7666,1,48966,8,2020,27941.65
881520991812314496,7666,1,48966,9,2020,34667.49
881520991812314496,7666,1,48966,10,2020,34497.84
881520991812314496,7666,1,48966,11,2020,43624.21
881520991812314496,7666,1,48966,12,2020,34035.58
883313527838132864,8814,1,19232,1,2020,5362.21
883313527838132864,8814,1,19232,2,2020,2378.29
883313527838132864,8814,1,19232,3,2020,7991.23
883313527838132864,8814,1,19232,4,2020,12360.26
883313527838132864,8814,1,19232,5,2020,11004.64
883313527838132864,8814,1,19232,6,2020,6853.57
883313527838132864,8814,1,19232,7,2020,3866.32
883313527838132864,8814,1,19232,8,2020,6685.75
883313527838132864,8814,1,19232,9,2020,6092.87
883313527838132864,8814,1,19232,10,2020,2459.05
883313527838132864,8814,1,19232,11,2020,-1504.92
883313527838132864,8814,1,19232,12,2020,-534.64
883498685148284544,477,1,27052,1,2020,4225.12
883498685148284544,477,1,27052,2,2020,752.24
883498685148284544,477,1,27052,3,2020,5862.23
883498685148284544,477,1,27052,4,2020,6473.06
883498685148284544,477,1,27052,5,2020,1174.04
883498685148284544,477,1,27052,6,2020,873.87
883498685148284544,477,1,27052,7,2020,1808.31
883498685148284544,477,1,27052,8,2020,3818.09
883498685148284544,477,1,27052,9,2020,1533.18
883498685148284544,477,1,27052,10,2020,472.02
883498685148284544,477,1,27052,11,2020,9131.23
883498685148284544,477,1,27052,12,2020,10973.83
883960559677549568,886,9,6811,1,2020,-5664.73
883960559677549568,886,9,6811,2,2020,201.82
883960559677549568,886,9,6811,3,2020,4962.15
883960559677549568,886,9,6811,4,2020,3259.13
883960559677549568,886,9,6811,5,2020,3080.88
883960559677549568,886,9,6811,6,2020,-502.42
883960559677549568,886,9,6811,7,2020,-2062.42
883960559677549568,886,9,6811,8,2020,2672.61
883960559677549568,886,9,6811,9,2020,7723.89
883960559677549568,886,9,6811,10,2020,6001.56
883960559677549568,886,9,6811,11,2020,7524.56
883960559677549568,886,9,6811,12,2020,7507.85
885476634917380864,6867,8,78803,1,2020,3311.05
885476634917380864,6867,8,78803,2,2020,4963.32
885476634917380864,6867,8,78803,3,2020,1057.01
885476634917380864,6867,8,78803,4,2020,-4397.34
885476634917380864,6867,8,78803,5,2020,-3855.54
885476634917380864,6867,8,78803,6,2020,-8317.25
885476634917380864,6867,8,78803,7,2020,-8305.01
885476634917380864,6867,8,78803,8,2020,-12154.44
885476634917380864,6867,8,78803,9,2020,-9690.66
885476634917380864,6867,8,78803,10,2020,-11202.76
885476634917380864,6867,8,78803,11,2020,-17229.91
885476634917380864,6867,8,78803,12,2020,-20404.51
885777775016036224,9638,0,1814,1,2020,862.62
885777775016036224,9638,0,1814,2,2020,-504.45
885777775016036224,9638,0,1814,3,2020,3791.75
885777775016036224,9638,0,1814,4,2020,370.94
885777775016036224,9638,0,1814,5,2020,3618.06
885777775016036224,9638,0,1814,6,2020,2743.09
885777775016036224,9638,0,1814,7,2020,2422.29
885777775016036224,9638,0,1814,8,2020,3246.39
885777775016036224,9638,0,1814,9,2020,6549.18
885777775016036224,9638,0,1814,10,2020,6778.28
885777775016036224,9638,0,1814,11,2020,3594.02
885777775016036224,9638,0,1814,12,2020,3283.23
887546302810171776,2463,8,25723,1,2020,-3439.96
