620056188366471040,5654,9,6260,2,2020,-1044.45
620056188366471040,5654,9,6260,3,2020,460.81
620056188366471040,5654,9,6260,4,2020,-1985.57
620056188366471040,5654,9,6260,5,2020,-5012.85
620056188366471040,5654,9,6260,6,2020,-4280.67
620056188366471040,5654,9,6260,7,2020,-4251.39
620056188366471040,5654,9,6260,8,2020,-3611.54
620056188366471040,5654,9,6260,9,2020,-933.96
620056188366471040,5654,9,6260,10,2020,497.98
620056188366471040,5654,9,6260,11,2020,2267.21
620056188366471040,5654,9,6260,12,2020,2267.21
621220605582400512,8503,6,17484,1,2020,-3095.65
621220605582400512,8503,6,17484,2,2020,-4092.22
621220605582400512,8503,6,17484,3,2020,-5051.45
621220605582400512,8503,6,17484,4,2020,-3116.38
621220605582400512,8503,6,17484,5,2020,1237.56
621220605582400512,8503,6,17484,6,2020,500.78
621220605582400512,8503,6,17484,7,2020,-369.43
621220605582400512,8503,6,17484,8,2020,3622.41
621220605582400512,8503,6,17484,9,2020,-595.16
621220605582400512,8503,6,17484,10,2020,2572.77
621220605582400512,8503,6,17484,11,2020,1090.17
621220605582400512,8503,6,17484,12,2020,1090.17
621240909647661312,4792,3,81512,1,2020,-917.14
621240909647661312,4792,3,81512,2,2020,-8758.07
621240909647661312,4792,3,81512,3,2020,-3487.99
621240909647661312,4792,3,81512,4,2020,-10228.3
621240909647661312,4792,3,81512,5,2020,-5609.73
621240909647661312,4792,3,81512,6,2020,-1717.48
621240909647661312,4792,3,81512,7,2020,1054.22
621240909647661312,4792,3,81512,8,2020,4315.06
621240909647661312,4792,3,81512,9,2020,3460.99
621240909647661312,4792,3,81512,10,2020,-1406.21
621240909647661312,4792,3,81512,11,2020,1568.23
621240909647661312,4792,3,81512,12,2020,4648.42
621300226782813952,9693,9,10345,1,2020,8122.41
621300226782813952,9693,9,10345,2,2020,12012.55
621300226782813952,9693,9,10345,3,2020,8826.18
621300226782813952,9693,9,10345,4,2020,9084.02
621300226782813952,9693,9,10345,5,2020,9096.87
621300226782813952,9693,9,10345,6,2020,9983.39
621300226782813952,9693,9,10345,7,2020,2373.37
621300226782813952,9693,9,10345,8,2020,5372.74
621300226782813952,9693,9,10345,9,2020,8810.03
621300226782813952,9693,9,10345,10,2020,11814.3
621300226782813952,9693,9,10345,11,2020,14002.65
621300226782813952,9693,9,10345,12,2020,15200.06
621691649576356352,9408,0,30347,1,2020,3217.87
621691649576356352,9408,0,30347,2,2020,534.39
621691649576356352,9408,0,30347,3,2020,1471.6
621691649576356352,9408,0,30347,4,2020,2221.22
621691649576356352,9408,0,30347,5,2020,10798.74
621691649576356352,9408,0,30347,6,2020,14241.1
621691649576356352,9408,0,30347,7,2020,13607.16
621691649576356352,9408,0,30347,8,2020,15176.99
621691649576356352,9408,0,30347,9,2020,15561.04
621691649576356352,9408,0,30347,10,2020,13826.06
621691649576356352,9408,0,30347,11,2020,14862.2
621691649576356352,9408,0,30347,12,2020,15648.62
621851600382652288,4855,2,42731,1,2020,-934.6
621851600382652288,4855,2,42731,2,2020,-111.55
621851600382652288,4855,2,42731,3,2020,3448.44
621851600382652288,4855,2,42731,4,2020,4814.49
621851600382652288,4855,2,42731,5,2020,810.77
621851600382652288,4855,2,42731,6,2020,402.45
621851600382652288,4855,2,42731,7,2020,-3147.43
621851600382652288,4855,2,42731,8,2020,-3850.82
621851600382652288,4855,2,42731,9,2020,-7842.64
621851600382652288,4855,2,42731,10,2020,-7966.35
621851600382652288,4855,2,42731,11,2020,-6290.49
621851600382652288,4855,2,42731,12,2020,-5913.86
623863459555141504,7003,2,95420,1,2020,0.0
623863459555141504,7003,2,95420,2,2020,0.0
623863459555141504,7003,2,95420,3,2020,486.77
623863459555141504,7003,2,95420,4,2020,486.77
623863459555141504,7003,2,95420,5,2020,486.77
623863459555141504,7003,2,95420,6,2020,486.77
623863459555141504,7003,2,95420,7,2020,486.77
623863459555141504,7003,2,95420,8,2020,486.77
623863459555141504,7003,2,95420,9,2020,486.77
623863459555141504,7003,2,95420,10,2020,486.77
623863459555141504,7003,2,95420,11,2020,486.77
623863459555141504,7003,2,95420,12,2020,486.77
62528355417961760,7822,8,62265,1,2020,-1686.78
62528355417961760,7822,8,62265,2,2020,-8022.71
62528355417961760,7822,8,62265,3,2020,-3869.65
62528355417961760,7822,8,62265,4,2020,-5324.92
62528355417961760,7822,8,62265,5,2020,-2665.98
62528355417961760,7822,8,62265,6,2020,-10705.06
62528355417961760,7822,8,62265,7,2020,-18719.93
62528355417961760,7822,8,62265,8,2020,-10571.45
62528355417961760,7822,8,62265,9,2020,-17064.56
62528355417961760,7822,8,62265,10,2020,-18153.61
62528355417961760,7822,8,62265,11,2020,-18302.44
62528355417961760,7822,8,62265,12,2020,-18642.48
625663890106545920,3202,9,10311,1,2020,-1716.74
625663890106545920,3202,9,10311,2,2020,-1716.74
625663890106545920,3202,9,10311,3,2020,771.68
625663890106545920,3202,9,10311,4,2020,771.68
625663890106545920,3202,9,10311,5,2020,-330.81
625663890106545920,3202,9,10311,6,2020,-4547.95
625663890106545920,3202,9,10311,7,2020,-5054.53
625663890106545920,3202,9,10311,8,2020,-4177.93
625663890106545920,3202,9,10311,9,2020,-2896.39
625663890106545920,3202,9,10311,10,2020,-3552.87
625663890106545920,3202,9,10311,11,2020,-1707.87
625663890106545920,3202,9,10311,12,2020,-4534.33
62725486856205360,9818,5,10094,1,2020,-301.98
62725486856205360,9818,5,10094,2,2020,980.62
62725486856205360,9818,5,10094,3,2020,2537.23
62725486856205360,9818,5,10094,4,2020,1060.28
62725486856205360,9818,5,10094,5,2020,1060.28
62725486856205360,9818,5,10094,6,2020,1546.64
62725486856205360,9818,5,10094,7,2020,1731.57
62725486856205360,9818,5,10094,8,2020,3136.64
62725486856205360,9818,5,10094,9,2020,672.18
62725486856205360,9818,5,10094,10,2020,1310.15
62725486856205360,9818,5,10094,11,2020,1363.49
62725486856205360,9818,5,10094,12,2020,3040.36
627296532614839296,5734,7,69208,1,2020,-929.07
627296532614839296,5734,7,69208,2,2020,-2881.24
627296532614839296,5734,7,69208,3,2020,327.26
627296532614839296,5734,7,69208,4,2020,2600.85
627296532614839296,5734,7,69208,5,2020,633.95
627296532614839296,5734,7,69208,6,2020,1537.87
627296532614839296,5734,7,69208,7,2020,911.39
627296532614839296,5734,7,69208,8,2020,-2647.64
627296532614839296,5734,7,69208,9,2020,-2753.16
627296532614839296,5734,7,69208,10,2020,-4637.87
627296532614839296,5734,7,69208,11,2020,-7758.59
627296532614839296,5734,7,69208,12,2020,-7979.3
628454641998004224,9940,8,85838,1,2020,268.39
628454641998004224,9940,8,85838,2,2020,268.39
628454641998004224,9940,8,85838,3,2020,100.09
628454641998004224,9940,8,85838,4,2020,3820.85
628454641998004224,9940,8,85838,5,2020,3291.67
628454641998004224,9940,8,85838,6,2020,3291.67
628454641998004224,9940,8,85838,7,2020,2868.14
628454641998004224,9940,8,85838,8,2020,4953.98
628454641998004224,9940,8,85838,9,2020,6417.26
628454641998004224,9940,8,85838,10,2020,6030.03
628454641998004224,9940,8,85838,11,2020,6030.03
628454641998004224,9940,8,85838,12,2020,7573.85
628784948256726784,376,4,77694,1,2020,-2708.98
628784948256726784,376,4,77694,2,2020,2797.24
628784948256726784,376,4,77694,3,2020,11707.29
628784948256726784,376,4,77694,4,2020,7117.4
628784948256726784,376,4,77694,5,2020,6351.89
628784948256726784,376,4,77694,6,2020,8816.41
628784948256726784,376,4,77694,7,2020,6162.73
628784948256726784,376,4,77694,8,2020,-823.97
628784948256726784,376,4,77694,9,2020,1038.03
628784948256726784,376,4,77694,10,2020,3568.58
628784948256726784,376,4,77694,11,2020,3632.48
628784948256726784,376,4,77694,12,2020,1251.3
629065994218916864,7722,3,24739,1,2020,6492.41
629065994218916864,7722,3,24739,2,2020,9226.21
629065994218916864,7722,3,24739,3,2020,9820.16
629065994218916864,7722,3,24739,4,2020,11743.06
629065994218916864,7722,3,24739,5,2020,9450.37
629065994218916864,7722,3,24739,6,2020,10362.7
629065994218916864,7722,3,24739,7,2020,10769.32
629065994218916864,7722,3,24739,8,2020,10457.78
629065994218916864,7722,3,24739,9,2020,6594.81
629065994218916864,7722,3,24739,10,2020,5577.55
629065994218916864,7722,3,24739,11,2020,2177.88
629065994218916864,7722,3,24739,12,2020,-1580.32
629137516976936064,7580,0,99623,1,2020,-1139.27
629137516976936064,7580,0,99623,2,2020,1964.02
629137516976936064,7580,0,99623,3,2020,445.13
629137516976936064,7580,0,99623,4,2020,-4554.17
629137516976936064,7580,0,99623,5,2020,-8977.56
629137516976936064,7580,0,99623,6,2020,-16437.72
629137516976936064,7580,0,99623,7,2020,-21287.03
629137516976936064,7580,0,99623,8,2020,-21114.55
629137516976936064,7580,0,99623,9,2020,-20173.04
629137516976936064,7580,0,99623,10,2020,-17073.96
629137516976936064,7580,0,99623,11,2020,-17760.31
629137516976936064,7580,0,99623,12,2020,-15233.38
629919336589008256,9085,5,81279,1,2020,11455.86
629919336589008256,9085,5,81279,2,2020,12738.64
629919336589008256,9085,5,81279,3,2020,11306.55
629919336589008256,9085,5,81279,4,2020,9849.82
629919336589008256,9085,5,81279,5,2020,10577.03
629919336589008256,9085,5,81279,6,2020,13469.08
629919336589008256,9085,5,81279,7,2020,10321.25
629919336589008256,9085,5,81279,8,2020,11391.28
629919336589008256,9085,5,81279,9,2020,24137.09
629919336589008256,9085,5,81279,10,2020,21865.0
629919336589008256,9085,5,81279,11,2020,22225.65
629919336589008256,9085,5,81279,12,2020,20085.53
630007370068535040,7572,4,11517,1,2020,4221.52
630007370068535040,7572,4,11517,2,2020,4863.63
630007370068535040,7572,4,11517,3,2020,8621.07
630007370068535040,7572,4,11517,4,2020,2781.8
630007370068535040,7572,4,11517,5,2020,6356.39
630007370068535040,7572,4,11517,6,2020,12006.91
630007370068535040,7572,4,11517,7,2020,16004.7
630007370068535040,7572,4,11517,8,2020,22195.88
630007370068535040,7572,4,11517,9,2020,23957.66
630007370068535040,7572,4,11517,10,2020,21240.44
630007370068535040,7572,4,11517,11,2020,21087.36
630007370068535040,7572,4,11517,12,2020,25476.41
630717183733555072,2029,4,25825,1,2020,5038.96
630717183733555072,2029,4,25825,2,2020,1940.62
630717183733555072,2029,4,25825,3,2020,6488.79
630717183733555072,2029,4,25825,4,2020,14597.77
630717183733555072,2029,4,25825,5,2020,9082.55
630717183733555072,2029,4,25825,6,2020,8518.34
630717183733555072,2029,4,25825,7,2020,5726.51
630717183733555072,2029,4,25825,8,2020,3743.96
630717183733555072,2029,4,25825,9,2020,8009.68
630717183733555072,2029,4,25825,10,2020,5550.05
630717183733555072,2029,4,25825,11,2020,3140.24
630717183733555072,2029,4,25825,12,2020,3048.3
631055150042360832,32,9,65390,1,2020,-6567.83
631055150042360832,32,9,65390,2,2020,-10721.58
631055150042360832,32,9,65390,3,2020,-12094.93
631055150042360832,32,9,65390,4,2020,-12819.5
631055150042360832,32,9,65390,5,2020,-13973.12
631055150042360832,32,9,65390,6,2020,-11588.59
631055150042360832,32,9,65390,7,2020,-14651.3
631055150042360832,32,9,65390,8,2020,-13586.11
631055150042360832,32,9,65390,9,2020,-9954.28
631055150042360832,32,9,65390,10,2020,-10880.76
631055150042360832,32,9,65390,11,2020,-5026.02
631055150042360832,32,9,65390,12,2020,5901.62
632885686400359680,5366,3,83385,1,2020,-5462.66
632885686400359680,5366,3,83385,2,2020,-3585.1
632885686400359680,5366,3,83385,3,2020,-5588.35
632885686400359680,5366,3,83385,4,2020,-8354.72
632885686400359680,5366,3,83385,5,2020,-13535.55
632885686400359680,5366,3,83385,6,2020,-11675.18
632885686400359680,5366,3,83385,7,2020,-12218.1
632885686400359680,5366,3,83385,8,2020,-7037.56
632885686400359680,5366,3,83385,9,2020,-1927.9
632885686400359680,5366,3,83385,10,2020,-3775.64
632885686400359680,5366,3,83385,11,2020,-1368.66
632885686400359680,5366,3,83385,12,2020,3373.01
63577985048617496,46,0,27475,1,2020,-6401.86
