970763486026185856,2303,1,2539,6,2020,-10421.89
970763486026185856,2303,1,2539,7,2020,-6565.7
970763486026185856,2303,1,2539,8,2020,-10883.65
970763486026185856,2303,1,2539,9,2020,-10717.44
970763486026185856,2303,1,2539,10,2020,-12379.41
970763486026185856,2303,1,2539,11,2020,-10452.22
970763486026185856,2303,1,2539,12,2020,-12145.35
971665613651405056,399,7,84353,1,2020,-3150.34
971665613651405056,399,7,84353,2,2020,-2293.06
971665613651405056,399,7,84353,3,2020,-1182.89
971665613651405056,399,7,84353,4,2020,-2808.85
971665613651405056,399,7,84353,5,2020,-2808.85
971665613651405056,399,7,84353,6,2020,-2808.85
971665613651405056,399,7,84353,7,2020,-4464.56
971665613651405056,399,7,84353,8,2020,-5030.66
971665613651405056,399,7,84353,9,2020,-5443.82
971665613651405056,399,7,84353,10,2020,-3581.96
971665613651405056,399,7,84353,11,2020,-5418.89
971665613651405056,399,7,84353,12,2020,-3717.11
972904800757769344,4437,7,40892,1,2020,-31.08
972904800757769344,4437,7,40892,2,2020,941.53
972904800757769344,4437,7,40892,3,2020,941.53
972904800757769344,4437,7,40892,4,2020,-83.22
972904800757769344,4437,7,40892,5,2020,-3344.65
972904800757769344,4437,7,40892,6,2020,-3344.65
972904800757769344,4437,7,40892,7,2020,-4980.27
972904800757769344,4437,7,40892,8,2020,-5814.86
972904800757769344,4437,7,40892,9,2020,-2571.99
972904800757769344,4437,7,40892,10,2020,-2571.99
972904800757769344,4437,7,40892,11,2020,356.49
972904800757769344,4437,7,40892,12,2020,2275.42
973162903015849088,6523,2,82975,1,2020,-2640.12
973162903015849088,6523,2,82975,2,2020,-6815.77
973162903015849088,6523,2,82975,3,2020,-9185.14
973162903015849088,6523,2,82975,4,2020,-13571.24
973162903015849088,6523,2,82975,5,2020,-9268.38
973162903015849088,6523,2,82975,6,2020,-8415.75
973162903015849088,6523,2,82975,7,2020,-3856.67
973162903015849088,6523,2,82975,8,2020,-9793.88
973162903015849088,6523,2,82975,9,2020,-7071.66
973162903015849088,6523,2,82975,10,2020,-5471.79
973162903015849088,6523,2,82975,11,2020,-7851.08
973162903015849088,6523,2,82975,12,2020,-9446.36
973324258676081920,1863,3,91818,1,2020,6633.28
973324258676081920,1863,3,91818,2,2020,12554.61
973324258676081920,1863,3,91818,3,2020,15901.56
973324258676081920,1863,3,91818,4,2020,12020.24
973324258676081920,1863,3,91818,5,2020,21037.48
973324258676081920,1863,3,91818,6,2020,23324.64
973324258676081920,1863,3,91818,7,2020,22765.38
973324258676081920,1863,3,91818,8,2020,22890.32
973324258676081920,1863,3,91818,9,2020,31944.59
973324258676081920,1863,3,91818,10,2020,37331.67
973324258676081920,1863,3,91818,11,2020,34975.71
973324258676081920,1863,3,91818,12,2020,30937.83
976358478436350720,5068,7,51760,1,2020,249.46
976358478436350720,5068,7,51760,2,2020,249.46
976358478436350720,5068,7,51760,3,2020,249.46
976358478436350720,5068,7,51760,4,2020,434.9
976358478436350720,5068,7,51760,5,2020,434.9
976358478436350720,5068,7,51760,6,2020,-913.29
976358478436350720,5068,7,51760,7,2020,999.08
976358478436350720,5068,7,51760,8,2020,999.08
976358478436350720,5068,7,51760,9,2020,-1744.14
976358478436350720,5068,7,51760,10,2020,185.64
976358478436350720,5068,7,51760,11,2020,-337.26
976358478436350720,5068,7,51760,12,2020,-337.26
97646880850576656,7947,8,90238,1,2020,-2331.09
97646880850576656,7947,8,90238,2,2020,985.76
97646880850576656,7947,8,90238,3,2020,11713.7
97646880850576656,7947,8,90238,4,2020,7674.46
97646880850576656,7947,8,90238,5,2020,2671.48
97646880850576656,7947,8,90238,6,2020,6055.26
97646880850576656,7947,8,90238,7,2020,7540.5
97646880850576656,7947,8,90238,8,2020,5553.2
97646880850576656,7947,8,90238,9,2020,-1361.45
97646880850576656,7947,8,90238,10,2020,1657.34
97646880850576656,7947,8,90238,11,2020,1664.69
97646880850576656,7947,8,90238,12,2020,-6335.41
976699354958408192,8389,7,5301,1,2020,-7475.43
976699354958408192,8389,7,5301,2,2020,-8068.31
976699354958408192,8389,7,5301,3,2020,-11167.74
976699354958408192,8389,7,5301,4,2020,-9470.97
976699354958408192,8389,7,5301,5,2020,-8725.47
976699354958408192,8389,7,5301,6,2020,-8789.84
976699354958408192,8389,7,5301,7,2020,-10347.99
976699354958408192,8389,7,5301,8,2020,-10624.43
976699354958408192,8389,7,5301,9,2020,-7202.5
976699354958408192,8389,7,5301,10,2020,256.43
976699354958408192,8389,7,5301,11,2020,-889.71
976699354958408192,8389,7,5301,12,2020,-4758.22
977101574356204544,338,4,22089,1,2020,1226.29
977101574356204544,338,4,22089,2,2020,3483.11
977101574356204544,338,4,22089,3,2020,4124.34
977101574356204544,338,4,22089,4,2020,2333.08
977101574356204544,338,4,22089,5,2020,1891.57
977101574356204544,338,4,22089,6,2020,2657.35
977101574356204544,338,4,22089,7,2020,3084.31
977101574356204544,338,4,22089,8,2020,2022.25
977101574356204544,338,4,22089,9,2020,-3877.74
977101574356204544,338,4,22089,10,2020,3401.86
977101574356204544,338,4,22089,11,2020,7633.03
977101574356204544,338,4,22089,12,2020,3844.41
977320071323042560,5172,9,54040,1,2020,0.0
977320071323042560,5172,9,54040,2,2020,0.0
977320071323042560,5172,9,54040,3,2020,0.0
977320071323042560,5172,9,54040,4,2020,-877.54
977320071323042560,5172,9,54040,5,2020,-877.54
977320071323042560,5172,9,54040,6,2020,-877.54
977320071323042560,5172,9,54040,7,2020,-1590.34
977320071323042560,5172,9,54040,8,2020,-4032.32
977320071323042560,5172,9,54040,9,2020,-4032.32
977320071323042560,5172,9,54040,10,2020,-4851.18
977320071323042560,5172,9,54040,11,2020,-4851.18
977320071323042560,5172,9,54040,12,2020,-4851.18
977805034027985152,1159,3,37423,1,2020,-7507.29
977805034027985152,1159,3,37423,2,2020,-12347.65
977805034027985152,1159,3,37423,3,2020,-12710.16
977805034027985152,1159,3,37423,4,2020,-14802.8
977805034027985152,1159,3,37423,5,2020,-16070.18
977805034027985152,1159,3,37423,6,2020,-13983.81
977805034027985152,1159,3,37423,7,2020,-12238.48
977805034027985152,1159,3,37423,8,2020,-11280.03
977805034027985152,1159,3,37423,9,2020,-12660.88
977805034027985152,1159,3,37423,10,2020,-18164.29
977805034027985152,1159,3,37423,11,2020,-23610.44
977805034027985152,1159,3,37423,12,2020,-21228.81
978897463710108800,9435,7,2684,1,2020,-2953.72
978897463710108800,9435,7,2684,2,2020,2690.09
978897463710108800,9435,7,2684,3,2020,4477.53
978897463710108800,9435,7,2684,4,2020,3422.76
978897463710108800,9435,7,2684,5,2020,1545.09
978897463710108800,9435,7,2684,6,2020,-1363.0
978897463710108800,9435,7,2684,7,2020,-547.4
978897463710108800,9435,7,2684,8,2020,-2586.35
978897463710108800,9435,7,2684,9,2020,-5247.36
978897463710108800,9435,7,2684,10,2020,-6477.74
978897463710108800,9435,7,2684,11,2020,-5408.59
978897463710108800,9435,7,2684,12,2020,-7946.07
979126800254947072,2691,3,11251,1,2020,3159.55
979126800254947072,2691,3,11251,2,2020,4523.7
979126800254947072,2691,3,11251,3,2020,6720.88
979126800254947072,2691,3,11251,4,2020,7965.14
979126800254947072,2691,3,11251,5,2020,14343.08
979126800254947072,2691,3,11251,6,2020,15700.71
979126800254947072,2691,3,11251,7,2020,13063.69
979126800254947072,2691,3,11251,8,2020,10399.61
979126800254947072,2691,3,11251,9,2020,14933.35
979126800254947072,2691,3,11251,10,2020,17490.23
979126800254947072,2691,3,11251,11,2020,11363.54
979126800254947072,2691,3,11251,12,2020,20686.75
979359993212558080,7067,0,96473,1,2020,-1252.82
979359993212558080,7067,0,96473,2,2020,-460.04
979359993212558080,7067,0,96473,3,2020,3961.44
979359993212558080,7067,0,96473,4,2020,9670.85
979359993212558080,7067,0,96473,5,2020,8567.12
979359993212558080,7067,0,96473,6,2020,12590.83
979359993212558080,7067,0,96473,7,2020,12893.34
979359993212558080,7067,0,96473,8,2020,11845.13
979359993212558080,7067,0,96473,9,2020,5399.99
979359993212558080,7067,0,96473,10,2020,3212.77
979359993212558080,7067,0,96473,11,2020,3581.87
979359993212558080,7067,0,96473,12,2020,5200.71
979924296469302912,9752,8,57952,1,2020,-399.83
979924296469302912,9752,8,57952,2,2020,2087.89
979924296469302912,9752,8,57952,3,2020,3064.38
979924296469302912,9752,8,57952,4,2020,-840.38
979924296469302912,9752,8,57952,5,2020,843.07
979924296469302912,9752,8,57952,6,2020,843.07
979924296469302912,9752,8,57952,7,2020,843.07
979924296469302912,9752,8,57952,8,2020,1633.77
979924296469302912,9752,8,57952,9,2020,1633.77
979924296469302912,9752,8,57952,10,2020,3435.3
979924296469302912,9752,8,57952,11,2020,3435.3
979924296469302912,9752,8,57952,12,2020,3435.3
983187859571837952,9526,8,27776,1,2020,-390.37
983187859571837952,9526,8,27776,2,2020,99.67
983187859571837952,9526,8,27776,3,2020,-4187.1
983187859571837952,9526,8,27776,4,2020,-7632.13
983187859571837952,9526,8,27776,5,2020,-10462.01
983187859571837952,9526,8,27776,6,2020,-6817.75
983187859571837952,9526,8,27776,7,2020,-6817.75
983187859571837952,9526,8,27776,8,2020,-6974.22
983187859571837952,9526,8,27776,9,2020,-7803.46
983187859571837952,9526,8,27776,10,2020,-7104.03
983187859571837952,9526,8,27776,11,2020,-6303.62
983187859571837952,9526,8,27776,12,2020,-5380.64
983488431126715648,7736,8,3400,1,2020,2776.03
983488431126715648,7736,8,3400,2,2020,2776.03
983488431126715648,7736,8,3400,3,2020,1335.34
983488431126715648,7736,8,3400,4,2020,1335.34
983488431126715648,7736,8,3400,5,2020,941.67
983488431126715648,7736,8,3400,6,2020,4537.8
983488431126715648,7736,8,3400,7,2020,3922.52
983488431126715648,7736,8,3400,8,2020,6279.42
983488431126715648,7736,8,3400,9,2020,6279.42
983488431126715648,7736,8,3400,10,2020,6279.42
983488431126715648,7736,8,3400,11,2020,7548.57
983488431126715648,7736,8,3400,12,2020,7548.57
985591891019712512,6255,5,83178,1,2020,6445.62
985591891019712512,6255,5,83178,2,2020,10320.24
985591891019712512,6255,5,83178,3,2020,11249.32
985591891019712512,6255,5,83178,4,2020,10594.92
985591891019712512,6255,5,83178,5,2020,12676.28
985591891019712512,6255,5,83178,6,2020,10230.33
985591891019712512,6255,5,83178,7,2020,8690.76
985591891019712512,6255,5,83178,8,2020,9140.94
985591891019712512,6255,5,83178,9,2020,8173.33
985591891019712512,6255,5,83178,10,2020,2064.88
985591891019712512,6255,5,83178,11,2020,-1883.92
985591891019712512,6255,5,83178,12,2020,-2276.36
986076437730306688,5707,5,264,1,2020,-1520.57
986076437730306688,5707,5,264,2,2020,2176.67
986076437730306688,5707,5,264,3,2020,-2361.79
986076437730306688,5707,5,264,4,2020,1203.17
986076437730306688,5707,5,264,5,2020,1242.28
986076437730306688,5707,5,264,6,2020,5521.06
986076437730306688,5707,5,264,7,2020,6585.84
986076437730306688,5707,5,264,8,2020,5098.37
986076437730306688,5707,5,264,9,2020,3680.86
986076437730306688,5707,5,264,10,2020,-2.86
986076437730306688,5707,5,264,11,2020,-2611.03
986076437730306688,5707,5,264,12,2020,-187.3
988983548895386496,4842,2,76476,1,2020,590.16
988983548895386496,4842,2,76476,2,2020,3803.47
988983548895386496,4842,2,76476,3,2020,4759.16
988983548895386496,4842,2,76476,4,2020,3434.92
988983548895386496,4842,2,76476,5,2020,4138.09
988983548895386496,4842,2,76476,6,2020,3069.76
988983548895386496,4842,2,76476,7,2020,1162.76
988983548895386496,4842,2,76476,8,2020,156.35
988983548895386496,4842,2,76476,9,2020,-194.86
988983548895386496,4842,2,76476,10,2020,-380.84
988983548895386496,4842,2,76476,11,2020,-1408.89
988983548895386496,4842,2,76476,12,2020,2047.67
98935385187677248,1136,5,86898,1,2020,-166.73
98935385187677248,1136,5,86898,2,2020,-1560.58
98935385187677248,1136,5,86898,3,2020,-2943.04
98935385187677248,1136,5,86898,4,2020,-4347.48
98935385187677248,1136,5,86898,5,2020,-6824.71
98935385187677248,1136,5,86898,6,2020,-13252.41
