2757498649726221824,654,5,55617,2,2020,2050.1
2757498649726221824,654,5,55617,3,2020,4630.91
2757498649726221824,654,5,55617,4,2020,5043.18
2757498649726221824,654,5,55617,5,2020,4845.39
2757498649726221824,654,5,55617,6,2020,3610.31
2757498649726221824,654,5,55617,7,2020,3816.74
2757498649726221824,654,5,55617,8,2020,2121.66
2757498649726221824,654,5,55617,9,2020,4348.4
2757498649726221824,654,5,55617,10,2020,253.46
2757498649726221824,654,5,55617,11,2020,244.44
2757498649726221824,654,5,55617,12,2020,1972.9
2757979238754733056,6606,0,87966,1,2020,1597.41
2757979238754733056,6606,0,87966,2,2020,624.05
2757979238754733056,6606,0,87966,3,2020,1018.71
2757979238754733056,6606,0,87966,4,2020,3924.38
2757979238754733056,6606,0,87966,5,2020,-249.52
2757979238754733056,6606,0,87966,6,2020,-5335.06
2757979238754733056,6606,0,87966,7,2020,-7787.73
2757979238754733056,6606,0,87966,8,2020,53.78
2757979238754733056,6606,0,87966,9,2020,-6112.49
2757979238754733056,6606,0,87966,10,2020,-7315.82
2757979238754733056,6606,0,87966,11,2020,-3685.11
2757979238754733056,6606,0,87966,12,2020,4887.97
2758148312359684096,5149,9,35890,1,2020,581.32
2758148312359684096,5149,9,35890,2,2020,17.82
2758148312359684096,5149,9,35890,3,2020,-288.48
2758148312359684096,5149,9,35890,4,2020,5237.22
2758148312359684096,5149,9,35890,5,2020,2247.76
2758148312359684096,5149,9,35890,6,2020,6534.35
2758148312359684096,5149,9,35890,7,2020,8776.86
2758148312359684096,5149,9,35890,8,2020,11017.4
2758148312359684096,5149,9,35890,9,2020,13957.96
2758148312359684096,5149,9,35890,10,2020,13966.09
2758148312359684096,5149,9,35890,11,2020,16099.0
2758148312359684096,5149,9,35890,12,2020,16655.66
2758359142785595392,5586,1,92672,1,2020,-93.02
2758359142785595392,5586,1,92672,2,2020,-7975.71
2758359142785595392,5586,1,92672,3,2020,-9412.07
2758359142785595392,5586,1,92672,4,2020,-7577.94
2758359142785595392,5586,1,92672,5,2020,-1953.25
2758359142785595392,5586,1,92672,6,2020,-5476.93
2758359142785595392,5586,1,92672,7,2020,-3881.22
2758359142785595392,5586,1,92672,8,2020,-3682.66
2758359142785595392,5586,1,92672,9,2020,-1015.01
2758359142785595392,5586,1,92672,10,2020,6988.0
2758359142785595392,5586,1,92672,11,2020,6517.07
2758359142785595392,5586,1,92672,12,2020,5991.82
2758684665678217728,8636,0,24681,1,2020,2261.47
2758684665678217728,8636,0,24681,2,2020,7370.04
2758684665678217728,8636,0,24681,3,2020,14279.82
2758684665678217728,8636,0,24681,4,2020,10563.85
2758684665678217728,8636,0,24681,5,2020,6563.22
2758684665678217728,8636,0,24681,6,2020,8089.61
2758684665678217728,8636,0,24681,7,2020,8709.35
2758684665678217728,8636,0,24681,8,2020,16897.22
2758684665678217728,8636,0,24681,9,2020,21086.08
2758684665678217728,8636,0,24681,10,2020,25507.35
2758684665678217728,8636,0,24681,11,2020,23134.06
2758684665678217728,8636,0,24681,12,2020,22566.68
2759410600999316480,2027,2,96188,1,2020,12442.14
2759410600999316480,2027,2,96188,2,2020,14230.64
2759410600999316480,2027,2,96188,3,2020,4946.06
2759410600999316480,2027,2,96188,4,2020,9641.51
2759410600999316480,2027,2,96188,5,2020,3489.68
2759410600999316480,2027,2,96188,6,2020,-3985.69
2759410600999316480,2027,2,96188,7,2020,1760.8
2759410600999316480,2027,2,96188,8,2020,-2408.56
2759410600999316480,2027,2,96188,9,2020,1894.62
2759410600999316480,2027,2,96188,10,2020,227.86
2759410600999316480,2027,2,96188,11,2020,-3445.96
2759410600999316480,2027,2,96188,12,2020,4963.66
275991141994273600,867,6,1967,1,2020,3852.07
275991141994273600,867,6,1967,2,2020,76.63
275991141994273600,867,6,1967,3,2020,2088.29
275991141994273600,867,6,1967,4,2020,1483.98
275991141994273600,867,6,1967,5,2020,401.62
275991141994273600,867,6,1967,6,2020,-4295.98
275991141994273600,867,6,1967,7,2020,-9400.28
275991141994273600,867,6,1967,8,2020,-7028.95
275991141994273600,867,6,1967,9,2020,-10113.68
275991141994273600,867,6,1967,10,2020,-5322.88
275991141994273600,867,6,1967,11,2020,-10815.07
275991141994273600,867,6,1967,12,2020,-11459.04
2760799843960068608,3427,9,57202,1,2020,-827.2
2760799843960068608,3427,9,57202,2,2020,-2417.54
2760799843960068608,3427,9,57202,3,2020,-4587.5
2760799843960068608,3427,9,57202,4,2020,-4587.5
2760799843960068608,3427,9,57202,5,2020,-3597.45
2760799843960068608,3427,9,57202,6,2020,-3787.31
2760799843960068608,3427,9,57202,7,2020,-3923.0
2760799843960068608,3427,9,57202,8,2020,-3246.68
2760799843960068608,3427,9,57202,9,2020,-419.91
2760799843960068608,3427,9,57202,10,2020,2371.32
2760799843960068608,3427,9,57202,11,2020,797.74
2760799843960068608,3427,9,57202,12,2020,2659.13
2762983354941939200,9636,8,85353,1,2020,404.79
2762983354941939200,9636,8,85353,2,2020,1973.97
2762983354941939200,9636,8,85353,3,2020,-1461.16
2762983354941939200,9636,8,85353,4,2020,-374.27
2762983354941939200,9636,8,85353,5,2020,4700.0
2762983354941939200,9636,8,85353,6,2020,4059.8
2762983354941939200,9636,8,85353,7,2020,6351.67
2762983354941939200,9636,8,85353,8,2020,8064.9
2762983354941939200,9636,8,85353,9,2020,10973.87
2762983354941939200,9636,8,85353,10,2020,17851.67
2762983354941939200,9636,8,85353,11,2020,12535.25
2762983354941939200,9636,8,85353,12,2020,12020.51
2765785231470206464,19,4,19777,1,2020,1517.56
2765785231470206464,19,4,19777,2,2020,1517.56
2765785231470206464,19,4,19777,3,2020,1517.56
2765785231470206464,19,4,19777,4,2020,1517.56
2765785231470206464,19,4,19777,5,2020,1517.56
2765785231470206464,19,4,19777,6,2020,1517.56
2765785231470206464,19,4,19777,7,2020,-1524.33
2765785231470206464,19,4,19777,8,2020,-1524.33
2765785231470206464,19,4,19777,9,2020,-1524.33
2765785231470206464,19,4,19777,10,2020,152.79
2765785231470206464,19,4,19777,11,2020,1294.94
2765785231470206464,19,4,19777,12,2020,1409.24
2765835653988175360,1295,4,44625,1,2020,663.33
2765835653988175360,1295,4,44625,2,2020,3474.47
2765835653988175360,1295,4,44625,3,2020,2081.26
2765835653988175360,1295,4,44625,4,2020,5281.21
2765835653988175360,1295,4,44625,5,2020,10833.45
2765835653988175360,1295,4,44625,6,2020,7454.71
2765835653988175360,1295,4,44625,7,2020,-925.77
2765835653988175360,1295,4,44625,8,2020,2339.28
2765835653988175360,1295,4,44625,9,2020,-3763.45
2765835653988175360,1295,4,44625,10,2020,-2318.48
2765835653988175360,1295,4,44625,11,2020,225.69
2765835653988175360,1295,4,44625,12,2020,-264.89
2765880607092933632,8485,7,5313,1,2020,-2289.13
2765880607092933632,8485,7,5313,2,2020,2361.25
2765880607092933632,8485,7,5313,3,2020,333.44
2765880607092933632,8485,7,5313,4,2020,-856.45
2765880607092933632,8485,7,5313,5,2020,-6975.31
2765880607092933632,8485,7,5313,6,2020,321.91
2765880607092933632,8485,7,5313,7,2020,-298.96
2765880607092933632,8485,7,5313,8,2020,-2496.55
2765880607092933632,8485,7,5313,9,2020,-5512.51
2765880607092933632,8485,7,5313,10,2020,-9711.12
2765880607092933632,8485,7,5313,11,2020,-5654.07
2765880607092933632,8485,7,5313,12,2020,-4675.69
2766736107452577792,3733,3,23668,1,2020,0.0
2766736107452577792,3733,3,23668,2,2020,-42.35
2766736107452577792,3733,3,23668,3,2020,-42.35
2766736107452577792,3733,3,23668,4,2020,-42.35
2766736107452577792,3733,3,23668,5,2020,-1421.0
2766736107452577792,3733,3,23668,6,2020,350.57
2766736107452577792,3733,3,23668,7,2020,3829.38
2766736107452577792,3733,3,23668,8,2020,3829.38
2766736107452577792,3733,3,23668,9,2020,4096.33
2766736107452577792,3733,3,23668,10,2020,4621.68
2766736107452577792,3733,3,23668,11,2020,4621.68
2766736107452577792,3733,3,23668,12,2020,6269.98
276738588952286176,9216,6,73956,1,2020,3450.93
276738588952286176,9216,6,73956,2,2020,-1662.72
276738588952286176,9216,6,73956,3,2020,-5046.7
276738588952286176,9216,6,73956,4,2020,-5589.38
276738588952286176,9216,6,73956,5,2020,-13923.91
276738588952286176,9216,6,73956,6,2020,-14764.26
276738588952286176,9216,6,73956,7,2020,-10666.53
276738588952286176,9216,6,73956,8,2020,-10110.38
276738588952286176,9216,6,73956,9,2020,-19690.25
276738588952286176,9216,6,73956,10,2020,-26111.2
276738588952286176,9216,6,73956,11,2020,-34115.6
276738588952286176,9216,6,73956,12,2020,-39334.81
27678495950901348,7047,5,29526,1,2020,-2797.17
27678495950901348,7047,5,29526,2,2020,2472.94
27678495950901348,7047,5,29526,3,2020,3668.18
27678495950901348,7047,5,29526,4,2020,7052.15
27678495950901348,7047,5,29526,5,2020,337.47
27678495950901348,7047,5,29526,6,2020,3014.49
27678495950901348,7047,5,29526,7,2020,5660.79
27678495950901348,7047,5,29526,8,2020,3776.69
27678495950901348,7047,5,29526,9,2020,4077.43
27678495950901348,7047,5,29526,10,2020,-5833.95
27678495950901348,7047,5,29526,11,2020,-7763.58
27678495950901348,7047,5,29526,12,2020,-4954.19
2769428393006994432,8611,6,49670,1,2020,2137.96
2769428393006994432,8611,6,49670,2,2020,1098.45
2769428393006994432,8611,6,49670,3,2020,-4714.18
2769428393006994432,8611,6,49670,4,2020,-4057.32
2769428393006994432,8611,6,49670,5,2020,-1607.8
2769428393006994432,8611,6,49670,6,2020,-3052.51
2769428393006994432,8611,6,49670,7,2020,-5685.94
2769428393006994432,8611,6,49670,8,2020,-5260.01
2769428393006994432,8611,6,49670,9,2020,-9149.37
2769428393006994432,8611,6,49670,10,2020,-6519.36
2769428393006994432,8611,6,49670,11,2020,-5575.89
2769428393006994432,8611,6,49670,12,2020,-9027.59
2769628516875552256,9892,7,62057,1,2020,597.85
2769628516875552256,9892,7,62057,2,2020,-2109.24
2769628516875552256,9892,7,62057,3,2020,-4887.88
2769628516875552256,9892,7,62057,4,2020,-3058.47
2769628516875552256,9892,7,62057,5,2020,-5917.94
2769628516875552256,9892,7,62057,6,2020,-4867.72
2769628516875552256,9892,7,62057,7,2020,-5851.67
2769628516875552256,9892,7,62057,8,2020,-9666.8
2769628516875552256,9892,7,62057,9,2020,-8264.27
2769628516875552256,9892,7,62057,10,2020,-10606.14
2769628516875552256,9892,7,62057,11,2020,-14179.57
2769628516875552256,9892,7,62057,12,2020,-14559.63
2769914948604239360,5595,2,17181,1,2020,2957.87
2769914948604239360,5595,2,17181,2,2020,-30.31
2769914948604239360,5595,2,17181,3,2020,120.36
2769914948604239360,5595,2,17181,4,2020,-1389.8
2769914948604239360,5595,2,17181,5,2020,-6702.4
2769914948604239360,5595,2,17181,6,2020,-9162.93
2769914948604239360,5595,2,17181,7,2020,-12070.13
2769914948604239360,5595,2,17181,8,2020,-7806.42
2769914948604239360,5595,2,17181,9,2020,-5433.29
2769914948604239360,5595,2,17181,10,2020,-6583.39
2769914948604239360,5595,2,17181,11,2020,-11475.5
2769914948604239360,5595,2,17181,12,2020,-6344.91
2770562231362653184,3429,0,2641,1,2020,1647.84
2770562231362653184,3429,0,2641,2,2020,976.47
2770562231362653184,3429,0,2641,3,2020,4388.63
2770562231362653184,3429,0,2641,4,2020,5007.01
2770562231362653184,3429,0,2641,5,2020,5347.02
2770562231362653184,3429,0,2641,6,2020,5155.1
2770562231362653184,3429,0,2641,7,2020,4608.89
2770562231362653184,3429,0,2641,8,2020,5309.31
2770562231362653184,3429,0,2641,9,2020,3011.78
2770562231362653184,3429,0,2641,10,2020,823.17
2770562231362653184,3429,0,2641,11,2020,1806.98
2770562231362653184,3429,0,2641,12,2020,985.59
2770698042164520960,7980,4,87283,1,2020,-138.92
2770698042164520960,7980,4,87283,2,2020,-4194.06
2770698042164520960,7980,4,87283,3,2020,-6155.43
2770698042164520960,7980,4,87283,4,2020,-4538.28
2770698042164520960,7980,4,87283,5,2020,-10969.37
2770698042164520960,7980,4,87283,6,2020,-11653.83
2770698042164520960,7980,4,87283,7,2020,-3676.86
2770698042164520960,7980,4,87283,8,2020,-2156.81
2770698042164520960,7980,4,87283,9,2020,-1022.93
2770698042164520960,7980,4,87283,10,2020,-8425.79
2770698042164520960,7980,4,87283,11,2020,-5083.97
2770698042164520960,7980,4,87283,12,2020,-6047.33
