3264217381129019904,7688,8,89114,8,2020,-11046.39
3264217381129019904,7688,8,89114,9,2020,-13900.59
3264217381129019904,7688,8,89114,10,2020,-14446.29
3264217381129019904,7688,8,89114,11,2020,-14062.19
3264217381129019904,7688,8,89114,12,2020,-13134.55
3266788702940063744,1532,1,53533,1,2020,1766.14
3266788702940063744,1532,1,53533,2,2020,-391.93
3266788702940063744,1532,1,53533,3,2020,-3079.91
3266788702940063744,1532,1,53533,4,2020,6369.32
3266788702940063744,1532,1,53533,5,2020,12247.7
3266788702940063744,1532,1,53533,6,2020,8479.85
3266788702940063744,1532,1,53533,7,2020,7990.97
3266788702940063744,1532,1,53533,8,2020,6236.58
3266788702940063744,1532,1,53533,9,2020,5364.87
3266788702940063744,1532,1,53533,10,2020,671.21
3266788702940063744,1532,1,53533,11,2020,1235.93
3266788702940063744,1532,1,53533,12,2020,1321.68
3267256018402785792,9981,8,16696,1,2020,2364.72
3267256018402785792,9981,8,16696,2,2020,7199.3
3267256018402785792,9981,8,16696,3,2020,5726.08
3267256018402785792,9981,8,16696,4,2020,3547.07
3267256018402785792,9981,8,16696,5,2020,1047.75
3267256018402785792,9981,8,16696,6,2020,-1056.82
3267256018402785792,9981,8,16696,7,2020,3994.56
3267256018402785792,9981,8,16696,8,2020,8189.65
3267256018402785792,9981,8,16696,9,2020,4904.57
3267256018402785792,9981,8,16696,10,2020,2695.21
3267256018402785792,9981,8,16696,11,2020,5777.51
3267256018402785792,9981,8,16696,12,2020,6270.97
3267664057401969664,2096,8,69196,1,2020,0.0
3267664057401969664,2096,8,69196,2,2020,-566.48
3267664057401969664,2096,8,69196,3,2020,-2086.73
3267664057401969664,2096,8,69196,4,2020,-2086.73
3267664057401969664,2096,8,69196,5,2020,-2086.73
3267664057401969664,2096,8,69196,6,2020,-795.95
3267664057401969664,2096,8,69196,7,2020,-2496.8
3267664057401969664,2096,8,69196,8,2020,-2496.8
3267664057401969664,2096,8,69196,9,2020,-2496.8
3267664057401969664,2096,8,69196,10,2020,-2496.8
3267664057401969664,2096,8,69196,11,2020,-519.06
3267664057401969664,2096,8,69196,12,2020,-519.06
3268312999995719680,9413,7,83053,1,2020,-6153.13
3268312999995719680,9413,7,83053,2,2020,-18789.63
3268312999995719680,9413,7,83053,3,2020,-13899.52
3268312999995719680,9413,7,83053,4,2020,-16978.33
3268312999995719680,9413,7,83053,5,2020,-17360.18
3268312999995719680,9413,7,83053,6,2020,-17541.54
3268312999995719680,9413,7,83053,7,2020,-28917.86
3268312999995719680,9413,7,83053,8,2020,-30625.95
3268312999995719680,9413,7,83053,9,2020,-23331.38
3268312999995719680,9413,7,83053,10,2020,-21673.1
3268312999995719680,9413,7,83053,11,2020,-26278.56
3268312999995719680,9413,7,83053,12,2020,-21742.93
3268458781927331840,793,2,21422,1,2020,3906.51
3268458781927331840,793,2,21422,2,2020,3206.15
3268458781927331840,793,2,21422,3,2020,-5255.96
3268458781927331840,793,2,21422,4,2020,304.02
3268458781927331840,793,2,21422,5,2020,6016.07
3268458781927331840,793,2,21422,6,2020,16003.17
3268458781927331840,793,2,21422,7,2020,19242.24
3268458781927331840,793,2,21422,8,2020,30479.77
3268458781927331840,793,2,21422,9,2020,34833.96
3268458781927331840,793,2,21422,10,2020,32695.73
3268458781927331840,793,2,21422,11,2020,37314.8
3268458781927331840,793,2,21422,12,2020,33775.72
3269070270664064512,7878,4,49020,1,2020,2185.08
3269070270664064512,7878,4,49020,2,2020,724.4
3269070270664064512,7878,4,49020,3,2020,-1307.45
3269070270664064512,7878,4,49020,4,2020,2596.76
3269070270664064512,7878,4,49020,5,2020,709.51
3269070270664064512,7878,4,49020,6,2020,1572.18
3269070270664064512,7878,4,49020,7,2020,1116.82
3269070270664064512,7878,4,49020,8,2020,1381.58
3269070270664064512,7878,4,49020,9,2020,667.64
3269070270664064512,7878,4,49020,10,2020,7199.2
3269070270664064512,7878,4,49020,11,2020,10545.71
3269070270664064512,7878,4,49020,12,2020,12668.72
3269715700421783040,8179,1,74407,1,2020,1618.86
3269715700421783040,8179,1,74407,2,2020,1203.5
3269715700421783040,8179,1,74407,3,2020,2336.54
3269715700421783040,8179,1,74407,4,2020,20758.36
3269715700421783040,8179,1,74407,5,2020,18679.88
3269715700421783040,8179,1,74407,6,2020,24377.24
3269715700421783040,8179,1,74407,7,2020,17863.81
3269715700421783040,8179,1,74407,8,2020,21403.3
3269715700421783040,8179,1,74407,9,2020,25391.81
3269715700421783040,8179,1,74407,10,2020,29324.42
3269715700421783040,8179,1,74407,11,2020,36024.55
3269715700421783040,8179,1,74407,12,2020,37283.39
3270999487477747200,6308,0,68646,1,2020,3004.03
3270999487477747200,6308,0,68646,2,2020,8834.22
3270999487477747200,6308,0,68646,3,2020,6116.37
3270999487477747200,6308,0,68646,4,2020,7313.44
3270999487477747200,6308,0,68646,5,2020,4100.58
3270999487477747200,6308,0,68646,6,2020,5070.29
3270999487477747200,6308,0,68646,7,2020,8161.6
3270999487477747200,6308,0,68646,8,2020,15316.49
3270999487477747200,6308,0,68646,9,2020,19644.5
3270999487477747200,6308,0,68646,10,2020,23893.65
3270999487477747200,6308,0,68646,11,2020,23003.49
3270999487477747200,6308,0,68646,12,2020,19733.54
3271656324808283136,6727,9,83468,1,2020,-2050.23
3271656324808283136,6727,9,83468,2,2020,-5133.06
3271656324808283136,6727,9,83468,3,2020,-469.68
3271656324808283136,6727,9,83468,4,2020,-3899.97
3271656324808283136,6727,9,83468,5,2020,-4146.91
3271656324808283136,6727,9,83468,6,2020,-5543.83
3271656324808283136,6727,9,83468,7,2020,-3177.61
3271656324808283136,6727,9,83468,8,2020,-1138.8
3271656324808283136,6727,9,83468,9,2020,-5525.96
3271656324808283136,6727,9,83468,10,2020,-3908.08
3271656324808283136,6727,9,83468,11,2020,-3952.26
3271656324808283136,6727,9,83468,12,2020,-3253.63
3272510303713615360,8799,3,28305,1,2020,-2557.02
3272510303713615360,8799,3,28305,2,2020,-6915.79
3272510303713615360,8799,3,28305,3,2020,261.03
3272510303713615360,8799,3,28305,4,2020,-5371.71
3272510303713615360,8799,3,28305,5,2020,-8967.87
3272510303713615360,8799,3,28305,6,2020,-14186.4
3272510303713615360,8799,3,28305,7,2020,-16072.98
3272510303713615360,8799,3,28305,8,2020,-15963.09
3272510303713615360,8799,3,28305,9,2020,-14352.71
3272510303713615360,8799,3,28305,10,2020,-22366.29
3272510303713615360,8799,3,28305,11,2020,-25730.09
3272510303713615360,8799,3,28305,12,2020,-29040.59
3272536163477341696,9838,6,87480,1,2020,1446.14
3272536163477341696,9838,6,87480,2,2020,728.95
3272536163477341696,9838,6,87480,3,2020,728.95
3272536163477341696,9838,6,87480,4,2020,-714.82
3272536163477341696,9838,6,87480,5,2020,-2653.11
3272536163477341696,9838,6,87480,6,2020,-2653.11
3272536163477341696,9838,6,87480,7,2020,-3796.31
3272536163477341696,9838,6,87480,8,2020,-4769.76
3272536163477341696,9838,6,87480,9,2020,-4793.17
3272536163477341696,9838,6,87480,10,2020,-4793.17
3272536163477341696,9838,6,87480,11,2020,-6634.4
3272536163477341696,9838,6,87480,12,2020,-7523.22
3272862574335167488,9576,8,38707,1,2020,-75.66
3272862574335167488,9576,8,38707,2,2020,1081.45
3272862574335167488,9576,8,38707,3,2020,-1998.98
3272862574335167488,9576,8,38707,4,2020,-1243.75
3272862574335167488,9576,8,38707,5,2020,3343.03
3272862574335167488,9576,8,38707,6,2020,471.47
3272862574335167488,9576,8,38707,7,2020,-6496.06
3272862574335167488,9576,8,38707,8,2020,-1567.24
3272862574335167488,9576,8,38707,9,2020,-6362.24
3272862574335167488,9576,8,38707,10,2020,-9572.6
3272862574335167488,9576,8,38707,11,2020,-13454.82
3272862574335167488,9576,8,38707,12,2020,-10294.6
3273140494056545280,9480,7,67693,1,2020,0.0
3273140494056545280,9480,7,67693,2,2020,-1731.52
3273140494056545280,9480,7,67693,3,2020,-3280.34
3273140494056545280,9480,7,67693,4,2020,-3280.34
3273140494056545280,9480,7,67693,5,2020,-4514.59
3273140494056545280,9480,7,67693,6,2020,-2714.7
3273140494056545280,9480,7,67693,7,2020,-3043.35
3273140494056545280,9480,7,67693,8,2020,-3043.35
3273140494056545280,9480,7,67693,9,2020,-4796.46
3273140494056545280,9480,7,67693,10,2020,-4796.46
3273140494056545280,9480,7,67693,11,2020,-3251.53
3273140494056545280,9480,7,67693,12,2020,-2092.15
3273210742701929472,2482,5,68782,1,2020,2005.5
3273210742701929472,2482,5,68782,2,2020,5921.75
3273210742701929472,2482,5,68782,3,2020,16654.63
3273210742701929472,2482,5,68782,4,2020,10220.54
3273210742701929472,2482,5,68782,5,2020,12590.53
3273210742701929472,2482,5,68782,6,2020,17063.36
3273210742701929472,2482,5,68782,7,2020,17219.88
3273210742701929472,2482,5,68782,8,2020,11346.37
3273210742701929472,2482,5,68782,9,2020,7950.65
3273210742701929472,2482,5,68782,10,2020,15161.23
3273210742701929472,2482,5,68782,11,2020,10095.81
3273210742701929472,2482,5,68782,12,2020,14540.67
3273785372768116224,6684,7,44643,1,2020,-3196.94
3273785372768116224,6684,7,44643,2,2020,-2219.94
3273785372768116224,6684,7,44643,3,2020,-7913.87
3273785372768116224,6684,7,44643,4,2020,-7288.65
3273785372768116224,6684,7,44643,5,2020,-11124.97
3273785372768116224,6684,7,44643,6,2020,-8804.66
3273785372768116224,6684,7,44643,7,2020,-9463.7
3273785372768116224,6684,7,44643,8,2020,-4639.3
3273785372768116224,6684,7,44643,9,2020,-5038.88
3273785372768116224,6684,7,44643,10,2020,-6696.11
3273785372768116224,6684,7,44643,11,2020,-3150.19
3273785372768116224,6684,7,44643,12,2020,865.09
3275236700112787456,1828,3,94629,1,2020,-2611.26
3275236700112787456,1828,3,94629,2,2020,-4820.84
3275236700112787456,1828,3,94629,3,2020,-4203.21
3275236700112787456,1828,3,94629,4,2020,-12177.24
3275236700112787456,1828,3,94629,5,2020,-11175.0
3275236700112787456,1828,3,94629,6,2020,-14810.36
3275236700112787456,1828,3,94629,7,2020,-16037.59
3275236700112787456,1828,3,94629,8,2020,-17310.17
3275236700112787456,1828,3,94629,9,2020,-9347.66
3275236700112787456,1828,3,94629,10,2020,-486.99
3275236700112787456,1828,3,94629,11,2020,-9453.75
3275236700112787456,1828,3,94629,12,2020,-241.07
327641571066486528,269,5,76157,1,2020,972.47
327641571066486528,269,5,76157,2,2020,1104.38
327641571066486528,269,5,76157,3,2020,1104.38
327641571066486528,269,5,76157,4,2020,1121.36
327641571066486528,269,5,76157,5,2020,1078.69
327641571066486528,269,5,76157,6,2020,1421.71
327641571066486528,269,5,76157,7,2020,943.62
327641571066486528,269,5,76157,8,2020,622.2
327641571066486528,269,5,76157,9,2020,-1425.82
327641571066486528,269,5,76157,10,2020,1961.98
327641571066486528,269,5,76157,11,2020,3480.46
327641571066486528,269,5,76157,12,2020,3480.46
3277053838294993408,4974,1,62910,1,2020,0.0
3277053838294993408,4974,1,62910,2,2020,3349.4
3277053838294993408,4974,1,62910,3,2020,1878.97
3277053838294993408,4974,1,62910,4,2020,-117.15
3277053838294993408,4974,1,62910,5,2020,-117.15
3277053838294993408,4974,1,62910,6,2020,-117.15
3277053838294993408,4974,1,62910,7,2020,-117.15
3277053838294993408,4974,1,62910,8,2020,569.99
3277053838294993408,4974,1,62910,9,2020,569.99
3277053838294993408,4974,1,62910,10,2020,569.99
3277053838294993408,4974,1,62910,11,2020,569.99
3277053838294993408,4974,1,62910,12,2020,-1283.2
3277979390263658496,5028,6,55635,1,2020,4102.3
3277979390263658496,5028,6,55635,2,2020,2604.63
3277979390263658496,5028,6,55635,3,2020,3293.93
3277979390263658496,5028,6,55635,4,2020,12466.45
3277979390263658496,5028,6,55635,5,2020,15497.8
3277979390263658496,5028,6,55635,6,2020,20998.34
3277979390263658496,5028,6,55635,7,2020,15683.9
3277979390263658496,5028,6,55635,8,2020,13568.82
3277979390263658496,5028,6,55635,9,2020,12724.68
3277979390263658496,5028,6,55635,10,2020,15045.5
3277979390263658496,5028,6,55635,11,2020,10357.19
3277979390263658496,5028,6,55635,12,2020,12093.22
3278588752260820992,8654,3,913,1,2020,3112.19
3278588752260820992,8654,3,913,2,2020,4061.58
3278588752260820992,8654,3,913,3,2020,1621.51
3278588752260820992,8654,3,913,4,2020,306.15
3278588752260820992,8654,3,913,5,2020,-1325.01
3278588752260820992,8654,3,913,6,2020,-365.44
3278588752260820992,8654,3,913,7,2020,-1484.3
3278588752260820992,8654,3,913,8,2020,-1540.11
3278588752260820992,8654,3,913,9,2020,1507.62
3278588752260820992,8654,3,913,10,2020,7556.37
