3213548704746831872,4861,2,35541,9,2020,-2723.92
3213548704746831872,4861,2,35541,10,2020,-6191.76
3213548704746831872,4861,2,35541,11,2020,-9864.69
3213548704746831872,4861,2,35541,12,2020,-9168.09
3213678331568075264,8831,1,544,1,2020,0.0
3213678331568075264,8831,1,544,2,2020,-2543.47
3213678331568075264,8831,1,544,3,2020,-1964.89
3213678331568075264,8831,1,544,4,2020,-98.34
3213678331568075264,8831,1,544,5,2020,-1496.17
3213678331568075264,8831,1,544,6,2020,-1496.17
3213678331568075264,8831,1,544,7,2020,-1496.17
3213678331568075264,8831,1,544,8,2020,-1496.17
3213678331568075264,8831,1,544,9,2020,-1496.17
3213678331568075264,8831,1,544,10,2020,-2033.54
3213678331568075264,8831,1,544,11,2020,-2033.54
3213678331568075264,8831,1,544,12,2020,-2545.64
3213866885274016768,8328,0,75306,1,2020,2112.71
3213866885274016768,8328,0,75306,2,2020,-4645.18
3213866885274016768,8328,0,75306,3,2020,-4159.12
3213866885274016768,8328,0,75306,4,2020,272.25
3213866885274016768,8328,0,75306,5,2020,-6878.15
3213866885274016768,8328,0,75306,6,2020,541.96
3213866885274016768,8328,0,75306,7,2020,5266.81
3213866885274016768,8328,0,75306,8,2020,7172.32
3213866885274016768,8328,0,75306,9,2020,6412.23
3213866885274016768,8328,0,75306,10,2020,9831.74
3213866885274016768,8328,0,75306,11,2020,14753.03
3213866885274016768,8328,0,75306,12,2020,15158.75
3214508502673126912,5179,9,48664,1,2020,585.22
3214508502673126912,5179,9,48664,2,2020,710.83
3214508502673126912,5179,9,48664,3,2020,-18.41
3214508502673126912,5179,9,48664,4,2020,-2498.74
3214508502673126912,5179,9,48664,5,2020,-3408.51
3214508502673126912,5179,9,48664,6,2020,-366.18
3214508502673126912,5179,9,48664,7,2020,-1817.66
3214508502673126912,5179,9,48664,8,2020,-571.51
3214508502673126912,5179,9,48664,9,2020,2425.78
3214508502673126912,5179,9,48664,10,2020,1196.88
3214508502673126912,5179,9,48664,11,2020,4905.85
3214508502673126912,5179,9,48664,12,2020,8257.93
3215837977281320960,1340,8,47570,1,2020,720.94
3215837977281320960,1340,8,47570,2,2020,-434.5
3215837977281320960,1340,8,47570,3,2020,-5426.14
3215837977281320960,1340,8,47570,4,2020,-8543.35
3215837977281320960,1340,8,47570,5,2020,-7841.07
3215837977281320960,1340,8,47570,6,2020,-12100.0
3215837977281320960,1340,8,47570,7,2020,-6047.15
3215837977281320960,1340,8,47570,8,2020,-7250.11
3215837977281320960,1340,8,47570,9,2020,-11895.42
3215837977281320960,1340,8,47570,10,2020,-15577.52
3215837977281320960,1340,8,47570,11,2020,-21999.16
3215837977281320960,1340,8,47570,12,2020,-23710.94
3216025729194184704,4587,3,94884,1,2020,-4075.77
3216025729194184704,4587,3,94884,2,2020,-2310.62
3216025729194184704,4587,3,94884,3,2020,-1531.71
3216025729194184704,4587,3,94884,4,2020,-447.21
3216025729194184704,4587,3,94884,5,2020,-15.13
3216025729194184704,4587,3,94884,6,2020,-11549.02
3216025729194184704,4587,3,94884,7,2020,-9863.42
3216025729194184704,4587,3,94884,8,2020,-12071.36
3216025729194184704,4587,3,94884,9,2020,-5314.36
3216025729194184704,4587,3,94884,10,2020,-5455.13
3216025729194184704,4587,3,94884,11,2020,-1819.14
3216025729194184704,4587,3,94884,12,2020,6670.87
3216834745301530624,3692,0,67343,1,2020,501.97
3216834745301530624,3692,0,67343,2,2020,-1250.52
3216834745301530624,3692,0,67343,3,2020,785.79
3216834745301530624,3692,0,67343,4,2020,-1328.27
3216834745301530624,3692,0,67343,5,2020,-7759.67
3216834745301530624,3692,0,67343,6,2020,-9276.38
3216834745301530624,3692,0,67343,7,2020,-8306.95
3216834745301530624,3692,0,67343,8,2020,-7864.84
3216834745301530624,3692,0,67343,9,2020,-10422.11
3216834745301530624,3692,0,67343,10,2020,-8269.36
3216834745301530624,3692,0,67343,11,2020,-10553.84
3216834745301530624,3692,0,67343,12,2020,-15005.94
3217978873917636608,6676,7,42285,1,2020,10423.38
3217978873917636608,6676,7,42285,2,2020,13122.27
3217978873917636608,6676,7,42285,3,2020,20141.83
3217978873917636608,6676,7,42285,4,2020,21424.4
3217978873917636608,6676,7,42285,5,2020,21539.58
3217978873917636608,6676,7,42285,6,2020,25799.57
3217978873917636608,6676,7,42285,7,2020,21610.27
3217978873917636608,6676,7,42285,8,2020,16774.49
3217978873917636608,6676,7,42285,9,2020,13287.29
3217978873917636608,6676,7,42285,10,2020,15309.39
3217978873917636608,6676,7,42285,11,2020,13892.82
3217978873917636608,6676,7,42285,12,2020,14652.58
3218186590957509632,2088,4,66990,1,2020,5828.92
3218186590957509632,2088,4,66990,2,2020,4773.65
3218186590957509632,2088,4,66990,3,2020,5675.07
3218186590957509632,2088,4,66990,4,2020,-1418.6
3218186590957509632,2088,4,66990,5,2020,-1600.41
3218186590957509632,2088,4,66990,6,2020,-10462.74
3218186590957509632,2088,4,66990,7,2020,-8129.39
3218186590957509632,2088,4,66990,8,2020,-6566.59
3218186590957509632,2088,4,66990,9,2020,-5031.33
3218186590957509632,2088,4,66990,10,2020,3399.29
3218186590957509632,2088,4,66990,11,2020,7279.89
3218186590957509632,2088,4,66990,12,2020,6107.54
3219063663110289920,6732,3,96325,1,2020,4774.76
3219063663110289920,6732,3,96325,2,2020,-2153.84
3219063663110289920,6732,3,96325,3,2020,5447.55
3219063663110289920,6732,3,96325,4,2020,-4995.49
3219063663110289920,6732,3,96325,5,2020,-7208.77
3219063663110289920,6732,3,96325,6,2020,-7856.18
3219063663110289920,6732,3,96325,7,2020,-5183.49
3219063663110289920,6732,3,96325,8,2020,-7083.11
3219063663110289920,6732,3,96325,9,2020,-14848.75
3219063663110289920,6732,3,96325,10,2020,-16977.03
3219063663110289920,6732,3,96325,11,2020,-23362.39
3219063663110289920,6732,3,96325,12,2020,-21803.22
3219116118582615552,3368,0,1018,1,2020,1196.58
3219116118582615552,3368,0,1018,2,2020,3293.42
3219116118582615552,3368,0,1018,3,2020,4683.47
3219116118582615552,3368,0,1018,4,2020,3823.83
3219116118582615552,3368,0,1018,5,2020,1910.39
3219116118582615552,3368,0,1018,6,2020,1307.83
3219116118582615552,3368,0,1018,7,2020,-5861.84
3219116118582615552,3368,0,1018,8,2020,-6505.32
3219116118582615552,3368,0,1018,9,2020,-8245.49
3219116118582615552,3368,0,1018,10,2020,-11889.75
3219116118582615552,3368,0,1018,11,2020,-14818.87
3219116118582615552,3368,0,1018,12,2020,-14661.44
322088365866182528,4329,8,32136,1,2020,2252.36
322088365866182528,4329,8,32136,2,2020,2849.47
322088365866182528,4329,8,32136,3,2020,1440.83
322088365866182528,4329,8,32136,4,2020,259.24
322088365866182528,4329,8,32136,5,2020,257.12
322088365866182528,4329,8,32136,6,2020,-1764.86
322088365866182528,4329,8,32136,7,2020,-215.14
322088365866182528,4329,8,32136,8,2020,-927.69
322088365866182528,4329,8,32136,9,2020,1637.02
322088365866182528,4329,8,32136,10,2020,627.74
322088365866182528,4329,8,32136,11,2020,-1075.72
322088365866182528,4329,8,32136,12,2020,-1075.72
322127017140166912,7232,5,47448,1,2020,46.88
322127017140166912,7232,5,47448,2,2020,4155.64
322127017140166912,7232,5,47448,3,2020,468.96
322127017140166912,7232,5,47448,4,2020,-5351.49
322127017140166912,7232,5,47448,5,2020,-5291.47
322127017140166912,7232,5,47448,6,2020,-8438.17
322127017140166912,7232,5,47448,7,2020,-6064.79
322127017140166912,7232,5,47448,8,2020,-5564.05
322127017140166912,7232,5,47448,9,2020,-4803.22
322127017140166912,7232,5,47448,10,2020,-13546.44
322127017140166912,7232,5,47448,11,2020,-13107.21
322127017140166912,7232,5,47448,12,2020,-11150.36
3222408001963762688,6568,5,97190,1,2020,-2424.02
3222408001963762688,6568,5,97190,2,2020,-4420.59
3222408001963762688,6568,5,97190,3,2020,-2987.64
3222408001963762688,6568,5,97190,4,2020,5487.2
3222408001963762688,6568,5,97190,5,2020,1099.89
3222408001963762688,6568,5,97190,6,2020,4090.03
3222408001963762688,6568,5,97190,7,2020,7005.54
3222408001963762688,6568,5,97190,8,2020,6061.97
3222408001963762688,6568,5,97190,9,2020,3685.44
3222408001963762688,6568,5,97190,10,2020,9750.48
3222408001963762688,6568,5,97190,11,2020,13551.83
3222408001963762688,6568,5,97190,12,2020,15220.77
3222583045638351360,9368,9,32118,1,2020,-1797.99
3222583045638351360,9368,9,32118,2,2020,-971.27
3222583045638351360,9368,9,32118,3,2020,1623.37
3222583045638351360,9368,9,32118,4,2020,155.55
3222583045638351360,9368,9,32118,5,2020,596.01
3222583045638351360,9368,9,32118,6,2020,-4047.99
3222583045638351360,9368,9,32118,7,2020,-4600.79
3222583045638351360,9368,9,32118,8,2020,-3502.72
3222583045638351360,9368,9,32118,9,2020,-5375.99
3222583045638351360,9368,9,32118,10,2020,-6568.48
3222583045638351360,9368,9,32118,11,2020,-8009.89
3222583045638351360,9368,9,32118,12,2020,-6751.42
3222674791380959232,5243,8,86405,1,2020,-981.74
3222674791380959232,5243,8,86405,2,2020,935.67
3222674791380959232,5243,8,86405,3,2020,-2380.93
3222674791380959232,5243,8,86405,4,2020,-5066.33
3222674791380959232,5243,8,86405,5,2020,-4021.25
3222674791380959232,5243,8,86405,6,2020,-5806.37
3222674791380959232,5243,8,86405,7,2020,-5248.06
3222674791380959232,5243,8,86405,8,2020,-5674.36
3222674791380959232,5243,8,86405,9,2020,-7501.94
3222674791380959232,5243,8,86405,10,2020,-7019.4
3222674791380959232,5243,8,86405,11,2020,-11329.96
3222674791380959232,5243,8,86405,12,2020,-12028.75
3223289936767877632,2189,2,29618,1,2020,234.84
3223289936767877632,2189,2,29618,2,2020,-851.05
3223289936767877632,2189,2,29618,3,2020,-4139.28
3223289936767877632,2189,2,29618,4,2020,-2205.81
3223289936767877632,2189,2,29618,5,2020,-6564.59
3223289936767877632,2189,2,29618,6,2020,-9662.48
3223289936767877632,2189,2,29618,7,2020,-6525.0
3223289936767877632,2189,2,29618,8,2020,-12217.87
3223289936767877632,2189,2,29618,9,2020,-17840.01
3223289936767877632,2189,2,29618,10,2020,-13873.37
3223289936767877632,2189,2,29618,11,2020,-16225.54
3223289936767877632,2189,2,29618,12,2020,-14786.51
3223475612011396608,125,9,9626,1,2020,-8370.07
3223475612011396608,125,9,9626,2,2020,-11842.34
3223475612011396608,125,9,9626,3,2020,-9984.22
3223475612011396608,125,9,9626,4,2020,-998.65
3223475612011396608,125,9,9626,5,2020,-4139.58
3223475612011396608,125,9,9626,6,2020,-5260.96
3223475612011396608,125,9,9626,7,2020,1319.92
3223475612011396608,125,9,9626,8,2020,-446.83
3223475612011396608,125,9,9626,9,2020,-2615.19
3223475612011396608,125,9,9626,10,2020,-1315.56
3223475612011396608,125,9,9626,11,2020,1212.01
3223475612011396608,125,9,9626,12,2020,-3104.15
3223727925612855296,8990,3,3700,1,2020,-2563.4
3223727925612855296,8990,3,3700,2,2020,-12819.38
3223727925612855296,8990,3,3700,3,2020,-19339.66
3223727925612855296,8990,3,3700,4,2020,-16141.61
3223727925612855296,8990,3,3700,5,2020,-3471.58
3223727925612855296,8990,3,3700,6,2020,-1196.83
3223727925612855296,8990,3,3700,7,2020,1500.37
3223727925612855296,8990,3,3700,8,2020,2983.52
3223727925612855296,8990,3,3700,9,2020,-7137.44
3223727925612855296,8990,3,3700,10,2020,-2330.29
3223727925612855296,8990,3,3700,11,2020,-1679.55
3223727925612855296,8990,3,3700,12,2020,941.25
3225363919424174592,3149,2,651,1,2020,-5522.39
3225363919424174592,3149,2,651,2,2020,2899.56
3225363919424174592,3149,2,651,3,2020,3366.44
3225363919424174592,3149,2,651,4,2020,697.39
3225363919424174592,3149,2,651,5,2020,4060.21
3225363919424174592,3149,2,651,6,2020,10233.27
3225363919424174592,3149,2,651,7,2020,10657.94
3225363919424174592,3149,2,651,8,2020,22381.65
3225363919424174592,3149,2,651,9,2020,19527.57
3225363919424174592,3149,2,651,10,2020,11580.63
3225363919424174592,3149,2,651,11,2020,17209.24
3225363919424174592,3149,2,651,12,2020,6931.13
3225498259598392320,6677,7,19943,1,2020,568.43
3225498259598392320,6677,7,19943,2,2020,-4171.97
3225498259598392320,6677,7,19943,3,2020,-9044.06
3225498259598392320,6677,7,19943,4,2020,-9134.18
3225498259598392320,6677,7,19943,5,2020,-14549.33
3225498259598392320,6677,7,19943,6,2020,-14207.98
