2690457117327715328,8253,6,26218,6,2020,-11071.47
2690457117327715328,8253,6,26218,7,2020,-9841.96
2690457117327715328,8253,6,26218,8,2020,-14030.18
2690457117327715328,8253,6,26218,9,2020,-11802.95
2690457117327715328,8253,6,26218,10,2020,-18292.47
2690457117327715328,8253,6,26218,11,2020,-14300.15
2690457117327715328,8253,6,26218,12,2020,-20840.83
2691205484675760128,5339,8,57824,1,2020,-2073.84
2691205484675760128,5339,8,57824,2,2020,-3621.18
2691205484675760128,5339,8,57824,3,2020,1657.6
2691205484675760128,5339,8,57824,4,2020,4183.18
2691205484675760128,5339,8,57824,5,2020,4140.87
2691205484675760128,5339,8,57824,6,2020,-784.9
2691205484675760128,5339,8,57824,7,2020,-267.97
2691205484675760128,5339,8,57824,8,2020,2557.23
2691205484675760128,5339,8,57824,9,2020,377.37
2691205484675760128,5339,8,57824,10,2020,1120.56
2691205484675760128,5339,8,57824,11,2020,-384.23
2691205484675760128,5339,8,57824,12,2020,8368.69
2691210455941451264,3830,3,52681,1,2020,1105.76
2691210455941451264,3830,3,52681,2,2020,-4263.43
2691210455941451264,3830,3,52681,3,2020,935.98
2691210455941451264,3830,3,52681,4,2020,-1563.74
2691210455941451264,3830,3,52681,5,2020,-1732.34
2691210455941451264,3830,3,52681,6,2020,940.22
2691210455941451264,3830,3,52681,7,2020,986.17
2691210455941451264,3830,3,52681,8,2020,-748.16
2691210455941451264,3830,3,52681,9,2020,3574.1
2691210455941451264,3830,3,52681,10,2020,8147.41
2691210455941451264,3830,3,52681,11,2020,4993.92
2691210455941451264,3830,3,52681,12,2020,6351.42
2691266986101044736,6676,6,58241,1,2020,5981.38
2691266986101044736,6676,6,58241,2,2020,9728.03
2691266986101044736,6676,6,58241,3,2020,6324.64
2691266986101044736,6676,6,58241,4,2020,4896.28
2691266986101044736,6676,6,58241,5,2020,8556.63
2691266986101044736,6676,6,58241,6,2020,7615.17
2691266986101044736,6676,6,58241,7,2020,10446.7
2691266986101044736,6676,6,58241,8,2020,5860.29
2691266986101044736,6676,6,58241,9,2020,12919.84
2691266986101044736,6676,6,58241,10,2020,7900.18
2691266986101044736,6676,6,58241,11,2020,11243.92
2691266986101044736,6676,6,58241,12,2020,12757.01
2691675145750009856,4351,7,84764,1,2020,-11402.87
2691675145750009856,4351,7,84764,2,2020,-11251.91
2691675145750009856,4351,7,84764,3,2020,-13289.19
2691675145750009856,4351,7,84764,4,2020,-6300.59
2691675145750009856,4351,7,84764,5,2020,-8642.98
2691675145750009856,4351,7,84764,6,2020,-13911.83
2691675145750009856,4351,7,84764,7,2020,-18314.92
2691675145750009856,4351,7,84764,8,2020,-17086.19
2691675145750009856,4351,7,84764,9,2020,-16185.73
2691675145750009856,4351,7,84764,10,2020,-15592.58
2691675145750009856,4351,7,84764,11,2020,-21448.58
2691675145750009856,4351,7,84764,12,2020,-28128.0
2691998179009438720,1522,7,81483,1,2020,4864.08
2691998179009438720,1522,7,81483,2,2020,7484.2
2691998179009438720,1522,7,81483,3,2020,12103.79
2691998179009438720,1522,7,81483,4,2020,12880.78
2691998179009438720,1522,7,81483,5,2020,11610.99
2691998179009438720,1522,7,81483,6,2020,16266.3
2691998179009438720,1522,7,81483,7,2020,15749.41
2691998179009438720,1522,7,81483,8,2020,16550.41
2691998179009438720,1522,7,81483,9,2020,13950.08
2691998179009438720,1522,7,81483,10,2020,13541.53
2691998179009438720,1522,7,81483,11,2020,17061.54
2691998179009438720,1522,7,81483,12,2020,15325.16
2692037534616408064,2037,2,74735,1,2020,0.0
2692037534616408064,2037,2,74735,2,2020,2247.93
2692037534616408064,2037,2,74735,3,2020,347.59
2692037534616408064,2037,2,74735,4,2020,526.46
2692037534616408064,2037,2,74735,5,2020,1104.18
2692037534616408064,2037,2,74735,6,2020,3769.82
2692037534616408064,2037,2,74735,7,2020,2138.67
2692037534616408064,2037,2,74735,8,2020,6976.22
2692037534616408064,2037,2,74735,9,2020,7813.47
2692037534616408064,2037,2,74735,10,2020,5149.31
2692037534616408064,2037,2,74735,11,2020,4904.73
2692037534616408064,2037,2,74735,12,2020,2224.87
2692210322867088896,2773,9,23100,1,2020,3274.2
2692210322867088896,2773,9,23100,2,2020,-5518.92
2692210322867088896,2773,9,23100,3,2020,-7134.4
2692210322867088896,2773,9,23100,4,2020,-1122.29
2692210322867088896,2773,9,23100,5,2020,5535.33
2692210322867088896,2773,9,23100,6,2020,12207.9
2692210322867088896,2773,9,23100,7,2020,11568.78
2692210322867088896,2773,9,23100,8,2020,8095.48
2692210322867088896,2773,9,23100,9,2020,10091.15
2692210322867088896,2773,9,23100,10,2020,11508.33
2692210322867088896,2773,9,23100,11,2020,12923.97
2692210322867088896,2773,9,23100,12,2020,10669.0
2693799226726239232,2530,9,42496,1,2020,409.53
2693799226726239232,2530,9,42496,2,2020,1795.92
2693799226726239232,2530,9,42496,3,2020,-1151.96
2693799226726239232,2530,9,42496,4,2020,916.64
2693799226726239232,2530,9,42496,5,2020,-1086.91
2693799226726239232,2530,9,42496,6,2020,-1919.46
2693799226726239232,2530,9,42496,7,2020,-5720.75
2693799226726239232,2530,9,42496,8,2020,-2544.76
2693799226726239232,2530,9,42496,9,2020,-11409.15
2693799226726239232,2530,9,42496,10,2020,-8257.66
2693799226726239232,2530,9,42496,11,2020,-2817.01
2693799226726239232,2530,9,42496,12,2020,1028.48
2693932021677224448,7180,8,55853,1,2020,-3056.16
2693932021677224448,7180,8,55853,2,2020,2925.41
2693932021677224448,7180,8,55853,3,2020,5195.67
2693932021677224448,7180,8,55853,4,2020,8185.65
2693932021677224448,7180,8,55853,5,2020,10251.84
2693932021677224448,7180,8,55853,6,2020,12128.37
2693932021677224448,7180,8,55853,7,2020,5003.49
2693932021677224448,7180,8,55853,8,2020,9478.49
2693932021677224448,7180,8,55853,9,2020,5769.32
2693932021677224448,7180,8,55853,10,2020,1599.16
2693932021677224448,7180,8,55853,11,2020,5327.48
2693932021677224448,7180,8,55853,12,2020,4509.06
2694201243909081088,6575,6,21914,1,2020,-3150.38
2694201243909081088,6575,6,21914,2,2020,-2123.18
2694201243909081088,6575,6,21914,3,2020,-535.35
2694201243909081088,6575,6,21914,4,2020,4642.21
2694201243909081088,6575,6,21914,5,2020,5297.51
2694201243909081088,6575,6,21914,6,2020,4531.1
2694201243909081088,6575,6,21914,7,2020,5751.55
2694201243909081088,6575,6,21914,8,2020,3480.16
2694201243909081088,6575,6,21914,9,2020,4939.04
2694201243909081088,6575,6,21914,10,2020,3521.6
2694201243909081088,6575,6,21914,11,2020,2061.63
2694201243909081088,6575,6,21914,12,2020,2918.83
2695297461902018560,9801,3,10870,1,2020,-1417.22
2695297461902018560,9801,3,10870,2,2020,1499.31
2695297461902018560,9801,3,10870,3,2020,1039.23
2695297461902018560,9801,3,10870,4,2020,1154.71
2695297461902018560,9801,3,10870,5,2020,-2223.32
2695297461902018560,9801,3,10870,6,2020,-2643.43
2695297461902018560,9801,3,10870,7,2020,-9188.39
2695297461902018560,9801,3,10870,8,2020,-6006.42
2695297461902018560,9801,3,10870,9,2020,-4593.79
2695297461902018560,9801,3,10870,10,2020,-3671.96
2695297461902018560,9801,3,10870,11,2020,-2111.56
2695297461902018560,9801,3,10870,12,2020,-7825.89
2697055930343270912,6884,7,17659,1,2020,172.32
2697055930343270912,6884,7,17659,2,2020,627.86
2697055930343270912,6884,7,17659,3,2020,627.86
2697055930343270912,6884,7,17659,4,2020,2354.32
2697055930343270912,6884,7,17659,5,2020,3270.87
2697055930343270912,6884,7,17659,6,2020,3270.87
2697055930343270912,6884,7,17659,7,2020,3575.15
2697055930343270912,6884,7,17659,8,2020,3575.15
2697055930343270912,6884,7,17659,9,2020,2954.84
2697055930343270912,6884,7,17659,10,2020,2863.4
2697055930343270912,6884,7,17659,11,2020,3633.03
2697055930343270912,6884,7,17659,12,2020,3633.03
2697858863864597504,567,7,71313,1,2020,3692.83
2697858863864597504,567,7,71313,2,2020,1764.63
2697858863864597504,567,7,71313,3,2020,-110.79
2697858863864597504,567,7,71313,4,2020,-6513.53
2697858863864597504,567,7,71313,5,2020,-1024.23
2697858863864597504,567,7,71313,6,2020,537.62
2697858863864597504,567,7,71313,7,2020,-3693.92
2697858863864597504,567,7,71313,8,2020,-2291.54
2697858863864597504,567,7,71313,9,2020,-2630.64
2697858863864597504,567,7,71313,10,2020,-5743.3
2697858863864597504,567,7,71313,11,2020,-3877.4
2697858863864597504,567,7,71313,12,2020,-1953.6
2698314641949598720,6491,5,11543,1,2020,-2207.73
2698314641949598720,6491,5,11543,2,2020,-809.81
2698314641949598720,6491,5,11543,3,2020,6036.24
2698314641949598720,6491,5,11543,4,2020,3619.97
2698314641949598720,6491,5,11543,5,2020,8240.15
2698314641949598720,6491,5,11543,6,2020,7963.48
2698314641949598720,6491,5,11543,7,2020,5541.0
2698314641949598720,6491,5,11543,8,2020,7272.7
2698314641949598720,6491,5,11543,9,2020,5894.73
2698314641949598720,6491,5,11543,10,2020,9297.06
2698314641949598720,6491,5,11543,11,2020,10499.98
2698314641949598720,6491,5,11543,12,2020,11872.68
2699308538849977856,8159,7,73499,1,2020,1026.2
2699308538849977856,8159,7,73499,2,2020,5724.37
2699308538849977856,8159,7,73499,3,2020,-5231.68
2699308538849977856,8159,7,73499,4,2020,-11242.53
2699308538849977856,8159,7,73499,5,2020,-1498.47
2699308538849977856,8159,7,73499,6,2020,-7662.64
2699308538849977856,8159,7,73499,7,2020,-9402.98
2699308538849977856,8159,7,73499,8,2020,-7816.33
2699308538849977856,8159,7,73499,9,2020,-6319.8
2699308538849977856,8159,7,73499,10,2020,-6729.98
2699308538849977856,8159,7,73499,11,2020,-9123.56
2699308538849977856,8159,7,73499,12,2020,-4881.13
2699969937104141312,870,1,282,1,2020,-2970.85
2699969937104141312,870,1,282,2,2020,-5606.89
2699969937104141312,870,1,282,3,2020,-4940.34
2699969937104141312,870,1,282,4,2020,-7603.58
2699969937104141312,870,1,282,5,2020,-4438.1
2699969937104141312,870,1,282,6,2020,-1454.52
2699969937104141312,870,1,282,7,2020,1700.07
2699969937104141312,870,1,282,8,2020,-446.89
2699969937104141312,870,1,282,9,2020,-3176.1
2699969937104141312,870,1,282,10,2020,-3450.37
2699969937104141312,870,1,282,11,2020,-2673.78
2699969937104141312,870,1,282,12,2020,-3270.32
2703068392763950592,1513,0,13110,1,2020,1374.03
2703068392763950592,1513,0,13110,2,2020,-7121.79
2703068392763950592,1513,0,13110,3,2020,-11120.82
2703068392763950592,1513,0,13110,4,2020,-11420.78
2703068392763950592,1513,0,13110,5,2020,-10594.07
2703068392763950592,1513,0,13110,6,2020,-4438.35
2703068392763950592,1513,0,13110,7,2020,-11676.09
2703068392763950592,1513,0,13110,8,2020,-11340.95
2703068392763950592,1513,0,13110,9,2020,-15344.59
2703068392763950592,1513,0,13110,10,2020,-17468.29
2703068392763950592,1513,0,13110,11,2020,-20328.95
2703068392763950592,1513,0,13110,12,2020,-19244.8
2703447678887705088,915,3,3891,1,2020,-3131.7
2703447678887705088,915,3,3891,2,2020,-6494.17
2703447678887705088,915,3,3891,3,2020,-7964.93
2703447678887705088,915,3,3891,4,2020,-3866.76
2703447678887705088,915,3,3891,5,2020,-3434.06
2703447678887705088,915,3,3891,6,2020,-4455.7
2703447678887705088,915,3,3891,7,2020,-9455.84
2703447678887705088,915,3,3891,8,2020,-11600.08
2703447678887705088,915,3,3891,9,2020,-14933.19
2703447678887705088,915,3,3891,10,2020,-16982.14
2703447678887705088,915,3,3891,11,2020,-15425.05
2703447678887705088,915,3,3891,12,2020,-9118.73
270593414138866976,9837,9,63343,1,2020,1452.22
270593414138866976,9837,9,63343,2,2020,1347.04
270593414138866976,9837,9,63343,3,2020,957.62
270593414138866976,9837,9,63343,4,2020,-2116.92
270593414138866976,9837,9,63343,5,2020,-2751.69
270593414138866976,9837,9,63343,6,2020,-484.61
270593414138866976,9837,9,63343,7,2020,3201.29
270593414138866976,9837,9,63343,8,2020,4899.72
270593414138866976,9837,9,63343,9,2020,4904.91
270593414138866976,9837,9,63343,10,2020,5316.54
270593414138866976,9837,9,63343,11,2020,5252.08
270593414138866976,9837,9,63343,12,2020,2731.24
2706346233609073152,7914,7,79162,1,2020,7154.34
2706346233609073152,7914,7,79162,2,2020,4278.12
2706346233609073152,7914,7,79162,3,2020,8055.42
