764566103275770112,6664,1,87845,6,2020,-156.23
764566103275770112,6664,1,87845,7,2020,10.61
764566103275770112,6664,1,87845,8,2020,-852.66
764566103275770112,6664,1,87845,9,2020,1844.12
764566103275770112,6664,1,87845,10,2020,7284.52
764566103275770112,6664,1,87845,11,2020,1380.93
764566103275770112,6664,1,87845,12,2020,-4869.85
765212116127631872,3778,8,77762,1,2020,7813.44
765212116127631872,3778,8,77762,2,2020,7786.99
765212116127631872,3778,8,77762,3,2020,9950.12
765212116127631872,3778,8,77762,4,2020,2724.12
765212116127631872,3778,8,77762,5,2020,2169.17
765212116127631872,3778,8,77762,6,2020,2811.12
765212116127631872,3778,8,77762,7,2020,-2012.97
765212116127631872,3778,8,77762,8,2020,-6171.84
765212116127631872,3778,8,77762,9,2020,-7418.98
765212116127631872,3778,8,77762,10,2020,-79.57
765212116127631872,3778,8,77762,11,2020,-2455.65
765212116127631872,3778,8,77762,12,2020,-426.64
765522015217612288,1835,3,75569,1,2020,2464.71
765522015217612288,1835,3,75569,2,2020,-1847.92
765522015217612288,1835,3,75569,3,2020,2031.53
765522015217612288,1835,3,75569,4,2020,4753.02
765522015217612288,1835,3,75569,5,2020,723.06
765522015217612288,1835,3,75569,6,2020,85.28
765522015217612288,1835,3,75569,7,2020,5802.27
765522015217612288,1835,3,75569,8,2020,5984.79
765522015217612288,1835,3,75569,9,2020,6715.0
765522015217612288,1835,3,75569,10,2020,8981.1
765522015217612288,1835,3,75569,11,2020,10515.52
765522015217612288,1835,3,75569,12,2020,7392.27
765555790911549440,5324,0,52067,1,2020,4812.58
765555790911549440,5324,0,52067,2,2020,740.02
765555790911549440,5324,0,52067,3,2020,-48.52
765555790911549440,5324,0,52067,4,2020,-3273.02
765555790911549440,5324,0,52067,5,2020,-961.56
765555790911549440,5324,0,52067,6,2020,-2247.03
765555790911549440,5324,0,52067,7,2020,-317.02
765555790911549440,5324,0,52067,8,2020,-3029.63
765555790911549440,5324,0,52067,9,2020,-3829.36
765555790911549440,5324,0,52067,10,2020,-4550.22
765555790911549440,5324,0,52067,11,2020,-4985.09
765555790911549440,5324,0,52067,12,2020,-5751.98
767261737942179968,63,2,17340,1,2020,-3151.98
767261737942179968,63,2,17340,2,2020,1593.84
767261737942179968,63,2,17340,3,2020,146.1
767261737942179968,63,2,17340,4,2020,1382.69
767261737942179968,63,2,17340,5,2020,1017.67
767261737942179968,63,2,17340,6,2020,1017.67
767261737942179968,63,2,17340,7,2020,-3253.52
767261737942179968,63,2,17340,8,2020,-6326.13
767261737942179968,63,2,17340,9,2020,-9583.22
767261737942179968,63,2,17340,10,2020,-6192.27
767261737942179968,63,2,17340,11,2020,-4800.78
767261737942179968,63,2,17340,12,2020,-2995.61
767311790461027456,768,0,18123,1,2020,3328.18
767311790461027456,768,0,18123,2,2020,4630.52
767311790461027456,768,0,18123,3,2020,7045.18
767311790461027456,768,0,18123,4,2020,1065.87
767311790461027456,768,0,18123,5,2020,4071.98
767311790461027456,768,0,18123,6,2020,10523.18
767311790461027456,768,0,18123,7,2020,1791.2
767311790461027456,768,0,18123,8,2020,7168.34
767311790461027456,768,0,18123,9,2020,-579.88
767311790461027456,768,0,18123,10,2020,3887.72
767311790461027456,768,0,18123,11,2020,-727.73
767311790461027456,768,0,18123,12,2020,-6039.14
767605981806250752,2385,9,44555,1,2020,-2914.44
767605981806250752,2385,9,44555,2,2020,-2327.63
767605981806250752,2385,9,44555,3,2020,-865.18
767605981806250752,2385,9,44555,4,2020,-2048.58
767605981806250752,2385,9,44555,5,2020,-2301.94
767605981806250752,2385,9,44555,6,2020,-4970.3
767605981806250752,2385,9,44555,7,2020,-1463.54
767605981806250752,2385,9,44555,8,2020,-7228.45
767605981806250752,2385,9,44555,9,2020,-11106.21
767605981806250752,2385,9,44555,10,2020,-14420.52
767605981806250752,2385,9,44555,11,2020,-16106.94
767605981806250752,2385,9,44555,12,2020,-11428.66
769583591793024000,9816,8,36467,1,2020,6691.78
769583591793024000,9816,8,36467,2,2020,-2137.96
769583591793024000,9816,8,36467,3,2020,1111.75
769583591793024000,9816,8,36467,4,2020,8345.73
769583591793024000,9816,8,36467,5,2020,9800.45
769583591793024000,9816,8,36467,6,2020,4917.39
769583591793024000,9816,8,36467,7,2020,7221.19
769583591793024000,9816,8,36467,8,2020,8313.9
769583591793024000,9816,8,36467,9,2020,3829.5
769583591793024000,9816,8,36467,10,2020,7055.3
769583591793024000,9816,8,36467,11,2020,13899.68
769583591793024000,9816,8,36467,12,2020,13365.73
77093094428303520,903,3,32407,1,2020,369.96
77093094428303520,903,3,32407,2,2020,-1394.99
77093094428303520,903,3,32407,3,2020,-1394.99
77093094428303520,903,3,32407,4,2020,-870.49
77093094428303520,903,3,32407,5,2020,-68.88
77093094428303520,903,3,32407,6,2020,556.32
77093094428303520,903,3,32407,7,2020,556.32
77093094428303520,903,3,32407,8,2020,-725.37
77093094428303520,903,3,32407,9,2020,-1672.6
77093094428303520,903,3,32407,10,2020,-525.59
77093094428303520,903,3,32407,11,2020,-525.59
77093094428303520,903,3,32407,12,2020,933.49
772341399566237312,6705,9,92668,1,2020,4634.67
772341399566237312,6705,9,92668,2,2020,135.16
772341399566237312,6705,9,92668,3,2020,-362.39
772341399566237312,6705,9,92668,4,2020,-1065.49
772341399566237312,6705,9,92668,5,2020,-3047.02
772341399566237312,6705,9,92668,6,2020,-3633.61
772341399566237312,6705,9,92668,7,2020,74.37
772341399566237312,6705,9,92668,8,2020,-101.16
772341399566237312,6705,9,92668,9,2020,-1812.18
772341399566237312,6705,9,92668,10,2020,-1178.73
772341399566237312,6705,9,92668,11,2020,1172.92
772341399566237312,6705,9,92668,12,2020,-1068.97
772424399784047232,7857,4,25260,1,2020,256.76
772424399784047232,7857,4,25260,2,2020,-5554.59
772424399784047232,7857,4,25260,3,2020,-349.41
772424399784047232,7857,4,25260,4,2020,-1411.48
772424399784047232,7857,4,25260,5,2020,730.71
772424399784047232,7857,4,25260,6,2020,-8205.47
772424399784047232,7857,4,25260,7,2020,-7864.02
772424399784047232,7857,4,25260,8,2020,-4073.68
772424399784047232,7857,4,25260,9,2020,-6318.97
772424399784047232,7857,4,25260,10,2020,-10954.88
772424399784047232,7857,4,25260,11,2020,-6873.76
772424399784047232,7857,4,25260,12,2020,-8261.16
773244687517781120,4539,0,66879,1,2020,1780.69
773244687517781120,4539,0,66879,2,2020,2693.86
773244687517781120,4539,0,66879,3,2020,2693.86
773244687517781120,4539,0,66879,4,2020,4311.42
773244687517781120,4539,0,66879,5,2020,4311.42
773244687517781120,4539,0,66879,6,2020,4311.42
773244687517781120,4539,0,66879,7,2020,4311.42
773244687517781120,4539,0,66879,8,2020,4311.42
773244687517781120,4539,0,66879,9,2020,4858.21
773244687517781120,4539,0,66879,10,2020,4858.21
773244687517781120,4539,0,66879,11,2020,4858.21
773244687517781120,4539,0,66879,12,2020,3104.08
773445616044898176,6048,9,4437,1,2020,179.34
773445616044898176,6048,9,4437,2,2020,-4455.07
773445616044898176,6048,9,4437,3,2020,-2048.25
773445616044898176,6048,9,4437,4,2020,453.22
773445616044898176,6048,9,4437,5,2020,3776.79
773445616044898176,6048,9,4437,6,2020,5037.74
773445616044898176,6048,9,4437,7,2020,1466.46
773445616044898176,6048,9,4437,8,2020,4012.47
773445616044898176,6048,9,4437,9,2020,3505.5
773445616044898176,6048,9,4437,10,2020,4267.75
773445616044898176,6048,9,4437,11,2020,4912.14
773445616044898176,6048,9,4437,12,2020,5822.44
773641702715558016,7183,5,97983,1,2020,3435.62
773641702715558016,7183,5,97983,2,2020,3437.07
773641702715558016,7183,5,97983,3,2020,-974.59
773641702715558016,7183,5,97983,4,2020,7385.79
773641702715558016,7183,5,97983,5,2020,34.61
773641702715558016,7183,5,97983,6,2020,28.04
773641702715558016,7183,5,97983,7,2020,1251.88
773641702715558016,7183,5,97983,8,2020,8108.28
773641702715558016,7183,5,97983,9,2020,5296.19
773641702715558016,7183,5,97983,10,2020,2030.19
773641702715558016,7183,5,97983,11,2020,-1815.85
773641702715558016,7183,5,97983,12,2020,-2553.93
774055979380049152,1506,9,62607,1,2020,-4239.96
774055979380049152,1506,9,62607,2,2020,-5171.0
774055979380049152,1506,9,62607,3,2020,-6738.64
774055979380049152,1506,9,62607,4,2020,-1950.78
774055979380049152,1506,9,62607,5,2020,-6857.19
774055979380049152,1506,9,62607,6,2020,1108.58
774055979380049152,1506,9,62607,7,2020,481.9
774055979380049152,1506,9,62607,8,2020,1699.33
774055979380049152,1506,9,62607,9,2020,-4833.35
774055979380049152,1506,9,62607,10,2020,-412.62
774055979380049152,1506,9,62607,11,2020,-1875.74
774055979380049152,1506,9,62607,12,2020,-1085.43
774273501545208320,1706,2,17323,1,2020,1566.27
774273501545208320,1706,2,17323,2,2020,9168.63
774273501545208320,1706,2,17323,3,2020,12498.35
774273501545208320,1706,2,17323,4,2020,9635.42
774273501545208320,1706,2,17323,5,2020,8258.77
774273501545208320,1706,2,17323,6,2020,11186.53
774273501545208320,1706,2,17323,7,2020,-1634.04
774273501545208320,1706,2,17323,8,2020,-5042.33
774273501545208320,1706,2,17323,9,2020,-2651.56
774273501545208320,1706,2,17323,10,2020,-7354.13
774273501545208320,1706,2,17323,11,2020,-595.94
774273501545208320,1706,2,17323,12,2020,-11908.21
775371303850435456,3142,2,23589,1,2020,49.58
775371303850435456,3142,2,23589,2,2020,-414.23
775371303850435456,3142,2,23589,3,2020,506.74
775371303850435456,3142,2,23589,4,2020,-875.99
775371303850435456,3142,2,23589,5,2020,-1653.08
775371303850435456,3142,2,23589,6,2020,1320.83
775371303850435456,3142,2,23589,7,2020,2478.05
775371303850435456,3142,2,23589,8,2020,3403.44
775371303850435456,3142,2,23589,9,2020,4208.07
775371303850435456,3142,2,23589,10,2020,9657.15
775371303850435456,3142,2,23589,11,2020,11192.9
775371303850435456,3142,2,23589,12,2020,12507.83
775758710112437632,4898,4,20628,1,2020,-781.46
775758710112437632,4898,4,20628,2,2020,-3564.09
775758710112437632,4898,4,20628,3,2020,-4548.1
775758710112437632,4898,4,20628,4,2020,-5927.23
775758710112437632,4898,4,20628,5,2020,-5412.63
775758710112437632,4898,4,20628,6,2020,-3241.02
775758710112437632,4898,4,20628,7,2020,-6121.54
775758710112437632,4898,4,20628,8,2020,-3978.58
775758710112437632,4898,4,20628,9,2020,-10072.39
775758710112437632,4898,4,20628,10,2020,-5590.47
775758710112437632,4898,4,20628,11,2020,-6072.9
775758710112437632,4898,4,20628,12,2020,-10367.22
777729106338456320,6758,4,66894,1,2020,-4616.74
777729106338456320,6758,4,66894,2,2020,-5575.89
777729106338456320,6758,4,66894,3,2020,-7684.44
777729106338456320,6758,4,66894,4,2020,-14516.29
777729106338456320,6758,4,66894,5,2020,-16110.14
777729106338456320,6758,4,66894,6,2020,-19799.66
777729106338456320,6758,4,66894,7,2020,-17524.93
777729106338456320,6758,4,66894,8,2020,-25275.52
777729106338456320,6758,4,66894,9,2020,-18836.89
777729106338456320,6758,4,66894,10,2020,-14907.81
777729106338456320,6758,4,66894,11,2020,-18619.5
777729106338456320,6758,4,66894,12,2020,-20149.75
778430384694242944,5612,7,43466,1,2020,0.0
778430384694242944,5612,7,43466,2,2020,0.0
778430384694242944,5612,7,43466,3,2020,-927.44
778430384694242944,5612,7,43466,4,2020,-61.65
778430384694242944,5612,7,43466,5,2020,-764.55
778430384694242944,5612,7,43466,6,2020,1459.35
778430384694242944,5612,7,43466,7,2020,1459.35
778430384694242944,5612,7,43466,8,2020,-431.44
778430384694242944,5612,7,43466,9,2020,-431.44
778430384694242944,5612,7,43466,10,2020,-431.44
778430384694242944,5612,7,43466,11,2020,-1734.68
778430384694242944,5612,7,43466,12,2020,-2602.64
778564521831666048,5487,7,37004,1,2020,725.84
778564521831666048,5487,7,37004,2,2020,-1331.3
778564521831666048,5487,7,37004,3,2020,79.96
778564521831666048,5487,7,37004,4,2020,-109.96
778564521831666048,5487,7,37004,5,2020,879.37
778564521831666048,5487,7,37004,6,2020,1232.46
778564521831666048,5487,7,37004,7,2020,951.6
