2907204003250391040,1125,9,64146,9,2020,-103.91
2907204003250391040,1125,9,64146,10,2020,1472.33
2907204003250391040,1125,9,64146,11,2020,1140.41
2907204003250391040,1125,9,64146,12,2020,1735.16
2908016174155505664,9117,7,9200,1,2020,-1413.4
2908016174155505664,9117,7,9200,2,2020,-3008.38
2908016174155505664,9117,7,9200,3,2020,-1508.27
2908016174155505664,9117,7,9200,4,2020,-2317.07
2908016174155505664,9117,7,9200,5,2020,-840.58
2908016174155505664,9117,7,9200,6,2020,-3064.54
2908016174155505664,9117,7,9200,7,2020,-4415.6
2908016174155505664,9117,7,9200,8,2020,-2262.24
2908016174155505664,9117,7,9200,9,2020,-683.88
2908016174155505664,9117,7,9200,10,2020,-1633.7
2908016174155505664,9117,7,9200,11,2020,-3507.39
2908016174155505664,9117,7,9200,12,2020,-1567.06
2909683421679081984,9781,7,97741,1,2020,-1688.45
2909683421679081984,9781,7,97741,2,2020,-236.96
2909683421679081984,9781,7,97741,3,2020,5804.23
2909683421679081984,9781,7,97741,4,2020,1615.41
2909683421679081984,9781,7,97741,5,2020,6568.17
2909683421679081984,9781,7,97741,6,2020,6095.2
2909683421679081984,9781,7,97741,7,2020,2241.94
2909683421679081984,9781,7,97741,8,2020,-1549.69
2909683421679081984,9781,7,97741,9,2020,505.8
2909683421679081984,9781,7,97741,10,2020,5018.61
2909683421679081984,9781,7,97741,11,2020,7643.89
2909683421679081984,9781,7,97741,12,2020,5625.37
2910327306232488448,9970,5,10312,1,2020,2121.96
2910327306232488448,9970,5,10312,2,2020,4762.77
2910327306232488448,9970,5,10312,3,2020,3119.49
2910327306232488448,9970,5,10312,4,2020,4015.95
2910327306232488448,9970,5,10312,5,2020,-938.63
2910327306232488448,9970,5,10312,6,2020,-1833.98
2910327306232488448,9970,5,10312,7,2020,-1081.84
2910327306232488448,9970,5,10312,8,2020,-4231.05
2910327306232488448,9970,5,10312,9,2020,-4267.55
2910327306232488448,9970,5,10312,10,2020,-5904.87
2910327306232488448,9970,5,10312,11,2020,-8885.02
2910327306232488448,9970,5,10312,12,2020,-2566.68
2910713711664977408,5984,5,12232,1,2020,-7023.8
2910713711664977408,5984,5,12232,2,2020,-317.99
2910713711664977408,5984,5,12232,3,2020,1617.02
2910713711664977408,5984,5,12232,4,2020,680.39
2910713711664977408,5984,5,12232,5,2020,5628.32
2910713711664977408,5984,5,12232,6,2020,761.58
2910713711664977408,5984,5,12232,7,2020,600.34
2910713711664977408,5984,5,12232,8,2020,-194.46
2910713711664977408,5984,5,12232,9,2020,-1979.59
2910713711664977408,5984,5,12232,10,2020,-5533.88
2910713711664977408,5984,5,12232,11,2020,-5643.45
2910713711664977408,5984,5,12232,12,2020,-2442.97
2911735740795400192,7885,0,36630,1,2020,3358.86
2911735740795400192,7885,0,36630,2,2020,4347.23
2911735740795400192,7885,0,36630,3,2020,3510.84
2911735740795400192,7885,0,36630,4,2020,3778.75
2911735740795400192,7885,0,36630,5,2020,6449.76
2911735740795400192,7885,0,36630,6,2020,8371.37
2911735740795400192,7885,0,36630,7,2020,10994.47
2911735740795400192,7885,0,36630,8,2020,6314.49
2911735740795400192,7885,0,36630,9,2020,10098.1
2911735740795400192,7885,0,36630,10,2020,9463.32
2911735740795400192,7885,0,36630,11,2020,14454.68
2911735740795400192,7885,0,36630,12,2020,15723.23
2911904389394802688,172,0,19217,1,2020,-3253.64
2911904389394802688,172,0,19217,2,2020,-2746.95
2911904389394802688,172,0,19217,3,2020,-8083.91
2911904389394802688,172,0,19217,4,2020,-11563.07
2911904389394802688,172,0,19217,5,2020,-11589.34
2911904389394802688,172,0,19217,6,2020,-4133.29
2911904389394802688,172,0,19217,7,2020,-5891.03
2911904389394802688,172,0,19217,8,2020,-4342.3
2911904389394802688,172,0,19217,9,2020,-1648.23
2911904389394802688,172,0,19217,10,2020,136.17
2911904389394802688,172,0,19217,11,2020,1287.9
2911904389394802688,172,0,19217,12,2020,5209.15
2913254254267207680,8598,6,37504,1,2020,-8538.92
2913254254267207680,8598,6,37504,2,2020,-12381.49
2913254254267207680,8598,6,37504,3,2020,-4260.84
2913254254267207680,8598,6,37504,4,2020,-9195.51
2913254254267207680,8598,6,37504,5,2020,-972.21
2913254254267207680,8598,6,37504,6,2020,-4768.45
2913254254267207680,8598,6,37504,7,2020,-7345.86
2913254254267207680,8598,6,37504,8,2020,-7787.15
2913254254267207680,8598,6,37504,9,2020,-10647.02
2913254254267207680,8598,6,37504,10,2020,-7659.66
2913254254267207680,8598,6,37504,11,2020,3023.78
2913254254267207680,8598,6,37504,12,2020,-2356.76
291621834982585472,9754,0,93064,1,2020,2529.03
291621834982585472,9754,0,93064,2,2020,-110.63
291621834982585472,9754,0,93064,3,2020,295.94
291621834982585472,9754,0,93064,4,2020,4377.84
291621834982585472,9754,0,93064,5,2020,1826.9
291621834982585472,9754,0,93064,6,2020,2849.3
291621834982585472,9754,0,93064,7,2020,1802.63
291621834982585472,9754,0,93064,8,2020,3263.41
291621834982585472,9754,0,93064,9,2020,4388.77
291621834982585472,9754,0,93064,10,2020,6798.49
291621834982585472,9754,0,93064,11,2020,5246.45
291621834982585472,9754,0,93064,12,2020,9335.13
2917832882375911936,1447,9,52534,1,2020,5840.8
2917832882375911936,1447,9,52534,2,2020,5438.06
2917832882375911936,1447,9,52534,3,2020,9391.68
2917832882375911936,1447,9,52534,4,2020,7689.47
2917832882375911936,1447,9,52534,5,2020,5206.25
2917832882375911936,1447,9,52534,6,2020,9150.96
2917832882375911936,1447,9,52534,7,2020,8692.78
2917832882375911936,1447,9,52534,8,2020,5585.74
2917832882375911936,1447,9,52534,9,2020,7223.85
2917832882375911936,1447,9,52534,10,2020,3831.25
2917832882375911936,1447,9,52534,11,2020,-505.55
2917832882375911936,1447,9,52534,12,2020,-2346.48
291883582326531712,267,6,88270,1,2020,-2885.39
291883582326531712,267,6,88270,2,2020,-7159.57
291883582326531712,267,6,88270,3,2020,-10412.47
291883582326531712,267,6,88270,4,2020,-3863.85
291883582326531712,267,6,88270,5,2020,-6760.67
291883582326531712,267,6,88270,6,2020,-8898.86
291883582326531712,267,6,88270,7,2020,-12231.53
291883582326531712,267,6,88270,8,2020,-9623.04
291883582326531712,267,6,88270,9,2020,-12055.5
291883582326531712,267,6,88270,10,2020,-6787.62
291883582326531712,267,6,88270,11,2020,-10476.75
291883582326531712,267,6,88270,12,2020,-14639.14
2919009709564130816,7439,0,81002,1,2020,2587.79
2919009709564130816,7439,0,81002,2,2020,4099.46
2919009709564130816,7439,0,81002,3,2020,2367.2
2919009709564130816,7439,0,81002,4,2020,5167.05
2919009709564130816,7439,0,81002,5,2020,6881.11
2919009709564130816,7439,0,81002,6,2020,6881.11
2919009709564130816,7439,0,81002,7,2020,13233.91
2919009709564130816,7439,0,81002,8,2020,12135.41
2919009709564130816,7439,0,81002,9,2020,11923.94
2919009709564130816,7439,0,81002,10,2020,11558.11
2919009709564130816,7439,0,81002,11,2020,13526.23
2919009709564130816,7439,0,81002,12,2020,16519.14
291922322831040576,3351,4,23925,1,2020,2754.88
291922322831040576,3351,4,23925,2,2020,1489.82
291922322831040576,3351,4,23925,3,2020,-110.68
291922322831040576,3351,4,23925,4,2020,-3143.04
291922322831040576,3351,4,23925,5,2020,-8587.86
291922322831040576,3351,4,23925,6,2020,-2175.37
291922322831040576,3351,4,23925,7,2020,-8611.24
291922322831040576,3351,4,23925,8,2020,-2016.81
291922322831040576,3351,4,23925,9,2020,-1227.0
291922322831040576,3351,4,23925,10,2020,-10631.84
291922322831040576,3351,4,23925,11,2020,-12440.61
291922322831040576,3351,4,23925,12,2020,-17352.5
2922387164977244160,4040,8,12499,1,2020,-5992.08
2922387164977244160,4040,8,12499,2,2020,-5273.01
2922387164977244160,4040,8,12499,3,2020,-5196.34
2922387164977244160,4040,8,12499,4,2020,-6875.15
2922387164977244160,4040,8,12499,5,2020,-4423.15
2922387164977244160,4040,8,12499,6,2020,641.16
2922387164977244160,4040,8,12499,7,2020,341.24
2922387164977244160,4040,8,12499,8,2020,3660.03
2922387164977244160,4040,8,12499,9,2020,4589.62
2922387164977244160,4040,8,12499,10,2020,1768.91
2922387164977244160,4040,8,12499,11,2020,-3882.08
2922387164977244160,4040,8,12499,12,2020,-6804.48
2922595911087815168,1260,3,48409,1,2020,-275.0
2922595911087815168,1260,3,48409,2,2020,-7818.53
2922595911087815168,1260,3,48409,3,2020,-3895.06
2922595911087815168,1260,3,48409,4,2020,-4223.99
2922595911087815168,1260,3,48409,5,2020,-9183.72
2922595911087815168,1260,3,48409,6,2020,-5010.77
2922595911087815168,1260,3,48409,7,2020,-3666.91
2922595911087815168,1260,3,48409,8,2020,2627.46
2922595911087815168,1260,3,48409,9,2020,2589.6
2922595911087815168,1260,3,48409,10,2020,5114.32
2922595911087815168,1260,3,48409,11,2020,3800.34
2922595911087815168,1260,3,48409,12,2020,1750.95
2922692094827596800,8419,7,24194,1,2020,6016.05
2922692094827596800,8419,7,24194,2,2020,11470.45
2922692094827596800,8419,7,24194,3,2020,7350.38
2922692094827596800,8419,7,24194,4,2020,8398.68
2922692094827596800,8419,7,24194,5,2020,4480.34
2922692094827596800,8419,7,24194,6,2020,1125.58
2922692094827596800,8419,7,24194,7,2020,4109.31
2922692094827596800,8419,7,24194,8,2020,10454.15
2922692094827596800,8419,7,24194,9,2020,9248.57
2922692094827596800,8419,7,24194,10,2020,8194.63
2922692094827596800,8419,7,24194,11,2020,7829.52
2922692094827596800,8419,7,24194,12,2020,7363.95
2924087686554192896,4244,3,28271,1,2020,-2553.99
2924087686554192896,4244,3,28271,2,2020,-1374.48
2924087686554192896,4244,3,28271,3,2020,-1703.13
2924087686554192896,4244,3,28271,4,2020,-589.5
2924087686554192896,4244,3,28271,5,2020,-604.28
2924087686554192896,4244,3,28271,6,2020,1882.34
2924087686554192896,4244,3,28271,7,2020,884.41
2924087686554192896,4244,3,28271,8,2020,-2131.24
2924087686554192896,4244,3,28271,9,2020,-1919.73
2924087686554192896,4244,3,28271,10,2020,-2663.48
2924087686554192896,4244,3,28271,11,2020,-2443.48
2924087686554192896,4244,3,28271,12,2020,-2443.48
2924401030980823040,7556,7,21257,1,2020,1239.26
2924401030980823040,7556,7,21257,2,2020,2848.96
2924401030980823040,7556,7,21257,3,2020,3435.07
2924401030980823040,7556,7,21257,4,2020,-3422.62
2924401030980823040,7556,7,21257,5,2020,-4652.48
2924401030980823040,7556,7,21257,6,2020,-2089.59
2924401030980823040,7556,7,21257,7,2020,-5438.77
2924401030980823040,7556,7,21257,8,2020,-4613.52
2924401030980823040,7556,7,21257,9,2020,-6042.33
2924401030980823040,7556,7,21257,10,2020,-11781.02
2924401030980823040,7556,7,21257,11,2020,-12099.84
2924401030980823040,7556,7,21257,12,2020,-10182.22
2926085790162060288,8557,0,2257,1,2020,3838.3
2926085790162060288,8557,0,2257,2,2020,10808.62
2926085790162060288,8557,0,2257,3,2020,18319.96
2926085790162060288,8557,0,2257,4,2020,22054.49
2926085790162060288,8557,0,2257,5,2020,20071.09
2926085790162060288,8557,0,2257,6,2020,27317.56
2926085790162060288,8557,0,2257,7,2020,30022.57
2926085790162060288,8557,0,2257,8,2020,32333.07
2926085790162060288,8557,0,2257,9,2020,36662.56
2926085790162060288,8557,0,2257,10,2020,35394.45
2926085790162060288,8557,0,2257,11,2020,40451.39
2926085790162060288,8557,0,2257,12,2020,40547.98
2926489068562264064,7194,5,80946,1,2020,4302.51
2926489068562264064,7194,5,80946,2,2020,2360.03
2926489068562264064,7194,5,80946,3,2020,-520.24
2926489068562264064,7194,5,80946,4,2020,-254.79
2926489068562264064,7194,5,80946,5,2020,158.7
2926489068562264064,7194,5,80946,6,2020,-234.26
2926489068562264064,7194,5,80946,7,2020,2508.75
2926489068562264064,7194,5,80946,8,2020,-1186.13
2926489068562264064,7194,5,80946,9,2020,-1704.78
2926489068562264064,7194,5,80946,10,2020,-4153.22
2926489068562264064,7194,5,80946,11,2020,-4021.37
2926489068562264064,7194,5,80946,12,2020,-4021.37
292668755240831168,5305,1,77361,1,2020,1300.5
292668755240831168,5305,1,77361,2,2020,2737.48
292668755240831168,5305,1,77361,3,2020,702.79
292668755240831168,5305,1,77361,4,2020,1017.35
292668755240831168,5305,1,77361,5,2020,1806.01
292668755240831168,5305,1,77361,6,2020,1586.5
292668755240831168,5305,1,77361,7,2020,1343.29
292668755240831168,5305,1,77361,8,2020,337.38
