2802241117813343744,4255,3,87137,7,2020,-4015.28
2802241117813343744,4255,3,87137,8,2020,-92.06
2802241117813343744,4255,3,87137,9,2020,3722.51
2802241117813343744,4255,3,87137,10,2020,5037.33
2802241117813343744,4255,3,87137,11,2020,5220.04
2802241117813343744,4255,3,87137,12,2020,5220.04
2802575613201426432,8297,5,26084,1,2020,0.0
2802575613201426432,8297,5,26084,2,2020,633.02
2802575613201426432,8297,5,26084,3,2020,633.02
2802575613201426432,8297,5,26084,4,2020,318.14
2802575613201426432,8297,5,26084,5,2020,318.14
2802575613201426432,8297,5,26084,6,2020,1128.51
2802575613201426432,8297,5,26084,7,2020,1128.51
2802575613201426432,8297,5,26084,8,2020,1128.51
2802575613201426432,8297,5,26084,9,2020,2191.16
2802575613201426432,8297,5,26084,10,2020,139.21
2802575613201426432,8297,5,26084,11,2020,-75.23
2802575613201426432,8297,5,26084,12,2020,-48.72
2803196921423960576,4003,9,74056,1,2020,4179.63
2803196921423960576,4003,9,74056,2,2020,7973.23
2803196921423960576,4003,9,74056,3,2020,3856.47
2803196921423960576,4003,9,74056,4,2020,-3962.99
2803196921423960576,4003,9,74056,5,2020,-10304.44
2803196921423960576,4003,9,74056,6,2020,-14058.81
2803196921423960576,4003,9,74056,7,2020,-16253.99
2803196921423960576,4003,9,74056,8,2020,-19746.29
2803196921423960576,4003,9,74056,9,2020,-16358.15
2803196921423960576,4003,9,74056,10,2020,-17167.62
2803196921423960576,4003,9,74056,11,2020,-20032.59
2803196921423960576,4003,9,74056,12,2020,-17539.98
2804578548799307776,5321,4,38497,1,2020,-2348.42
2804578548799307776,5321,4,38497,2,2020,6166.47
2804578548799307776,5321,4,38497,3,2020,6648.22
2804578548799307776,5321,4,38497,4,2020,12717.57
2804578548799307776,5321,4,38497,5,2020,11422.3
2804578548799307776,5321,4,38497,6,2020,11100.61
2804578548799307776,5321,4,38497,7,2020,9935.69
2804578548799307776,5321,4,38497,8,2020,16896.94
2804578548799307776,5321,4,38497,9,2020,15926.61
2804578548799307776,5321,4,38497,10,2020,12227.75
2804578548799307776,5321,4,38497,11,2020,7502.67
2804578548799307776,5321,4,38497,12,2020,4995.22
2804811042762405376,3581,0,57564,1,2020,-1783.9
2804811042762405376,3581,0,57564,2,2020,-1902.67
2804811042762405376,3581,0,57564,3,2020,2695.74
2804811042762405376,3581,0,57564,4,2020,7113.87
2804811042762405376,3581,0,57564,5,2020,13629.63
2804811042762405376,3581,0,57564,6,2020,6661.46
2804811042762405376,3581,0,57564,7,2020,2937.76
2804811042762405376,3581,0,57564,8,2020,11292.11
2804811042762405376,3581,0,57564,9,2020,5379.81
2804811042762405376,3581,0,57564,10,2020,15656.17
2804811042762405376,3581,0,57564,11,2020,14853.98
2804811042762405376,3581,0,57564,12,2020,19447.2
2805227972176352768,6651,9,15105,1,2020,2942.08
2805227972176352768,6651,9,15105,2,2020,6819.52
2805227972176352768,6651,9,15105,3,2020,10334.55
2805227972176352768,6651,9,15105,4,2020,16662.12
2805227972176352768,6651,9,15105,5,2020,29891.57
2805227972176352768,6651,9,15105,6,2020,34748.45
2805227972176352768,6651,9,15105,7,2020,43030.47
2805227972176352768,6651,9,15105,8,2020,41664.57
2805227972176352768,6651,9,15105,9,2020,44294.15
2805227972176352768,6651,9,15105,10,2020,42007.41
2805227972176352768,6651,9,15105,11,2020,34882.66
2805227972176352768,6651,9,15105,12,2020,34613.7
2805254131243019776,9545,5,13521,1,2020,0.0
2805254131243019776,9545,5,13521,2,2020,0.0
2805254131243019776,9545,5,13521,3,2020,-450.27
2805254131243019776,9545,5,13521,4,2020,-994.88
2805254131243019776,9545,5,13521,5,2020,-994.88
2805254131243019776,9545,5,13521,6,2020,-994.88
2805254131243019776,9545,5,13521,7,2020,-407.26
2805254131243019776,9545,5,13521,8,2020,-154.79
2805254131243019776,9545,5,13521,9,2020,-1428.48
2805254131243019776,9545,5,13521,10,2020,3741.71
2805254131243019776,9545,5,13521,11,2020,2217.26
2805254131243019776,9545,5,13521,12,2020,2217.26
2807846871731219968,5605,0,53072,1,2020,5757.94
2807846871731219968,5605,0,53072,2,2020,2465.21
2807846871731219968,5605,0,53072,3,2020,12034.41
2807846871731219968,5605,0,53072,4,2020,11545.3
2807846871731219968,5605,0,53072,5,2020,14305.01
2807846871731219968,5605,0,53072,6,2020,10122.76
2807846871731219968,5605,0,53072,7,2020,6017.03
2807846871731219968,5605,0,53072,8,2020,4909.62
2807846871731219968,5605,0,53072,9,2020,5762.22
2807846871731219968,5605,0,53072,10,2020,-6391.46
2807846871731219968,5605,0,53072,11,2020,-9754.98
2807846871731219968,5605,0,53072,12,2020,-10729.3
280820183091394464,712,4,18766,1,2020,-2292.92
280820183091394464,712,4,18766,2,2020,-476.33
280820183091394464,712,4,18766,3,2020,-1331.06
280820183091394464,712,4,18766,4,2020,-4679.38
280820183091394464,712,4,18766,5,2020,-8642.79
280820183091394464,712,4,18766,6,2020,-17794.83
280820183091394464,712,4,18766,7,2020,-12782.04
280820183091394464,712,4,18766,8,2020,-12036.0
280820183091394464,712,4,18766,9,2020,-16014.56
280820183091394464,712,4,18766,10,2020,-21802.73
280820183091394464,712,4,18766,11,2020,-22843.33
280820183091394464,712,4,18766,12,2020,-27088.25
2809643807045446656,7609,6,83900,1,2020,0.0
2809643807045446656,7609,6,83900,2,2020,-461.71
2809643807045446656,7609,6,83900,3,2020,-461.71
2809643807045446656,7609,6,83900,4,2020,-461.71
2809643807045446656,7609,6,83900,5,2020,1155.55
2809643807045446656,7609,6,83900,6,2020,2243.24
2809643807045446656,7609,6,83900,7,2020,2243.24
2809643807045446656,7609,6,83900,8,2020,3058.97
2809643807045446656,7609,6,83900,9,2020,3058.97
2809643807045446656,7609,6,83900,10,2020,1871.34
2809643807045446656,7609,6,83900,11,2020,1871.34
2809643807045446656,7609,6,83900,12,2020,1871.34
2809727862563811328,8120,1,19878,1,2020,-632.32
2809727862563811328,8120,1,19878,2,2020,1081.02
2809727862563811328,8120,1,19878,3,2020,4638.16
2809727862563811328,8120,1,19878,4,2020,75.59
2809727862563811328,8120,1,19878,5,2020,-354.14
2809727862563811328,8120,1,19878,6,2020,-232.72
2809727862563811328,8120,1,19878,7,2020,2016.22
2809727862563811328,8120,1,19878,8,2020,2744.5
2809727862563811328,8120,1,19878,9,2020,3091.8
2809727862563811328,8120,1,19878,10,2020,2662.71
2809727862563811328,8120,1,19878,11,2020,4265.61
2809727862563811328,8120,1,19878,12,2020,2130.29
281026973294784032,7799,5,81330,1,2020,2604.59
281026973294784032,7799,5,81330,2,2020,-1122.34
281026973294784032,7799,5,81330,3,2020,81.43
281026973294784032,7799,5,81330,4,2020,1199.08
281026973294784032,7799,5,81330,5,2020,-790.75
281026973294784032,7799,5,81330,6,2020,-2589.64
281026973294784032,7799,5,81330,7,2020,-3910.53
281026973294784032,7799,5,81330,8,2020,-5085.53
281026973294784032,7799,5,81330,9,2020,-6478.99
281026973294784032,7799,5,81330,10,2020,-4386.83
281026973294784032,7799,5,81330,11,2020,-6182.63
281026973294784032,7799,5,81330,12,2020,-6136.0
281077540295334304,5538,4,19126,1,2020,2354.1
281077540295334304,5538,4,19126,2,2020,280.73
281077540295334304,5538,4,19126,3,2020,110.95
281077540295334304,5538,4,19126,4,2020,314.98
281077540295334304,5538,4,19126,5,2020,-1045.81
281077540295334304,5538,4,19126,6,2020,-5380.77
281077540295334304,5538,4,19126,7,2020,-2470.43
281077540295334304,5538,4,19126,8,2020,-4717.41
281077540295334304,5538,4,19126,9,2020,-5952.01
281077540295334304,5538,4,19126,10,2020,-7568.24
281077540295334304,5538,4,19126,11,2020,-7568.24
281077540295334304,5538,4,19126,12,2020,-9412.45
281109758200862496,8622,2,11833,1,2020,2508.94
281109758200862496,8622,2,11833,2,2020,5737.84
281109758200862496,8622,2,11833,3,2020,10454.71
281109758200862496,8622,2,11833,4,2020,4537.32
281109758200862496,8622,2,11833,5,2020,5098.52
281109758200862496,8622,2,11833,6,2020,-21.72
281109758200862496,8622,2,11833,7,2020,-4252.17
281109758200862496,8622,2,11833,8,2020,-16082.19
281109758200862496,8622,2,11833,9,2020,-11898.05
281109758200862496,8622,2,11833,10,2020,-20079.0
281109758200862496,8622,2,11833,11,2020,-16933.15
281109758200862496,8622,2,11833,12,2020,-17911.68
2811886407547100160,9026,1,38910,1,2020,147.86
2811886407547100160,9026,1,38910,2,2020,5254.63
2811886407547100160,9026,1,38910,3,2020,6885.93
2811886407547100160,9026,1,38910,4,2020,11388.5
2811886407547100160,9026,1,38910,5,2020,10263.47
2811886407547100160,9026,1,38910,6,2020,6555.22
2811886407547100160,9026,1,38910,7,2020,10302.33
2811886407547100160,9026,1,38910,8,2020,6717.17
2811886407547100160,9026,1,38910,9,2020,4100.04
2811886407547100160,9026,1,38910,10,2020,9492.79
2811886407547100160,9026,1,38910,11,2020,9729.3
2811886407547100160,9026,1,38910,12,2020,13112.26
281271940656016832,5901,7,57622,1,2020,-949.77
281271940656016832,5901,7,57622,2,2020,-227.13
281271940656016832,5901,7,57622,3,2020,3781.04
281271940656016832,5901,7,57622,4,2020,4628.07
281271940656016832,5901,7,57622,5,2020,4419.34
281271940656016832,5901,7,57622,6,2020,5644.68
281271940656016832,5901,7,57622,7,2020,6661.25
281271940656016832,5901,7,57622,8,2020,4592.07
281271940656016832,5901,7,57622,9,2020,4506.5
281271940656016832,5901,7,57622,10,2020,5562.39
281271940656016832,5901,7,57622,11,2020,7874.52
281271940656016832,5901,7,57622,12,2020,7874.52
2814132059123044352,4277,7,96351,1,2020,-569.1
2814132059123044352,4277,7,96351,2,2020,2493.39
2814132059123044352,4277,7,96351,3,2020,9666.32
2814132059123044352,4277,7,96351,4,2020,2819.05
2814132059123044352,4277,7,96351,5,2020,-132.32
2814132059123044352,4277,7,96351,6,2020,-8599.5
2814132059123044352,4277,7,96351,7,2020,-12627.43
2814132059123044352,4277,7,96351,8,2020,-11485.16
2814132059123044352,4277,7,96351,9,2020,-13790.43
2814132059123044352,4277,7,96351,10,2020,-12802.99
2814132059123044352,4277,7,96351,11,2020,-11868.57
2814132059123044352,4277,7,96351,12,2020,-15517.58
2815364531938725376,4058,7,22955,1,2020,3099.1
2815364531938725376,4058,7,22955,2,2020,9088.74
2815364531938725376,4058,7,22955,3,2020,10926.11
2815364531938725376,4058,7,22955,4,2020,15190.4
2815364531938725376,4058,7,22955,5,2020,14997.8
2815364531938725376,4058,7,22955,6,2020,20730.69
2815364531938725376,4058,7,22955,7,2020,20667.32
2815364531938725376,4058,7,22955,8,2020,14106.19
2815364531938725376,4058,7,22955,9,2020,11210.54
2815364531938725376,4058,7,22955,10,2020,12962.68
2815364531938725376,4058,7,22955,11,2020,11749.19
2815364531938725376,4058,7,22955,12,2020,21139.9
2815400284977604096,7695,5,40892,1,2020,7457.42
2815400284977604096,7695,5,40892,2,2020,6428.01
2815400284977604096,7695,5,40892,3,2020,2924.58
2815400284977604096,7695,5,40892,4,2020,4633.82
2815400284977604096,7695,5,40892,5,2020,7918.88
2815400284977604096,7695,5,40892,6,2020,14524.39
2815400284977604096,7695,5,40892,7,2020,14915.51
2815400284977604096,7695,5,40892,8,2020,13323.75
2815400284977604096,7695,5,40892,9,2020,4428.65
2815400284977604096,7695,5,40892,10,2020,7126.58
2815400284977604096,7695,5,40892,11,2020,10278.46
2815400284977604096,7695,5,40892,12,2020,8398.9
2817048027892314112,5839,6,56899,1,2020,2527.44
2817048027892314112,5839,6,56899,2,2020,8410.7
2817048027892314112,5839,6,56899,3,2020,9358.2
2817048027892314112,5839,6,56899,4,2020,4013.54
2817048027892314112,5839,6,56899,5,2020,4531.74
2817048027892314112,5839,6,56899,6,2020,1633.28
2817048027892314112,5839,6,56899,7,2020,4387.37
2817048027892314112,5839,6,56899,8,2020,4821.73
2817048027892314112,5839,6,56899,9,2020,-1875.87
2817048027892314112,5839,6,56899,10,2020,-3108.26
2817048027892314112,5839,6,56899,11,2020,-979.61
2817048027892314112,5839,6,56899,12,2020,-100.95
281777638972504992,8494,7,79585,1,2020,4344.83
281777638972504992,8494,7,79585,2,2020,4468.03
281777638972504992,8494,7,79585,3,2020,12766.41
281777638972504992,8494,7,79585,4,2020,16069.47
281777638972504992,8494,7,79585,5,2020,14922.84
281777638972504992,8494,7,79585,6,2020,16956.48
