2785216338733542912,9735,9,85008,7,2020,-4846.47
2785216338733542912,9735,9,85008,8,2020,-6843.1
2785216338733542912,9735,9,85008,9,2020,-6681.07
2785216338733542912,9735,9,85008,10,2020,-7489.35
2785216338733542912,9735,9,85008,11,2020,-5282.5
2785216338733542912,9735,9,85008,12,2020,-5678.6
2785716193625576448,6919,3,69075,1,2020,3399.99
2785716193625576448,6919,3,69075,2,2020,3901.03
2785716193625576448,6919,3,69075,3,2020,9272.23
2785716193625576448,6919,3,69075,4,2020,16485.49
2785716193625576448,6919,3,69075,5,2020,16870.39
2785716193625576448,6919,3,69075,6,2020,17814.55
2785716193625576448,6919,3,69075,7,2020,20058.2
2785716193625576448,6919,3,69075,8,2020,18847.36
2785716193625576448,6919,3,69075,9,2020,25880.32
2785716193625576448,6919,3,69075,10,2020,26104.9
2785716193625576448,6919,3,69075,11,2020,22950.79
2785716193625576448,6919,3,69075,12,2020,21772.08
2789011782308483584,6274,9,22277,1,2020,-8358.14
2789011782308483584,6274,9,22277,2,2020,3181.54
2789011782308483584,6274,9,22277,3,2020,-5883.58
2789011782308483584,6274,9,22277,4,2020,5675.05
2789011782308483584,6274,9,22277,5,2020,4041.68
2789011782308483584,6274,9,22277,6,2020,1108.39
2789011782308483584,6274,9,22277,7,2020,-9346.77
2789011782308483584,6274,9,22277,8,2020,-10502.76
2789011782308483584,6274,9,22277,9,2020,-5119.86
2789011782308483584,6274,9,22277,10,2020,-1212.43
2789011782308483584,6274,9,22277,11,2020,-1483.04
2789011782308483584,6274,9,22277,12,2020,86.1
2789191198208346112,3641,1,963,1,2020,2387.33
2789191198208346112,3641,1,963,2,2020,2704.03
2789191198208346112,3641,1,963,3,2020,12408.01
2789191198208346112,3641,1,963,4,2020,7434.75
2789191198208346112,3641,1,963,5,2020,9114.45
2789191198208346112,3641,1,963,6,2020,4687.63
2789191198208346112,3641,1,963,7,2020,3481.58
2789191198208346112,3641,1,963,8,2020,1178.86
2789191198208346112,3641,1,963,9,2020,-2709.78
2789191198208346112,3641,1,963,10,2020,-218.77
2789191198208346112,3641,1,963,11,2020,-4959.69
2789191198208346112,3641,1,963,12,2020,-810.9
2790387147700001792,5819,2,65158,1,2020,1841.04
2790387147700001792,5819,2,65158,2,2020,-6016.15
2790387147700001792,5819,2,65158,3,2020,-5325.78
2790387147700001792,5819,2,65158,4,2020,-3965.05
2790387147700001792,5819,2,65158,5,2020,-7526.39
2790387147700001792,5819,2,65158,6,2020,-5973.84
2790387147700001792,5819,2,65158,7,2020,3035.73
2790387147700001792,5819,2,65158,8,2020,4998.54
2790387147700001792,5819,2,65158,9,2020,5352.87
2790387147700001792,5819,2,65158,10,2020,6086.56
2790387147700001792,5819,2,65158,11,2020,2207.62
2790387147700001792,5819,2,65158,12,2020,3972.26
2790452017808482304,1535,8,44796,1,2020,1045.0
2790452017808482304,1535,8,44796,2,2020,1514.08
2790452017808482304,1535,8,44796,3,2020,1512.39
2790452017808482304,1535,8,44796,4,2020,2672.79
2790452017808482304,1535,8,44796,5,2020,902.0
2790452017808482304,1535,8,44796,6,2020,3458.89
2790452017808482304,1535,8,44796,7,2020,5108.55
2790452017808482304,1535,8,44796,8,2020,3334.06
2790452017808482304,1535,8,44796,9,2020,1518.41
2790452017808482304,1535,8,44796,10,2020,3614.29
2790452017808482304,1535,8,44796,11,2020,6296.0
2790452017808482304,1535,8,44796,12,2020,7751.84
2791209688957478400,5774,4,19327,1,2020,-5131.33
2791209688957478400,5774,4,19327,2,2020,-5921.67
2791209688957478400,5774,4,19327,3,2020,-8676.04
2791209688957478400,5774,4,19327,4,2020,-10926.24
2791209688957478400,5774,4,19327,5,2020,-9592.21
2791209688957478400,5774,4,19327,6,2020,-10368.94
2791209688957478400,5774,4,19327,7,2020,-13513.16
2791209688957478400,5774,4,19327,8,2020,-13595.92
2791209688957478400,5774,4,19327,9,2020,-16915.61
2791209688957478400,5774,4,19327,10,2020,-15970.0
2791209688957478400,5774,4,19327,11,2020,-20419.33
2791209688957478400,5774,4,19327,12,2020,-18388.05
2791504396913818624,5134,7,56821,1,2020,-1131.93
2791504396913818624,5134,7,56821,2,2020,-3480.96
2791504396913818624,5134,7,56821,3,2020,-3571.11
2791504396913818624,5134,7,56821,4,2020,118.19
2791504396913818624,5134,7,56821,5,2020,1503.28
2791504396913818624,5134,7,56821,6,2020,-703.92
2791504396913818624,5134,7,56821,7,2020,-4366.86
2791504396913818624,5134,7,56821,8,2020,-2984.77
2791504396913818624,5134,7,56821,9,2020,-394.38
2791504396913818624,5134,7,56821,10,2020,629.19
2791504396913818624,5134,7,56821,11,2020,-4682.17
2791504396913818624,5134,7,56821,12,2020,-4696.48
2792060586608787456,3945,4,4143,1,2020,-900.1
2792060586608787456,3945,4,4143,2,2020,-2862.56
2792060586608787456,3945,4,4143,3,2020,-2481.5
2792060586608787456,3945,4,4143,4,2020,-2481.5
2792060586608787456,3945,4,4143,5,2020,-2481.5
2792060586608787456,3945,4,4143,6,2020,-1969.84
2792060586608787456,3945,4,4143,7,2020,-2266.93
2792060586608787456,3945,4,4143,8,2020,-2986.92
2792060586608787456,3945,4,4143,9,2020,-3550.96
2792060586608787456,3945,4,4143,10,2020,-1106.97
2792060586608787456,3945,4,4143,11,2020,-1862.47
2792060586608787456,3945,4,4143,12,2020,-1862.47
279233363005368320,1579,9,22837,1,2020,7.72
279233363005368320,1579,9,22837,2,2020,-4353.76
279233363005368320,1579,9,22837,3,2020,-2271.78
279233363005368320,1579,9,22837,4,2020,630.56
279233363005368320,1579,9,22837,5,2020,2392.34
279233363005368320,1579,9,22837,6,2020,1251.9
279233363005368320,1579,9,22837,7,2020,1590.4
279233363005368320,1579,9,22837,8,2020,561.58
279233363005368320,1579,9,22837,9,2020,6297.8
279233363005368320,1579,9,22837,10,2020,8419.21
279233363005368320,1579,9,22837,11,2020,11758.44
279233363005368320,1579,9,22837,12,2020,11288.48
2792656701894514688,2118,4,91805,1,2020,1318.57
2792656701894514688,2118,4,91805,2,2020,-3660.62
2792656701894514688,2118,4,91805,3,2020,-3571.71
2792656701894514688,2118,4,91805,4,2020,-1439.69
2792656701894514688,2118,4,91805,5,2020,-2587.72
2792656701894514688,2118,4,91805,6,2020,-3778.41
2792656701894514688,2118,4,91805,7,2020,-8998.51
2792656701894514688,2118,4,91805,8,2020,-11186.63
2792656701894514688,2118,4,91805,9,2020,-8987.5
2792656701894514688,2118,4,91805,10,2020,-7679.06
2792656701894514688,2118,4,91805,11,2020,-11642.02
2792656701894514688,2118,4,91805,12,2020,-12632.29
2793296613093407744,1406,5,84715,1,2020,1556.7
2793296613093407744,1406,5,84715,2,2020,-3933.52
2793296613093407744,1406,5,84715,3,2020,-6926.37
2793296613093407744,1406,5,84715,4,2020,-8543.84
2793296613093407744,1406,5,84715,5,2020,-10519.22
2793296613093407744,1406,5,84715,6,2020,-3715.16
2793296613093407744,1406,5,84715,7,2020,-3765.11
2793296613093407744,1406,5,84715,8,2020,-8739.48
2793296613093407744,1406,5,84715,9,2020,-9006.8
2793296613093407744,1406,5,84715,10,2020,-6450.8
2793296613093407744,1406,5,84715,11,2020,-2830.38
2793296613093407744,1406,5,84715,12,2020,-2186.94
2794109541131801600,2246,1,84132,1,2020,357.82
2794109541131801600,2246,1,84132,2,2020,966.87
2794109541131801600,2246,1,84132,3,2020,3389.53
2794109541131801600,2246,1,84132,4,2020,4186.81
2794109541131801600,2246,1,84132,5,2020,3331.46
2794109541131801600,2246,1,84132,6,2020,2250.13
2794109541131801600,2246,1,84132,7,2020,991.7
2794109541131801600,2246,1,84132,8,2020,6486.78
2794109541131801600,2246,1,84132,9,2020,-4.55
2794109541131801600,2246,1,84132,10,2020,-3624.36
2794109541131801600,2246,1,84132,11,2020,-1897.43
2794109541131801600,2246,1,84132,12,2020,520.79
2795763928166728192,1061,7,57638,1,2020,-3254.05
2795763928166728192,1061,7,57638,2,2020,-2770.62
2795763928166728192,1061,7,57638,3,2020,-1022.09
2795763928166728192,1061,7,57638,4,2020,-5148.76
2795763928166728192,1061,7,57638,5,2020,-955.64
2795763928166728192,1061,7,57638,6,2020,383.99
2795763928166728192,1061,7,57638,7,2020,3234.37
2795763928166728192,1061,7,57638,8,2020,7569.43
2795763928166728192,1061,7,57638,9,2020,6476.02
2795763928166728192,1061,7,57638,10,2020,8375.48
2795763928166728192,1061,7,57638,11,2020,7898.8
2795763928166728192,1061,7,57638,12,2020,7415.15
2796110458005519872,5461,8,7985,1,2020,908.79
2796110458005519872,5461,8,7985,2,2020,-1529.58
2796110458005519872,5461,8,7985,3,2020,1089.82
2796110458005519872,5461,8,7985,4,2020,751.05
2796110458005519872,5461,8,7985,5,2020,3997.27
2796110458005519872,5461,8,7985,6,2020,4581.65
2796110458005519872,5461,8,7985,7,2020,4774.07
2796110458005519872,5461,8,7985,8,2020,10442.53
2796110458005519872,5461,8,7985,9,2020,9078.01
2796110458005519872,5461,8,7985,10,2020,5167.3
2796110458005519872,5461,8,7985,11,2020,10224.17
2796110458005519872,5461,8,7985,12,2020,3565.24
2796264816258122240,7448,4,29948,1,2020,5210.67
2796264816258122240,7448,4,29948,2,2020,5084.38
2796264816258122240,7448,4,29948,3,2020,4666.2
2796264816258122240,7448,4,29948,4,2020,5201.72
2796264816258122240,7448,4,29948,5,2020,9282.84
2796264816258122240,7448,4,29948,6,2020,9116.6
2796264816258122240,7448,4,29948,7,2020,6265.34
2796264816258122240,7448,4,29948,8,2020,1894.33
2796264816258122240,7448,4,29948,9,2020,2834.41
2796264816258122240,7448,4,29948,10,2020,4770.1
2796264816258122240,7448,4,29948,11,2020,-54.71
2796264816258122240,7448,4,29948,12,2020,-1071.77
2796661521190031872,5642,5,48951,1,2020,11123.05
2796661521190031872,5642,5,48951,2,2020,5740.52
2796661521190031872,5642,5,48951,3,2020,5733.76
2796661521190031872,5642,5,48951,4,2020,8367.96
2796661521190031872,5642,5,48951,5,2020,6105.55
2796661521190031872,5642,5,48951,6,2020,4783.33
2796661521190031872,5642,5,48951,7,2020,7079.39
2796661521190031872,5642,5,48951,8,2020,766.02
2796661521190031872,5642,5,48951,9,2020,6163.12
2796661521190031872,5642,5,48951,10,2020,2378.32
2796661521190031872,5642,5,48951,11,2020,-6089.55
2796661521190031872,5642,5,48951,12,2020,988.07
2797629112175076864,1123,1,30416,1,2020,-2171.64
2797629112175076864,1123,1,30416,2,2020,-8341.74
2797629112175076864,1123,1,30416,3,2020,-571.21
2797629112175076864,1123,1,30416,4,2020,-4303.22
2797629112175076864,1123,1,30416,5,2020,-7513.88
2797629112175076864,1123,1,30416,6,2020,-5210.98
2797629112175076864,1123,1,30416,7,2020,-7137.68
2797629112175076864,1123,1,30416,8,2020,-4196.15
2797629112175076864,1123,1,30416,9,2020,-3680.44
2797629112175076864,1123,1,30416,10,2020,-5551.06
2797629112175076864,1123,1,30416,11,2020,-8023.41
2797629112175076864,1123,1,30416,12,2020,-4953.71
2798953153547346944,6142,9,97164,1,2020,829.23
2798953153547346944,6142,9,97164,2,2020,2968.22
2798953153547346944,6142,9,97164,3,2020,4627.44
2798953153547346944,6142,9,97164,4,2020,-1478.07
2798953153547346944,6142,9,97164,5,2020,-4942.61
2798953153547346944,6142,9,97164,6,2020,-8874.53
2798953153547346944,6142,9,97164,7,2020,-4488.39
2798953153547346944,6142,9,97164,8,2020,-9802.47
2798953153547346944,6142,9,97164,9,2020,-6377.04
2798953153547346944,6142,9,97164,10,2020,-1455.9
2798953153547346944,6142,9,97164,11,2020,-3712.54
2798953153547346944,6142,9,97164,12,2020,-4405.34
2799508538521339392,8295,2,51680,1,2020,-5254.16
2799508538521339392,8295,2,51680,2,2020,-5641.39
2799508538521339392,8295,2,51680,3,2020,-4123.5
2799508538521339392,8295,2,51680,4,2020,-3554.65
2799508538521339392,8295,2,51680,5,2020,-2112.52
2799508538521339392,8295,2,51680,6,2020,-3519.55
2799508538521339392,8295,2,51680,7,2020,-2458.08
2799508538521339392,8295,2,51680,8,2020,-245.4
2799508538521339392,8295,2,51680,9,2020,-522.77
2799508538521339392,8295,2,51680,10,2020,-3426.07
2799508538521339392,8295,2,51680,11,2020,-1917.67
2799508538521339392,8295,2,51680,12,2020,-2296.62
2802241117813343744,4255,3,87137,1,2020,4780.72
2802241117813343744,4255,3,87137,2,2020,4190.64
2802241117813343744,4255,3,87137,3,2020,9035.07
2802241117813343744,4255,3,87137,4,2020,7422.28
2802241117813343744,4255,3,87137,5,2020,2484.33
2802241117813343744,4255,3,87137,6,2020,2049.52
