2880452409563950080,9276,3,68085,7,2020,-31772.59
2880452409563950080,9276,3,68085,8,2020,-30871.13
2880452409563950080,9276,3,68085,9,2020,-28164.92
2880452409563950080,9276,3,68085,10,2020,-36897.89
2880452409563950080,9276,3,68085,11,2020,-29253.17
2880452409563950080,9276,3,68085,12,2020,-29842.96
2880519304445116928,1239,9,31244,1,2020,-15508.57
2880519304445116928,1239,9,31244,2,2020,-14525.21
2880519304445116928,1239,9,31244,3,2020,-17887.4
2880519304445116928,1239,9,31244,4,2020,-12528.84
2880519304445116928,1239,9,31244,5,2020,-27054.36
2880519304445116928,1239,9,31244,6,2020,-26753.95
2880519304445116928,1239,9,31244,7,2020,-26002.84
2880519304445116928,1239,9,31244,8,2020,-21118.86
2880519304445116928,1239,9,31244,9,2020,-16329.88
2880519304445116928,1239,9,31244,10,2020,-17237.52
2880519304445116928,1239,9,31244,11,2020,-14121.04
2880519304445116928,1239,9,31244,12,2020,-15873.34
2881152242158676480,1218,0,9346,1,2020,-835.17
2881152242158676480,1218,0,9346,2,2020,-1662.51
2881152242158676480,1218,0,9346,3,2020,-1280.26
2881152242158676480,1218,0,9346,4,2020,-2815.93
2881152242158676480,1218,0,9346,5,2020,2637.67
2881152242158676480,1218,0,9346,6,2020,4087.1
2881152242158676480,1218,0,9346,7,2020,8140.87
2881152242158676480,1218,0,9346,8,2020,6913.07
2881152242158676480,1218,0,9346,9,2020,7215.64
2881152242158676480,1218,0,9346,10,2020,3392.58
2881152242158676480,1218,0,9346,11,2020,3416.09
2881152242158676480,1218,0,9346,12,2020,-354.15
2882344179826626048,9449,6,7112,1,2020,-996.78
2882344179826626048,9449,6,7112,2,2020,-4195.03
2882344179826626048,9449,6,7112,3,2020,-2489.74
2882344179826626048,9449,6,7112,4,2020,-1203.07
2882344179826626048,9449,6,7112,5,2020,-3853.06
2882344179826626048,9449,6,7112,6,2020,-5166.27
2882344179826626048,9449,6,7112,7,2020,-3096.33
2882344179826626048,9449,6,7112,8,2020,-537.03
2882344179826626048,9449,6,7112,9,2020,-1686.67
2882344179826626048,9449,6,7112,10,2020,-285.0
2882344179826626048,9449,6,7112,11,2020,-2244.05
2882344179826626048,9449,6,7112,12,2020,2911.6
2883702203731553792,7239,1,73748,1,2020,-672.75
2883702203731553792,7239,1,73748,2,2020,1047.13
2883702203731553792,7239,1,73748,3,2020,848.35
2883702203731553792,7239,1,73748,4,2020,2840.63
2883702203731553792,7239,1,73748,5,2020,5606.94
2883702203731553792,7239,1,73748,6,2020,6221.21
2883702203731553792,7239,1,73748,7,2020,-3437.12
2883702203731553792,7239,1,73748,8,2020,-204.83
2883702203731553792,7239,1,73748,9,2020,2311.59
2883702203731553792,7239,1,73748,10,2020,-78.57
2883702203731553792,7239,1,73748,11,2020,-3266.88
2883702203731553792,7239,1,73748,12,2020,4731.32
2884148428793431040,9640,1,28904,1,2020,0.0
2884148428793431040,9640,1,28904,2,2020,-164.08
2884148428793431040,9640,1,28904,3,2020,320.61
2884148428793431040,9640,1,28904,4,2020,320.61
2884148428793431040,9640,1,28904,5,2020,320.61
2884148428793431040,9640,1,28904,6,2020,320.61
2884148428793431040,9640,1,28904,7,2020,320.61
2884148428793431040,9640,1,28904,8,2020,320.61
2884148428793431040,9640,1,28904,9,2020,320.61
2884148428793431040,9640,1,28904,10,2020,320.61
2884148428793431040,9640,1,28904,11,2020,320.61
2884148428793431040,9640,1,28904,12,2020,1952.49
2885338146834190336,2495,2,89069,1,2020,-1592.18
2885338146834190336,2495,2,89069,2,2020,-2442.44
2885338146834190336,2495,2,89069,3,2020,7151.07
2885338146834190336,2495,2,89069,4,2020,18610.09
2885338146834190336,2495,2,89069,5,2020,8832.21
2885338146834190336,2495,2,89069,6,2020,9505.71
2885338146834190336,2495,2,89069,7,2020,9724.38
2885338146834190336,2495,2,89069,8,2020,10413.38
2885338146834190336,2495,2,89069,9,2020,11300.3
2885338146834190336,2495,2,89069,10,2020,10192.31
2885338146834190336,2495,2,89069,11,2020,13288.79
2885338146834190336,2495,2,89069,12,2020,9766.13
2886060822663130112,7244,5,45348,1,2020,0.0
2886060822663130112,7244,5,45348,2,2020,-278.25
2886060822663130112,7244,5,45348,3,2020,-278.25
2886060822663130112,7244,5,45348,4,2020,-925.38
2886060822663130112,7244,5,45348,5,2020,-925.38
2886060822663130112,7244,5,45348,6,2020,-1435.41
2886060822663130112,7244,5,45348,7,2020,-518.39
2886060822663130112,7244,5,45348,8,2020,-518.39
2886060822663130112,7244,5,45348,9,2020,-2435.97
2886060822663130112,7244,5,45348,10,2020,-2435.97
2886060822663130112,7244,5,45348,11,2020,-2435.97
2886060822663130112,7244,5,45348,12,2020,-2933.69
2886412803258771968,961,4,52263,1,2020,1073.02
2886412803258771968,961,4,52263,2,2020,-1965.35
2886412803258771968,961,4,52263,3,2020,-655.64
2886412803258771968,961,4,52263,4,2020,-503.04
2886412803258771968,961,4,52263,5,2020,-3968.74
2886412803258771968,961,4,52263,6,2020,1319.75
2886412803258771968,961,4,52263,7,2020,6755.02
2886412803258771968,961,4,52263,8,2020,8847.65
2886412803258771968,961,4,52263,9,2020,11230.39
2886412803258771968,961,4,52263,10,2020,7778.17
2886412803258771968,961,4,52263,11,2020,14462.29
2886412803258771968,961,4,52263,12,2020,18120.1
2886912744785149952,3231,3,58388,1,2020,9863.62
2886912744785149952,3231,3,58388,2,2020,5531.72
2886912744785149952,3231,3,58388,3,2020,7273.79
2886912744785149952,3231,3,58388,4,2020,8755.58
2886912744785149952,3231,3,58388,5,2020,12243.55
2886912744785149952,3231,3,58388,6,2020,14625.66
2886912744785149952,3231,3,58388,7,2020,13862.03
2886912744785149952,3231,3,58388,8,2020,16323.22
2886912744785149952,3231,3,58388,9,2020,15923.8
2886912744785149952,3231,3,58388,10,2020,16043.46
2886912744785149952,3231,3,58388,11,2020,16676.11
2886912744785149952,3231,3,58388,12,2020,14610.54
2887333138095042048,7630,1,30619,1,2020,1313.62
2887333138095042048,7630,1,30619,2,2020,3761.8
2887333138095042048,7630,1,30619,3,2020,9377.05
2887333138095042048,7630,1,30619,4,2020,6928.3
2887333138095042048,7630,1,30619,5,2020,3499.98
2887333138095042048,7630,1,30619,6,2020,5908.52
2887333138095042048,7630,1,30619,7,2020,6863.97
2887333138095042048,7630,1,30619,8,2020,13130.23
2887333138095042048,7630,1,30619,9,2020,13448.23
2887333138095042048,7630,1,30619,10,2020,18602.87
2887333138095042048,7630,1,30619,11,2020,22217.04
2887333138095042048,7630,1,30619,12,2020,23836.1
2888693934163649536,3577,8,9528,1,2020,5732.52
2888693934163649536,3577,8,9528,2,2020,1521.35
2888693934163649536,3577,8,9528,3,2020,2107.71
2888693934163649536,3577,8,9528,4,2020,1820.25
2888693934163649536,3577,8,9528,5,2020,-2486.18
2888693934163649536,3577,8,9528,6,2020,-2649.17
2888693934163649536,3577,8,9528,7,2020,-2433.68
2888693934163649536,3577,8,9528,8,2020,-871.59
2888693934163649536,3577,8,9528,9,2020,-1387.85
2888693934163649536,3577,8,9528,10,2020,-2207.23
2888693934163649536,3577,8,9528,11,2020,-5752.83
2888693934163649536,3577,8,9528,12,2020,-4710.77
2889243691415848448,8765,3,76231,1,2020,-1444.81
2889243691415848448,8765,3,76231,2,2020,-2931.82
2889243691415848448,8765,3,76231,3,2020,14267.8
2889243691415848448,8765,3,76231,4,2020,16967.97
2889243691415848448,8765,3,76231,5,2020,23716.01
2889243691415848448,8765,3,76231,6,2020,22650.47
2889243691415848448,8765,3,76231,7,2020,22206.81
2889243691415848448,8765,3,76231,8,2020,22093.52
2889243691415848448,8765,3,76231,9,2020,31203.09
2889243691415848448,8765,3,76231,10,2020,28483.78
2889243691415848448,8765,3,76231,11,2020,27893.85
2889243691415848448,8765,3,76231,12,2020,24376.3
2889469352190131200,2603,9,84299,1,2020,-9110.88
2889469352190131200,2603,9,84299,2,2020,-6519.06
2889469352190131200,2603,9,84299,3,2020,-20202.34
2889469352190131200,2603,9,84299,4,2020,-22448.57
2889469352190131200,2603,9,84299,5,2020,-21506.76
2889469352190131200,2603,9,84299,6,2020,-18061.6
2889469352190131200,2603,9,84299,7,2020,-27608.92
2889469352190131200,2603,9,84299,8,2020,-32036.09
2889469352190131200,2603,9,84299,9,2020,-36207.11
2889469352190131200,2603,9,84299,10,2020,-34356.81
2889469352190131200,2603,9,84299,11,2020,-29436.89
2889469352190131200,2603,9,84299,12,2020,-24230.42
2889822362177790976,8579,6,14760,1,2020,8030.03
2889822362177790976,8579,6,14760,2,2020,5816.55
2889822362177790976,8579,6,14760,3,2020,7067.16
2889822362177790976,8579,6,14760,4,2020,6358.6
2889822362177790976,8579,6,14760,5,2020,12407.89
2889822362177790976,8579,6,14760,6,2020,13218.32
2889822362177790976,8579,6,14760,7,2020,12418.95
2889822362177790976,8579,6,14760,8,2020,9579.02
2889822362177790976,8579,6,14760,9,2020,7835.98
2889822362177790976,8579,6,14760,10,2020,-2562.09
2889822362177790976,8579,6,14760,11,2020,-1425.65
2889822362177790976,8579,6,14760,12,2020,2161.51
2890039446909100544,7261,8,98036,1,2020,-6161.99
2890039446909100544,7261,8,98036,2,2020,-11753.43
2890039446909100544,7261,8,98036,3,2020,-12771.43
2890039446909100544,7261,8,98036,4,2020,-9981.39
2890039446909100544,7261,8,98036,5,2020,-10991.9
2890039446909100544,7261,8,98036,6,2020,-7215.29
2890039446909100544,7261,8,98036,7,2020,-5686.04
2890039446909100544,7261,8,98036,8,2020,-8079.29
2890039446909100544,7261,8,98036,9,2020,-6977.75
2890039446909100544,7261,8,98036,10,2020,-12787.43
2890039446909100544,7261,8,98036,11,2020,-14080.59
2890039446909100544,7261,8,98036,12,2020,-16206.0
2891463124435300352,1259,1,107,1,2020,-1259.29
2891463124435300352,1259,1,107,2,2020,-245.75
2891463124435300352,1259,1,107,3,2020,242.76
2891463124435300352,1259,1,107,4,2020,246.07
2891463124435300352,1259,1,107,5,2020,899.74
2891463124435300352,1259,1,107,6,2020,1115.2
2891463124435300352,1259,1,107,7,2020,1760.24
2891463124435300352,1259,1,107,8,2020,1217.87
2891463124435300352,1259,1,107,9,2020,-1981.79
2891463124435300352,1259,1,107,10,2020,-1007.98
2891463124435300352,1259,1,107,11,2020,-870.39
2891463124435300352,1259,1,107,12,2020,-563.87
2891560484195500032,6032,4,73937,1,2020,-558.46
2891560484195500032,6032,4,73937,2,2020,173.05
2891560484195500032,6032,4,73937,3,2020,-903.59
2891560484195500032,6032,4,73937,4,2020,616.07
2891560484195500032,6032,4,73937,5,2020,616.07
2891560484195500032,6032,4,73937,6,2020,-42.99
2891560484195500032,6032,4,73937,7,2020,32.94
2891560484195500032,6032,4,73937,8,2020,-342.46
2891560484195500032,6032,4,73937,9,2020,385.21
2891560484195500032,6032,4,73937,10,2020,385.21
2891560484195500032,6032,4,73937,11,2020,1685.28
2891560484195500032,6032,4,73937,12,2020,3719.13
2892444110903968768,7005,6,6942,1,2020,4418.79
2892444110903968768,7005,6,6942,2,2020,5596.95
2892444110903968768,7005,6,6942,3,2020,5008.62
2892444110903968768,7005,6,6942,4,2020,53.32
2892444110903968768,7005,6,6942,5,2020,2901.58
2892444110903968768,7005,6,6942,6,2020,775.85
2892444110903968768,7005,6,6942,7,2020,79.03
2892444110903968768,7005,6,6942,8,2020,-237.8
2892444110903968768,7005,6,6942,9,2020,-304.55
2892444110903968768,7005,6,6942,10,2020,-2434.44
2892444110903968768,7005,6,6942,11,2020,-4373.86
2892444110903968768,7005,6,6942,12,2020,-8428.14
2892909762270302720,5019,0,20933,1,2020,-8835.53
2892909762270302720,5019,0,20933,2,2020,-7532.37
2892909762270302720,5019,0,20933,3,2020,-3547.03
2892909762270302720,5019,0,20933,4,2020,-1683.61
2892909762270302720,5019,0,20933,5,2020,-1200.44
2892909762270302720,5019,0,20933,6,2020,-7834.88
2892909762270302720,5019,0,20933,7,2020,-8961.84
2892909762270302720,5019,0,20933,8,2020,-6310.6
2892909762270302720,5019,0,20933,9,2020,-11748.62
2892909762270302720,5019,0,20933,10,2020,-12365.22
2892909762270302720,5019,0,20933,11,2020,-17003.7
2892909762270302720,5019,0,20933,12,2020,-21519.66
2892979135826657280,3711,2,358,1,2020,-3961.22
2892979135826657280,3711,2,358,2,2020,-629.14
2892979135826657280,3711,2,358,3,2020,-823.09
2892979135826657280,3711,2,358,4,2020,1677.94
2892979135826657280,3711,2,358,5,2020,-1127.42
2892979135826657280,3711,2,358,6,2020,1210.05
