899491902900462336,7911,0,18384,12,2020,23405.55
899560135401107712,9665,2,9225,1,2020,10210.61
899560135401107712,9665,2,9225,2,2020,4510.81
899560135401107712,9665,2,9225,3,2020,2770.61
899560135401107712,9665,2,9225,4,2020,-760.96
899560135401107712,9665,2,9225,5,2020,-4609.66
899560135401107712,9665,2,9225,6,2020,-3186.86
899560135401107712,9665,2,9225,7,2020,-5537.45
899560135401107712,9665,2,9225,8,2020,-7681.57
899560135401107712,9665,2,9225,9,2020,-10193.79
899560135401107712,9665,2,9225,10,2020,-13044.86
899560135401107712,9665,2,9225,11,2020,-8913.29
899560135401107712,9665,2,9225,12,2020,-5995.76
902735853673943424,8095,2,54719,1,2020,-706.44
902735853673943424,8095,2,54719,2,2020,-752.7
902735853673943424,8095,2,54719,3,2020,2070.79
902735853673943424,8095,2,54719,4,2020,-2792.03
902735853673943424,8095,2,54719,5,2020,-4083.27
902735853673943424,8095,2,54719,6,2020,-6522.14
902735853673943424,8095,2,54719,7,2020,-3641.68
902735853673943424,8095,2,54719,8,2020,-3801.48
902735853673943424,8095,2,54719,9,2020,-7743.92
902735853673943424,8095,2,54719,10,2020,-5365.83
902735853673943424,8095,2,54719,11,2020,-5446.23
902735853673943424,8095,2,54719,12,2020,-5643.35
903416914643083904,4541,5,56515,1,2020,-5126.21
903416914643083904,4541,5,56515,2,2020,-5214.99
903416914643083904,4541,5,56515,3,2020,-7538.13
903416914643083904,4541,5,56515,4,2020,-7491.29
903416914643083904,4541,5,56515,5,2020,-2686.6
903416914643083904,4541,5,56515,6,2020,-4996.61
903416914643083904,4541,5,56515,7,2020,-10231.04
903416914643083904,4541,5,56515,8,2020,-14857.27
903416914643083904,4541,5,56515,9,2020,-16096.21
903416914643083904,4541,5,56515,10,2020,-13704.8
903416914643083904,4541,5,56515,11,2020,-15707.5
903416914643083904,4541,5,56515,12,2020,-18352.45
903755268686218880,8815,7,11971,1,2020,1728.61
903755268686218880,8815,7,11971,2,2020,1728.61
903755268686218880,8815,7,11971,3,2020,881.34
903755268686218880,8815,7,11971,4,2020,2832.69
903755268686218880,8815,7,11971,5,2020,3422.35
903755268686218880,8815,7,11971,6,2020,4004.94
903755268686218880,8815,7,11971,7,2020,3521.16
903755268686218880,8815,7,11971,8,2020,2974.17
903755268686218880,8815,7,11971,9,2020,2974.17
903755268686218880,8815,7,11971,10,2020,3313.32
903755268686218880,8815,7,11971,11,2020,3313.32
903755268686218880,8815,7,11971,12,2020,4190.12
90399245639765440,6134,2,68801,1,2020,-2865.72
90399245639765440,6134,2,68801,2,2020,52.45
90399245639765440,6134,2,68801,3,2020,8614.86
90399245639765440,6134,2,68801,4,2020,7004.03
90399245639765440,6134,2,68801,5,2020,10185.19
90399245639765440,6134,2,68801,6,2020,11441.48
90399245639765440,6134,2,68801,7,2020,6959.14
90399245639765440,6134,2,68801,8,2020,358.24
90399245639765440,6134,2,68801,9,2020,5727.58
90399245639765440,6134,2,68801,10,2020,2125.68
90399245639765440,6134,2,68801,11,2020,4331.07
90399245639765440,6134,2,68801,12,2020,-126.76
90832062987605392,9367,5,70855,1,2020,-2757.34
90832062987605392,9367,5,70855,2,2020,-3441.81
90832062987605392,9367,5,70855,3,2020,-7100.01
90832062987605392,9367,5,70855,4,2020,-6705.38
90832062987605392,9367,5,70855,5,2020,-7271.55
90832062987605392,9367,5,70855,6,2020,-14376.93
90832062987605392,9367,5,70855,7,2020,-11754.37
90832062987605392,9367,5,70855,8,2020,-10136.36
90832062987605392,9367,5,70855,9,2020,-15840.82
90832062987605392,9367,5,70855,10,2020,-11919.79
90832062987605392,9367,5,70855,11,2020,-15542.48
90832062987605392,9367,5,70855,12,2020,-20850.31
908913142039151872,8299,4,54858,1,2020,1111.55
908913142039151872,8299,4,54858,2,2020,-5762.48
908913142039151872,8299,4,54858,3,2020,-8824.71
908913142039151872,8299,4,54858,4,2020,-6059.69
908913142039151872,8299,4,54858,5,2020,-3906.11
908913142039151872,8299,4,54858,6,2020,-2090.14
908913142039151872,8299,4,54858,7,2020,-2176.74
908913142039151872,8299,4,54858,8,2020,-13208.19
908913142039151872,8299,4,54858,9,2020,-11582.85
908913142039151872,8299,4,54858,10,2020,-8295.6
908913142039151872,8299,4,54858,11,2020,-12000.25
908913142039151872,8299,4,54858,12,2020,-9736.1
909866258011837440,3708,2,61457,1,2020,1682.06
909866258011837440,3708,2,61457,2,2020,-473.45
909866258011837440,3708,2,61457,3,2020,3767.0
909866258011837440,3708,2,61457,4,2020,6775.45
909866258011837440,3708,2,61457,5,2020,6849.88
909866258011837440,3708,2,61457,6,2020,10254.49
909866258011837440,3708,2,61457,7,2020,16129.41
909866258011837440,3708,2,61457,8,2020,18536.06
909866258011837440,3708,2,61457,9,2020,19133.34
909866258011837440,3708,2,61457,10,2020,19845.73
909866258011837440,3708,2,61457,11,2020,23098.6
909866258011837440,3708,2,61457,12,2020,22846.21
910696677498169344,3237,0,34794,1,2020,-3727.78
910696677498169344,3237,0,34794,2,2020,980.72
910696677498169344,3237,0,34794,3,2020,2237.91
910696677498169344,3237,0,34794,4,2020,2617.58
910696677498169344,3237,0,34794,5,2020,10614.28
910696677498169344,3237,0,34794,6,2020,8265.43
910696677498169344,3237,0,34794,7,2020,9135.33
910696677498169344,3237,0,34794,8,2020,2565.62
910696677498169344,3237,0,34794,9,2020,2027.66
910696677498169344,3237,0,34794,10,2020,5119.91
910696677498169344,3237,0,34794,11,2020,2198.66
910696677498169344,3237,0,34794,12,2020,5696.98
91080204794237872,1117,4,58466,1,2020,5633.78
91080204794237872,1117,4,58466,2,2020,9219.56
91080204794237872,1117,4,58466,3,2020,6912.5
91080204794237872,1117,4,58466,4,2020,7086.67
91080204794237872,1117,4,58466,5,2020,7297.66
91080204794237872,1117,4,58466,6,2020,3243.68
91080204794237872,1117,4,58466,7,2020,6588.22
91080204794237872,1117,4,58466,8,2020,13809.64
91080204794237872,1117,4,58466,9,2020,16224.67
91080204794237872,1117,4,58466,10,2020,19586.13
91080204794237872,1117,4,58466,11,2020,16599.22
91080204794237872,1117,4,58466,12,2020,7845.3
911350326467553664,9817,9,32211,1,2020,1787.78
911350326467553664,9817,9,32211,2,2020,6178.11
911350326467553664,9817,9,32211,3,2020,5968.97
911350326467553664,9817,9,32211,4,2020,5968.97
911350326467553664,9817,9,32211,5,2020,2439.16
911350326467553664,9817,9,32211,6,2020,2922.29
911350326467553664,9817,9,32211,7,2020,2333.7
911350326467553664,9817,9,32211,8,2020,444.15
911350326467553664,9817,9,32211,9,2020,-1026.21
911350326467553664,9817,9,32211,10,2020,2386.94
911350326467553664,9817,9,32211,11,2020,3508.46
911350326467553664,9817,9,32211,12,2020,3031.05
913076741260488064,1557,7,68831,1,2020,1402.25
913076741260488064,1557,7,68831,2,2020,-1732.43
913076741260488064,1557,7,68831,3,2020,-2942.0
913076741260488064,1557,7,68831,4,2020,-1068.98
913076741260488064,1557,7,68831,5,2020,453.39
913076741260488064,1557,7,68831,6,2020,266.43
913076741260488064,1557,7,68831,7,2020,4435.84
913076741260488064,1557,7,68831,8,2020,2168.67
913076741260488064,1557,7,68831,9,2020,6325.29
913076741260488064,1557,7,68831,10,2020,2415.82
913076741260488064,1557,7,68831,11,2020,5523.17
913076741260488064,1557,7,68831,12,2020,300.52
913347390020568064,7597,8,69090,1,2020,-1990.45
913347390020568064,7597,8,69090,2,2020,1421.94
913347390020568064,7597,8,69090,3,2020,-0.69
913347390020568064,7597,8,69090,4,2020,-3804.27
913347390020568064,7597,8,69090,5,2020,-5417.81
913347390020568064,7597,8,69090,6,2020,-6245.89
913347390020568064,7597,8,69090,7,2020,-12325.52
913347390020568064,7597,8,69090,8,2020,-8605.71
913347390020568064,7597,8,69090,9,2020,-4027.34
913347390020568064,7597,8,69090,10,2020,-10650.32
913347390020568064,7597,8,69090,11,2020,-13485.45
913347390020568064,7597,8,69090,12,2020,-8010.97
913427262172958464,791,5,46376,1,2020,11013.53
913427262172958464,791,5,46376,2,2020,5893.7
913427262172958464,791,5,46376,3,2020,3725.57
913427262172958464,791,5,46376,4,2020,-2820.09
913427262172958464,791,5,46376,5,2020,-7831.82
913427262172958464,791,5,46376,6,2020,-10297.17
913427262172958464,791,5,46376,7,2020,-12058.11
913427262172958464,791,5,46376,8,2020,-10731.88
913427262172958464,791,5,46376,9,2020,-17387.06
913427262172958464,791,5,46376,10,2020,-26441.45
913427262172958464,791,5,46376,11,2020,-25592.11
913427262172958464,791,5,46376,12,2020,-19836.66
914067709272806784,3301,9,4451,1,2020,-1114.2
914067709272806784,3301,9,4451,2,2020,2139.28
914067709272806784,3301,9,4451,3,2020,6097.28
914067709272806784,3301,9,4451,4,2020,7534.07
914067709272806784,3301,9,4451,5,2020,-794.04
914067709272806784,3301,9,4451,6,2020,3435.27
914067709272806784,3301,9,4451,7,2020,6501.21
914067709272806784,3301,9,4451,8,2020,8070.31
914067709272806784,3301,9,4451,9,2020,9927.82
914067709272806784,3301,9,4451,10,2020,7485.25
914067709272806784,3301,9,4451,11,2020,10428.3
914067709272806784,3301,9,4451,12,2020,10285.51
914271599541594496,6799,6,30394,1,2020,279.94
914271599541594496,6799,6,30394,2,2020,-2642.31
914271599541594496,6799,6,30394,3,2020,-1902.53
914271599541594496,6799,6,30394,4,2020,4662.49
914271599541594496,6799,6,30394,5,2020,5001.0
914271599541594496,6799,6,30394,6,2020,4361.97
914271599541594496,6799,6,30394,7,2020,3309.36
914271599541594496,6799,6,30394,8,2020,5581.06
914271599541594496,6799,6,30394,9,2020,11082.24
914271599541594496,6799,6,30394,10,2020,10921.83
914271599541594496,6799,6,30394,11,2020,13600.58
914271599541594496,6799,6,30394,12,2020,13497.33
91451543311096832,2628,0,71280,1,2020,-8112.94
91451543311096832,2628,0,71280,2,2020,-1323.59
91451543311096832,2628,0,71280,3,2020,-1155.27
91451543311096832,2628,0,71280,4,2020,742.57
91451543311096832,2628,0,71280,5,2020,-4014.37
91451543311096832,2628,0,71280,6,2020,-3735.73
91451543311096832,2628,0,71280,7,2020,-2679.39
91451543311096832,2628,0,71280,8,2020,-4631.68
91451543311096832,2628,0,71280,9,2020,-7771.14
91451543311096832,2628,0,71280,10,2020,-10835.57
91451543311096832,2628,0,71280,11,2020,-12.54
91451543311096832,2628,0,71280,12,2020,443.24
914639867870986368,501,8,75372,1,2020,-1268.21
914639867870986368,501,8,75372,2,2020,-1635.55
914639867870986368,501,8,75372,3,2020,-2418.83
914639867870986368,501,8,75372,4,2020,-2418.83
914639867870986368,501,8,75372,5,2020,-1841.26
914639867870986368,501,8,75372,6,2020,-1841.26
914639867870986368,501,8,75372,7,2020,-1902.47
914639867870986368,501,8,75372,8,2020,-1902.47
914639867870986368,501,8,75372,9,2020,-861.3
914639867870986368,501,8,75372,10,2020,-861.3
914639867870986368,501,8,75372,11,2020,-861.3
914639867870986368,501,8,75372,12,2020,-2649.47
916262384882582656,7083,4,81642,1,2020,-2406.51
916262384882582656,7083,4,81642,2,2020,1688.94
916262384882582656,7083,4,81642,3,2020,553.91
916262384882582656,7083,4,81642,4,2020,-2560.38
916262384882582656,7083,4,81642,5,2020,-4339.97
916262384882582656,7083,4,81642,6,2020,-3893.66
916262384882582656,7083,4,81642,7,2020,-258.71
916262384882582656,7083,4,81642,8,2020,3063.56
916262384882582656,7083,4,81642,9,2020,-4710.31
916262384882582656,7083,4,81642,10,2020,-8157.58
916262384882582656,7083,4,81642,11,2020,-13592.96
916262384882582656,7083,4,81642,12,2020,-15106.18
916533140141049088,5299,5,12608,1,2020,-1152.62
916533140141049088,5299,5,12608,2,2020,5321.29
916533140141049088,5299,5,12608,3,2020,3858.41
916533140141049088,5299,5,12608,4,2020,3150.61
916533140141049088,5299,5,12608,5,2020,5336.68
916533140141049088,5299,5,12608,6,2020,7955.55
916533140141049088,5299,5,12608,7,2020,8522.33
916533140141049088,5299,5,12608,8,2020,9741.54
916533140141049088,5299,5,12608,9,2020,7838.1
916533140141049088,5299,5,12608,10,2020,8720.84
916533140141049088,5299,5,12608,11,2020,7954.85
916533140141049088,5299,5,12608,12,2020,6233.81
