2969674447809961,363,1,24069,4,2020,4763.97
2969674447809961,363,1,24069,5,2020,-850.49
2969674447809961,363,1,24069,6,2020,-6310.19
2969674447809961,363,1,24069,7,2020,-5160.48
2969674447809961,363,1,24069,8,2020,-4924.42
2969674447809961,363,1,24069,9,2020,-5125.72
2969674447809961,363,1,24069,10,2020,1475.6
2969674447809961,363,1,24069,11,2020,-449.96
2969674447809961,363,1,24069,12,2020,886.27
2970688064066182656,2806,7,40380,1,2020,-3308.34
2970688064066182656,2806,7,40380,2,2020,1778.12
2970688064066182656,2806,7,40380,3,2020,7732.05
2970688064066182656,2806,7,40380,4,2020,5577.96
2970688064066182656,2806,7,40380,5,2020,1277.38
2970688064066182656,2806,7,40380,6,2020,-3171.91
2970688064066182656,2806,7,40380,7,2020,-5875.48
2970688064066182656,2806,7,40380,8,2020,-11875.98
2970688064066182656,2806,7,40380,9,2020,-13100.15
2970688064066182656,2806,7,40380,10,2020,-8268.14
2970688064066182656,2806,7,40380,11,2020,-10952.89
2970688064066182656,2806,7,40380,12,2020,2788.08
2970695966042196992,4172,5,75386,1,2020,0.0
2970695966042196992,4172,5,75386,2,2020,-609.49
2970695966042196992,4172,5,75386,3,2020,1677.11
2970695966042196992,4172,5,75386,4,2020,1677.11
2970695966042196992,4172,5,75386,5,2020,2219.38
2970695966042196992,4172,5,75386,6,2020,4092.64
2970695966042196992,4172,5,75386,7,2020,4092.64
2970695966042196992,4172,5,75386,8,2020,4461.75
2970695966042196992,4172,5,75386,9,2020,4461.75
2970695966042196992,4172,5,75386,10,2020,3969.68
2970695966042196992,4172,5,75386,11,2020,4442.72
2970695966042196992,4172,5,75386,12,2020,4442.72
2971546107121325568,4958,0,71443,1,2020,3021.77
2971546107121325568,4958,0,71443,2,2020,2358.66
2971546107121325568,4958,0,71443,3,2020,822.03
2971546107121325568,4958,0,71443,4,2020,2580.05
2971546107121325568,4958,0,71443,5,2020,6049.09
2971546107121325568,4958,0,71443,6,2020,-5364.87
2971546107121325568,4958,0,71443,7,2020,-6636.75
2971546107121325568,4958,0,71443,8,2020,-13030.29
2971546107121325568,4958,0,71443,9,2020,-10701.21
2971546107121325568,4958,0,71443,10,2020,-10696.88
2971546107121325568,4958,0,71443,11,2020,-14254.26
2971546107121325568,4958,0,71443,12,2020,-17336.91
2976181457961640448,2417,6,14986,1,2020,1276.33
2976181457961640448,2417,6,14986,2,2020,1586.95
2976181457961640448,2417,6,14986,3,2020,6062.7
2976181457961640448,2417,6,14986,4,2020,4354.76
2976181457961640448,2417,6,14986,5,2020,3540.82
2976181457961640448,2417,6,14986,6,2020,3997.94
2976181457961640448,2417,6,14986,7,2020,4547.93
2976181457961640448,2417,6,14986,8,2020,5216.99
2976181457961640448,2417,6,14986,9,2020,6421.2
2976181457961640448,2417,6,14986,10,2020,455.79
2976181457961640448,2417,6,14986,11,2020,656.72
2976181457961640448,2417,6,14986,12,2020,2422.4
2976280670278968320,4899,9,76264,1,2020,3070.85
2976280670278968320,4899,9,76264,2,2020,-98.11
2976280670278968320,4899,9,76264,3,2020,-2924.21
2976280670278968320,4899,9,76264,4,2020,-1504.79
2976280670278968320,4899,9,76264,5,2020,-2965.71
2976280670278968320,4899,9,76264,6,2020,-7364.73
2976280670278968320,4899,9,76264,7,2020,-7377.25
2976280670278968320,4899,9,76264,8,2020,-3934.52
2976280670278968320,4899,9,76264,9,2020,-8885.38
2976280670278968320,4899,9,76264,10,2020,-11518.72
2976280670278968320,4899,9,76264,11,2020,-11198.19
2976280670278968320,4899,9,76264,12,2020,-11903.98
2976364869602783232,487,4,32749,1,2020,-5710.72
2976364869602783232,487,4,32749,2,2020,-6427.94
2976364869602783232,487,4,32749,3,2020,-4316.54
2976364869602783232,487,4,32749,4,2020,4461.09
2976364869602783232,487,4,32749,5,2020,1399.74
2976364869602783232,487,4,32749,6,2020,5988.88
2976364869602783232,487,4,32749,7,2020,9572.81
2976364869602783232,487,4,32749,8,2020,9558.68
2976364869602783232,487,4,32749,9,2020,4883.24
2976364869602783232,487,4,32749,10,2020,3527.58
2976364869602783232,487,4,32749,11,2020,-154.84
2976364869602783232,487,4,32749,12,2020,716.55
2977519790025158656,2911,7,39936,1,2020,5873.09
2977519790025158656,2911,7,39936,2,2020,11481.26
2977519790025158656,2911,7,39936,3,2020,10677.85
2977519790025158656,2911,7,39936,4,2020,12937.91
2977519790025158656,2911,7,39936,5,2020,9206.4
2977519790025158656,2911,7,39936,6,2020,5467.41
2977519790025158656,2911,7,39936,7,2020,8222.47
2977519790025158656,2911,7,39936,8,2020,11478.33
2977519790025158656,2911,7,39936,9,2020,15541.33
2977519790025158656,2911,7,39936,10,2020,13729.98
2977519790025158656,2911,7,39936,11,2020,12330.52
2977519790025158656,2911,7,39936,12,2020,15046.11
2978446283380732416,2692,8,30134,1,2020,-5542.36
2978446283380732416,2692,8,30134,2,2020,-7866.02
2978446283380732416,2692,8,30134,3,2020,-6773.03
2978446283380732416,2692,8,30134,4,2020,-6953.94
2978446283380732416,2692,8,30134,5,2020,-17715.96
2978446283380732416,2692,8,30134,6,2020,-15816.93
2978446283380732416,2692,8,30134,7,2020,-5316.91
2978446283380732416,2692,8,30134,8,2020,-17427.9
2978446283380732416,2692,8,30134,9,2020,-14763.03
2978446283380732416,2692,8,30134,10,2020,-15065.33
2978446283380732416,2692,8,30134,11,2020,-22607.59
2978446283380732416,2692,8,30134,12,2020,-24818.71
2978478050201703424,2745,1,18216,1,2020,-1991.92
2978478050201703424,2745,1,18216,2,2020,-2341.89
2978478050201703424,2745,1,18216,3,2020,-3324.2
2978478050201703424,2745,1,18216,4,2020,-435.05
2978478050201703424,2745,1,18216,5,2020,-300.01
2978478050201703424,2745,1,18216,6,2020,2387.36
2978478050201703424,2745,1,18216,7,2020,5052.61
2978478050201703424,2745,1,18216,8,2020,6525.37
2978478050201703424,2745,1,18216,9,2020,8945.54
2978478050201703424,2745,1,18216,10,2020,7994.93
2978478050201703424,2745,1,18216,11,2020,7044.4
2978478050201703424,2745,1,18216,12,2020,8581.03
297869603965745408,7894,6,2690,1,2020,-1676.86
297869603965745408,7894,6,2690,2,2020,-923.43
297869603965745408,7894,6,2690,3,2020,-8523.13
297869603965745408,7894,6,2690,4,2020,-12499.41
297869603965745408,7894,6,2690,5,2020,-9141.44
297869603965745408,7894,6,2690,6,2020,-8517.45
297869603965745408,7894,6,2690,7,2020,-6428.58
297869603965745408,7894,6,2690,8,2020,-4431.46
297869603965745408,7894,6,2690,9,2020,-3207.92
297869603965745408,7894,6,2690,10,2020,-4423.1
297869603965745408,7894,6,2690,11,2020,-4403.76
297869603965745408,7894,6,2690,12,2020,-8908.8
2978947492045198848,9682,7,58111,1,2020,-450.48
2978947492045198848,9682,7,58111,2,2020,-1628.93
2978947492045198848,9682,7,58111,3,2020,-3555.35
2978947492045198848,9682,7,58111,4,2020,1499.62
2978947492045198848,9682,7,58111,5,2020,-2859.29
2978947492045198848,9682,7,58111,6,2020,-10818.41
2978947492045198848,9682,7,58111,7,2020,-10694.16
2978947492045198848,9682,7,58111,8,2020,-9042.89
2978947492045198848,9682,7,58111,9,2020,-7049.02
2978947492045198848,9682,7,58111,10,2020,-8265.72
2978947492045198848,9682,7,58111,11,2020,-8101.67
2978947492045198848,9682,7,58111,12,2020,-6936.9
2979237365562676224,486,5,71756,1,2020,-5083.0
2979237365562676224,486,5,71756,2,2020,-2214.71
2979237365562676224,486,5,71756,3,2020,-2417.67
2979237365562676224,486,5,71756,4,2020,2236.68
2979237365562676224,486,5,71756,5,2020,-1271.0
2979237365562676224,486,5,71756,6,2020,378.78
2979237365562676224,486,5,71756,7,2020,3419.33
2979237365562676224,486,5,71756,8,2020,1944.18
2979237365562676224,486,5,71756,9,2020,274.15
2979237365562676224,486,5,71756,10,2020,-6411.58
2979237365562676224,486,5,71756,11,2020,-7085.73
2979237365562676224,486,5,71756,12,2020,-6930.25
297961530275182272,9582,2,61338,1,2020,-1405.5
297961530275182272,9582,2,61338,2,2020,2528.57
297961530275182272,9582,2,61338,3,2020,4366.65
297961530275182272,9582,2,61338,4,2020,3507.12
297961530275182272,9582,2,61338,5,2020,5101.09
297961530275182272,9582,2,61338,6,2020,5584.04
297961530275182272,9582,2,61338,7,2020,7579.5
297961530275182272,9582,2,61338,8,2020,11831.49
297961530275182272,9582,2,61338,9,2020,15116.76
297961530275182272,9582,2,61338,10,2020,15116.5
297961530275182272,9582,2,61338,11,2020,15976.58
297961530275182272,9582,2,61338,12,2020,16650.78
2979735802076084736,6608,0,54001,1,2020,989.46
2979735802076084736,6608,0,54001,2,2020,1104.29
2979735802076084736,6608,0,54001,3,2020,-68.28
2979735802076084736,6608,0,54001,4,2020,-160.01
2979735802076084736,6608,0,54001,5,2020,808.54
2979735802076084736,6608,0,54001,6,2020,3127.34
2979735802076084736,6608,0,54001,7,2020,2772.65
2979735802076084736,6608,0,54001,8,2020,3165.0
2979735802076084736,6608,0,54001,9,2020,2263.59
2979735802076084736,6608,0,54001,10,2020,4271.92
2979735802076084736,6608,0,54001,11,2020,6087.92
2979735802076084736,6608,0,54001,12,2020,6087.92
2980524244762993152,2679,1,78592,1,2020,881.77
2980524244762993152,2679,1,78592,2,2020,1063.03
2980524244762993152,2679,1,78592,3,2020,1457.22
2980524244762993152,2679,1,78592,4,2020,894.61
2980524244762993152,2679,1,78592,5,2020,-5903.86
2980524244762993152,2679,1,78592,6,2020,-3825.43
2980524244762993152,2679,1,78592,7,2020,-1521.7
2980524244762993152,2679,1,78592,8,2020,-3172.9
2980524244762993152,2679,1,78592,9,2020,-2190.64
2980524244762993152,2679,1,78592,10,2020,-8387.63
2980524244762993152,2679,1,78592,11,2020,-6971.6
2980524244762993152,2679,1,78592,12,2020,-3582.97
2981290475652246528,656,6,50517,1,2020,-4227.27
2981290475652246528,656,6,50517,2,2020,-4968.31
2981290475652246528,656,6,50517,3,2020,-3982.2
2981290475652246528,656,6,50517,4,2020,-1703.89
2981290475652246528,656,6,50517,5,2020,4309.66
2981290475652246528,656,6,50517,6,2020,5891.06
2981290475652246528,656,6,50517,7,2020,1702.5
2981290475652246528,656,6,50517,8,2020,6441.92
2981290475652246528,656,6,50517,9,2020,9333.56
2981290475652246528,656,6,50517,10,2020,13309.26
2981290475652246528,656,6,50517,11,2020,8820.13
2981290475652246528,656,6,50517,12,2020,-1479.74
298398631645732800,3339,1,86459,1,2020,-2164.08
298398631645732800,3339,1,86459,2,2020,6325.54
298398631645732800,3339,1,86459,3,2020,7502.88
298398631645732800,3339,1,86459,4,2020,5776.76
298398631645732800,3339,1,86459,5,2020,6397.9
298398631645732800,3339,1,86459,6,2020,7304.89
298398631645732800,3339,1,86459,7,2020,5737.44
298398631645732800,3339,1,86459,8,2020,12145.53
298398631645732800,3339,1,86459,9,2020,12574.31
298398631645732800,3339,1,86459,10,2020,22033.14
298398631645732800,3339,1,86459,11,2020,18236.21
298398631645732800,3339,1,86459,12,2020,19259.45
298412662426283392,3769,0,42702,1,2020,-14691.29
298412662426283392,3769,0,42702,2,2020,-15773.02
298412662426283392,3769,0,42702,3,2020,-18010.96
298412662426283392,3769,0,42702,4,2020,-16866.5
298412662426283392,3769,0,42702,5,2020,-14411.93
298412662426283392,3769,0,42702,6,2020,-15257.45
298412662426283392,3769,0,42702,7,2020,-11433.67
298412662426283392,3769,0,42702,8,2020,-4838.82
298412662426283392,3769,0,42702,9,2020,-3333.7
298412662426283392,3769,0,42702,10,2020,-2207.64
298412662426283392,3769,0,42702,11,2020,-7040.0
298412662426283392,3769,0,42702,12,2020,-5355.31
2985080186464538112,2150,3,29519,1,2020,-1851.81
2985080186464538112,2150,3,29519,2,2020,-1533.8
2985080186464538112,2150,3,29519,3,2020,-520.81
2985080186464538112,2150,3,29519,4,2020,-2063.0
2985080186464538112,2150,3,29519,5,2020,-4062.11
2985080186464538112,2150,3,29519,6,2020,1070.21
2985080186464538112,2150,3,29519,7,2020,-6197.34
2985080186464538112,2150,3,29519,8,2020,-4818.74
2985080186464538112,2150,3,29519,9,2020,-1221.59
2985080186464538112,2150,3,29519,10,2020,-2277.02
2985080186464538112,2150,3,29519,11,2020,-6122.9
2985080186464538112,2150,3,29519,12,2020,-11602.77
2986604095275190272,5338,5,9217,1,2020,-3102.7
2986604095275190272,5338,5,9217,2,2020,-4122.42
2986604095275190272,5338,5,9217,3,2020,-3301.01
2986604095275190272,5338,5,9217,4,2020,-6466.54
2986604095275190272,5338,5,9217,5,2020,-4822.37
2986604095275190272,5338,5,9217,6,2020,-4822.37
2986604095275190272,5338,5,9217,7,2020,-4822.37
2986604095275190272,5338,5,9217,8,2020,-3873.62
2986604095275190272,5338,5,9217,9,2020,-1081.85
2986604095275190272,5338,5,9217,10,2020,-1114.36
