3000543949997982720,6533,8,76079,1,2020,96.09
3000543949997982720,6533,8,76079,2,2020,5817.35
3000543949997982720,6533,8,76079,3,2020,10628.04
3000543949997982720,6533,8,76079,4,2020,8292.29
3000543949997982720,6533,8,76079,5,2020,10900.26
3000543949997982720,6533,8,76079,6,2020,8543.26
3000543949997982720,6533,8,76079,7,2020,11784.25
3000543949997982720,6533,8,76079,8,2020,16261.59
3000543949997982720,6533,8,76079,9,2020,19269.05
3000543949997982720,6533,8,76079,10,2020,22947.52
3000543949997982720,6533,8,76079,11,2020,23552.46
3000543949997982720,6533,8,76079,12,2020,22788.75
3001360180456740864,1873,6,32230,1,2020,-1822.84
3001360180456740864,1873,6,32230,2,2020,-5586.48
3001360180456740864,1873,6,32230,3,2020,-5698.88
3001360180456740864,1873,6,32230,4,2020,-10916.34
3001360180456740864,1873,6,32230,5,2020,-10971.06
3001360180456740864,1873,6,32230,6,2020,-8124.06
3001360180456740864,1873,6,32230,7,2020,-8883.93
3001360180456740864,1873,6,32230,8,2020,-12945.59
3001360180456740864,1873,6,32230,9,2020,-19480.42
3001360180456740864,1873,6,32230,10,2020,-12862.97
3001360180456740864,1873,6,32230,11,2020,-12475.17
3001360180456740864,1873,6,32230,12,2020,-11916.0
3002876649871707648,1671,4,74161,1,2020,3663.96
3002876649871707648,1671,4,74161,2,2020,3931.32
3002876649871707648,1671,4,74161,3,2020,7936.34
3002876649871707648,1671,4,74161,4,2020,9838.37
3002876649871707648,1671,4,74161,5,2020,3834.41
3002876649871707648,1671,4,74161,6,2020,4535.33
3002876649871707648,1671,4,74161,7,2020,8668.29
3002876649871707648,1671,4,74161,8,2020,16016.4
3002876649871707648,1671,4,74161,9,2020,10865.17
3002876649871707648,1671,4,74161,10,2020,3149.72
3002876649871707648,1671,4,74161,11,2020,7994.52
3002876649871707648,1671,4,74161,12,2020,8905.78
3004230401956217344,1355,6,40739,1,2020,5163.39
3004230401956217344,1355,6,40739,2,2020,9537.38
3004230401956217344,1355,6,40739,3,2020,8547.42
3004230401956217344,1355,6,40739,4,2020,16090.73
3004230401956217344,1355,6,40739,5,2020,18275.84
3004230401956217344,1355,6,40739,6,2020,18696.63
3004230401956217344,1355,6,40739,7,2020,21511.68
3004230401956217344,1355,6,40739,8,2020,25449.68
3004230401956217344,1355,6,40739,9,2020,26564.01
3004230401956217344,1355,6,40739,10,2020,28899.25
3004230401956217344,1355,6,40739,11,2020,33046.35
3004230401956217344,1355,6,40739,12,2020,38422.75
3005027617484353024,2026,6,83171,1,2020,2883.03
3005027617484353024,2026,6,83171,2,2020,8915.59
3005027617484353024,2026,6,83171,3,2020,4352.35
3005027617484353024,2026,6,83171,4,2020,8284.05
3005027617484353024,2026,6,83171,5,2020,12982.66
3005027617484353024,2026,6,83171,6,2020,7464.12
3005027617484353024,2026,6,83171,7,2020,6257.83
3005027617484353024,2026,6,83171,8,2020,11074.32
3005027617484353024,2026,6,83171,9,2020,8960.46
3005027617484353024,2026,6,83171,10,2020,8459.15
3005027617484353024,2026,6,83171,11,2020,2678.01
3005027617484353024,2026,6,83171,12,2020,11076.8
3005705656341198336,1375,1,74713,1,2020,3751.51
3005705656341198336,1375,1,74713,2,2020,6192.76
3005705656341198336,1375,1,74713,3,2020,2023.68
3005705656341198336,1375,1,74713,4,2020,4375.88
3005705656341198336,1375,1,74713,5,2020,2750.96
3005705656341198336,1375,1,74713,6,2020,2379.2
3005705656341198336,1375,1,74713,7,2020,1491.6
3005705656341198336,1375,1,74713,8,2020,626.54
3005705656341198336,1375,1,74713,9,2020,-4194.79
3005705656341198336,1375,1,74713,10,2020,-12906.3
3005705656341198336,1375,1,74713,11,2020,-15448.02
3005705656341198336,1375,1,74713,12,2020,-22811.94
3006669265975399424,783,3,24829,1,2020,-9825.3
3006669265975399424,783,3,24829,2,2020,-15029.19
3006669265975399424,783,3,24829,3,2020,-3202.29
3006669265975399424,783,3,24829,4,2020,-286.67
3006669265975399424,783,3,24829,5,2020,-8942.57
3006669265975399424,783,3,24829,6,2020,-10434.41
3006669265975399424,783,3,24829,7,2020,-15543.69
3006669265975399424,783,3,24829,8,2020,-14072.63
3006669265975399424,783,3,24829,9,2020,-20794.12
3006669265975399424,783,3,24829,10,2020,-14440.53
3006669265975399424,783,3,24829,11,2020,-12137.54
3006669265975399424,783,3,24829,12,2020,-12341.93
300684444494252992,2025,2,85041,1,2020,2741.97
300684444494252992,2025,2,85041,2,2020,-3005.34
300684444494252992,2025,2,85041,3,2020,-8456.01
300684444494252992,2025,2,85041,4,2020,-2527.2
300684444494252992,2025,2,85041,5,2020,-7492.66
300684444494252992,2025,2,85041,6,2020,-1400.09
300684444494252992,2025,2,85041,7,2020,596.87
300684444494252992,2025,2,85041,8,2020,1163.15
300684444494252992,2025,2,85041,9,2020,-512.14
300684444494252992,2025,2,85041,10,2020,-169.8
300684444494252992,2025,2,85041,11,2020,1840.03
300684444494252992,2025,2,85041,12,2020,4291.21
3007115403857295872,4024,8,74136,1,2020,1431.34
3007115403857295872,4024,8,74136,2,2020,-2015.86
3007115403857295872,4024,8,74136,3,2020,-6796.49
3007115403857295872,4024,8,74136,4,2020,-3774.65
3007115403857295872,4024,8,74136,5,2020,-1165.62
3007115403857295872,4024,8,74136,6,2020,496.6
3007115403857295872,4024,8,74136,7,2020,201.77
3007115403857295872,4024,8,74136,8,2020,6425.32
3007115403857295872,4024,8,74136,9,2020,8964.63
3007115403857295872,4024,8,74136,10,2020,11603.84
3007115403857295872,4024,8,74136,11,2020,5773.32
3007115403857295872,4024,8,74136,12,2020,4433.43
300730991551359040,3395,5,1646,1,2020,0.0
300730991551359040,3395,5,1646,2,2020,0.0
300730991551359040,3395,5,1646,3,2020,0.0
300730991551359040,3395,5,1646,4,2020,-672.45
300730991551359040,3395,5,1646,5,2020,-672.45
300730991551359040,3395,5,1646,6,2020,-391.91
300730991551359040,3395,5,1646,7,2020,-2391.44
300730991551359040,3395,5,1646,8,2020,-2391.44
300730991551359040,3395,5,1646,9,2020,-2391.44
300730991551359040,3395,5,1646,10,2020,-4342.33
300730991551359040,3395,5,1646,11,2020,-4342.33
300730991551359040,3395,5,1646,12,2020,-4342.33
3008186621003663360,7861,6,48666,1,2020,-3134.43
3008186621003663360,7861,6,48666,2,2020,728.64
3008186621003663360,7861,6,48666,3,2020,-1512.55
3008186621003663360,7861,6,48666,4,2020,-812.22
3008186621003663360,7861,6,48666,5,2020,-855.82
3008186621003663360,7861,6,48666,6,2020,-804.49
3008186621003663360,7861,6,48666,7,2020,4397.75
3008186621003663360,7861,6,48666,8,2020,1647.05
3008186621003663360,7861,6,48666,9,2020,3858.41
3008186621003663360,7861,6,48666,10,2020,5464.85
3008186621003663360,7861,6,48666,11,2020,5249.69
3008186621003663360,7861,6,48666,12,2020,2123.82
3008631948485303808,8940,7,51908,1,2020,-4121.64
3008631948485303808,8940,7,51908,2,2020,-2692.07
3008631948485303808,8940,7,51908,3,2020,-3930.47
3008631948485303808,8940,7,51908,4,2020,-2625.15
3008631948485303808,8940,7,51908,5,2020,-7338.72
3008631948485303808,8940,7,51908,6,2020,-3488.95
3008631948485303808,8940,7,51908,7,2020,-3553.52
3008631948485303808,8940,7,51908,8,2020,-2386.73
3008631948485303808,8940,7,51908,9,2020,-2157.53
3008631948485303808,8940,7,51908,10,2020,-3686.66
3008631948485303808,8940,7,51908,11,2020,2681.2
3008631948485303808,8940,7,51908,12,2020,-4143.23
3009167590130823168,1500,9,27691,1,2020,3759.86
3009167590130823168,1500,9,27691,2,2020,8871.59
3009167590130823168,1500,9,27691,3,2020,14066.37
3009167590130823168,1500,9,27691,4,2020,17172.0
3009167590130823168,1500,9,27691,5,2020,21152.58
3009167590130823168,1500,9,27691,6,2020,28525.09
3009167590130823168,1500,9,27691,7,2020,31302.5
3009167590130823168,1500,9,27691,8,2020,42853.51
3009167590130823168,1500,9,27691,9,2020,45011.5
3009167590130823168,1500,9,27691,10,2020,42733.5
3009167590130823168,1500,9,27691,11,2020,39694.59
3009167590130823168,1500,9,27691,12,2020,34612.96
3009715686013257728,2159,2,60096,1,2020,2450.31
3009715686013257728,2159,2,60096,2,2020,3713.69
3009715686013257728,2159,2,60096,3,2020,10709.98
3009715686013257728,2159,2,60096,4,2020,14665.08
3009715686013257728,2159,2,60096,5,2020,20900.45
3009715686013257728,2159,2,60096,6,2020,29524.3
3009715686013257728,2159,2,60096,7,2020,29831.52
3009715686013257728,2159,2,60096,8,2020,25127.2
3009715686013257728,2159,2,60096,9,2020,27912.9
3009715686013257728,2159,2,60096,10,2020,28250.66
3009715686013257728,2159,2,60096,11,2020,29787.88
3009715686013257728,2159,2,60096,12,2020,34179.41
3009928338625022464,6793,2,98996,1,2020,0.0
3009928338625022464,6793,2,98996,2,2020,0.0
3009928338625022464,6793,2,98996,3,2020,-779.93
3009928338625022464,6793,2,98996,4,2020,-779.93
3009928338625022464,6793,2,98996,5,2020,-779.93
3009928338625022464,6793,2,98996,6,2020,362.65
3009928338625022464,6793,2,98996,7,2020,1587.28
3009928338625022464,6793,2,98996,8,2020,1587.28
3009928338625022464,6793,2,98996,9,2020,1587.28
3009928338625022464,6793,2,98996,10,2020,1587.28
3009928338625022464,6793,2,98996,11,2020,1587.28
3009928338625022464,6793,2,98996,12,2020,1587.28
3010095908641057792,9256,4,85825,1,2020,-276.93
3010095908641057792,9256,4,85825,2,2020,9422.35
3010095908641057792,9256,4,85825,3,2020,5043.69
3010095908641057792,9256,4,85825,4,2020,4397.97
3010095908641057792,9256,4,85825,5,2020,12760.79
3010095908641057792,9256,4,85825,6,2020,1736.38
3010095908641057792,9256,4,85825,7,2020,-9671.36
3010095908641057792,9256,4,85825,8,2020,-8475.45
3010095908641057792,9256,4,85825,9,2020,-13829.4
3010095908641057792,9256,4,85825,10,2020,-13511.61
3010095908641057792,9256,4,85825,11,2020,-14230.93
3010095908641057792,9256,4,85825,12,2020,-7657.92
3010775489885322240,9699,6,82049,1,2020,0.0
3010775489885322240,9699,6,82049,2,2020,-1416.77
3010775489885322240,9699,6,82049,3,2020,-1416.77
3010775489885322240,9699,6,82049,4,2020,-1416.77
3010775489885322240,9699,6,82049,5,2020,-2758.05
3010775489885322240,9699,6,82049,6,2020,-2758.05
3010775489885322240,9699,6,82049,7,2020,-2758.05
3010775489885322240,9699,6,82049,8,2020,-2758.05
3010775489885322240,9699,6,82049,9,2020,-2758.05
3010775489885322240,9699,6,82049,10,2020,-4735.16
3010775489885322240,9699,6,82049,11,2020,-4735.16
3010775489885322240,9699,6,82049,12,2020,-4913.93
3012450866514947072,9373,0,46937,1,2020,5857.7
3012450866514947072,9373,0,46937,2,2020,1076.35
3012450866514947072,9373,0,46937,3,2020,5084.06
3012450866514947072,9373,0,46937,4,2020,10500.17
3012450866514947072,9373,0,46937,5,2020,243.93
3012450866514947072,9373,0,46937,6,2020,-726.63
3012450866514947072,9373,0,46937,7,2020,-2364.67
3012450866514947072,9373,0,46937,8,2020,-634.21
3012450866514947072,9373,0,46937,9,2020,-2163.2
3012450866514947072,9373,0,46937,10,2020,6000.31
3012450866514947072,9373,0,46937,11,2020,8089.41
3012450866514947072,9373,0,46937,12,2020,15529.38
3013344277611646464,4549,3,40993,1,2020,1208.84
3013344277611646464,4549,3,40993,2,2020,1937.38
3013344277611646464,4549,3,40993,3,2020,815.05
3013344277611646464,4549,3,40993,4,2020,-1984.11
3013344277611646464,4549,3,40993,5,2020,-1424.16
3013344277611646464,4549,3,40993,6,2020,-2842.98
3013344277611646464,4549,3,40993,7,2020,76.09
3013344277611646464,4549,3,40993,8,2020,2079.78
3013344277611646464,4549,3,40993,9,2020,-5345.1
3013344277611646464,4549,3,40993,10,2020,-6840.8
3013344277611646464,4549,3,40993,11,2020,-2856.67
3013344277611646464,4549,3,40993,12,2020,519.14
3013663196708802560,6495,0,27710,1,2020,3000.33
3013663196708802560,6495,0,27710,2,2020,478.71
3013663196708802560,6495,0,27710,3,2020,2874.02
3013663196708802560,6495,0,27710,4,2020,4725.49
3013663196708802560,6495,0,27710,5,2020,4527.16
3013663196708802560,6495,0,27710,6,2020,2248.34
3013663196708802560,6495,0,27710,7,2020,6911.36
3013663196708802560,6495,0,27710,8,2020,12283.93
3013663196708802560,6495,0,27710,9,2020,7134.44
3013663196708802560,6495,0,27710,10,2020,5008.63
3013663196708802560,6495,0,27710,11,2020,2013.02
3013663196708802560,6495,0,27710,12,2020,1219.66
3013687055445286912,6800,8,74762,1,2020,-3045.32
3013687055445286912,6800,8,74762,2,2020,-3771.64
3013687055445286912,6800,8,74762,3,2020,-14978.67
3013687055445286912,6800,8,74762,4,2020,-19869.04
3013687055445286912,6800,8,74762,5,2020,-12385.67
3013687055445286912,6800,8,74762,6,2020,-16165.87
