593779334199381248,3123,3,90753,5,2020,-523.41
593779334199381248,3123,3,90753,6,2020,268.09
593779334199381248,3123,3,90753,7,2020,-4031.54
593779334199381248,3123,3,90753,8,2020,-4987.6
593779334199381248,3123,3,90753,9,2020,-4493.52
593779334199381248,3123,3,90753,10,2020,-3780.4
593779334199381248,3123,3,90753,11,2020,-3368.86
593779334199381248,3123,3,90753,12,2020,-4069.6
595408757200193536,6697,3,70194,1,2020,-4427.06
595408757200193536,6697,3,70194,2,2020,-7697.6
595408757200193536,6697,3,70194,3,2020,-16872.13
595408757200193536,6697,3,70194,4,2020,-20682.84
595408757200193536,6697,3,70194,5,2020,-20025.52
595408757200193536,6697,3,70194,6,2020,-24909.61
595408757200193536,6697,3,70194,7,2020,-25834.2
595408757200193536,6697,3,70194,8,2020,-28957.99
595408757200193536,6697,3,70194,9,2020,-32000.02
595408757200193536,6697,3,70194,10,2020,-30405.56
595408757200193536,6697,3,70194,11,2020,-24355.46
595408757200193536,6697,3,70194,12,2020,-28365.29
595418286364792192,1603,9,89680,1,2020,-327.75
595418286364792192,1603,9,89680,2,2020,1398.16
595418286364792192,1603,9,89680,3,2020,1447.14
595418286364792192,1603,9,89680,4,2020,709.61
595418286364792192,1603,9,89680,5,2020,-2518.74
595418286364792192,1603,9,89680,6,2020,-9032.52
595418286364792192,1603,9,89680,7,2020,-11559.97
595418286364792192,1603,9,89680,8,2020,-10181.86
595418286364792192,1603,9,89680,9,2020,-10699.93
595418286364792192,1603,9,89680,10,2020,-11880.61
595418286364792192,1603,9,89680,11,2020,-11314.75
595418286364792192,1603,9,89680,12,2020,-12876.65
595718332336401280,9078,1,71421,1,2020,2271.24
595718332336401280,9078,1,71421,2,2020,7512.82
595718332336401280,9078,1,71421,3,2020,4120.57
595718332336401280,9078,1,71421,4,2020,11181.01
595718332336401280,9078,1,71421,5,2020,9117.1
595718332336401280,9078,1,71421,6,2020,10545.95
595718332336401280,9078,1,71421,7,2020,9184.72
595718332336401280,9078,1,71421,8,2020,5935.82
595718332336401280,9078,1,71421,9,2020,5221.43
595718332336401280,9078,1,71421,10,2020,4157.22
595718332336401280,9078,1,71421,11,2020,9525.2
595718332336401280,9078,1,71421,12,2020,6743.29
596276252624880768,8443,2,42726,1,2020,-1646.02
596276252624880768,8443,2,42726,2,2020,-4548.67
596276252624880768,8443,2,42726,3,2020,-2149.97
596276252624880768,8443,2,42726,4,2020,-5861.07
596276252624880768,8443,2,42726,5,2020,-7879.49
596276252624880768,8443,2,42726,6,2020,-6042.93
596276252624880768,8443,2,42726,7,2020,-5605.96
596276252624880768,8443,2,42726,8,2020,-2499.96
596276252624880768,8443,2,42726,9,2020,-9934.37
596276252624880768,8443,2,42726,10,2020,-3169.87
596276252624880768,8443,2,42726,11,2020,-10329.01
596276252624880768,8443,2,42726,12,2020,-8710.75
596605660738072832,4767,3,6530,1,2020,-1286.98
596605660738072832,4767,3,6530,2,2020,-5244.16
596605660738072832,4767,3,6530,3,2020,-108.02
596605660738072832,4767,3,6530,4,2020,-633.5
596605660738072832,4767,3,6530,5,2020,-44.51
596605660738072832,4767,3,6530,6,2020,981.42
596605660738072832,4767,3,6530,7,2020,992.37
596605660738072832,4767,3,6530,8,2020,-2180.11
596605660738072832,4767,3,6530,9,2020,-4265.06
596605660738072832,4767,3,6530,10,2020,-206.35
596605660738072832,4767,3,6530,11,2020,1852.9
596605660738072832,4767,3,6530,12,2020,1668.49
597126287610093696,1657,4,42009,1,2020,1352.16
597126287610093696,1657,4,42009,2,2020,1111.62
597126287610093696,1657,4,42009,3,2020,2020.48
597126287610093696,1657,4,42009,4,2020,-1975.29
597126287610093696,1657,4,42009,5,2020,-312.24
597126287610093696,1657,4,42009,6,2020,3867.52
597126287610093696,1657,4,42009,7,2020,1289.18
597126287610093696,1657,4,42009,8,2020,1956.72
597126287610093696,1657,4,42009,9,2020,3221.94
597126287610093696,1657,4,42009,10,2020,5545.9
597126287610093696,1657,4,42009,11,2020,8393.69
597126287610093696,1657,4,42009,12,2020,11142.53
598577066311852800,6186,1,914,1,2020,2736.4
598577066311852800,6186,1,914,2,2020,-624.62
598577066311852800,6186,1,914,3,2020,4825.7
598577066311852800,6186,1,914,4,2020,5339.52
598577066311852800,6186,1,914,5,2020,3413.5
598577066311852800,6186,1,914,6,2020,8684.68
598577066311852800,6186,1,914,7,2020,6468.99
598577066311852800,6186,1,914,8,2020,9439.93
598577066311852800,6186,1,914,9,2020,13090.66
598577066311852800,6186,1,914,10,2020,10908.26
598577066311852800,6186,1,914,11,2020,10317.23
598577066311852800,6186,1,914,12,2020,14716.93
598658639376484864,2224,5,47904,1,2020,-6103.01
598658639376484864,2224,5,47904,2,2020,-4391.26
598658639376484864,2224,5,47904,3,2020,-7579.94
598658639376484864,2224,5,47904,4,2020,-9638.39
598658639376484864,2224,5,47904,5,2020,-9715.51
598658639376484864,2224,5,47904,6,2020,-1803.44
598658639376484864,2224,5,47904,7,2020,3291.74
598658639376484864,2224,5,47904,8,2020,6141.6
598658639376484864,2224,5,47904,9,2020,9964.12
598658639376484864,2224,5,47904,10,2020,9079.37
598658639376484864,2224,5,47904,11,2020,9369.68
598658639376484864,2224,5,47904,12,2020,16494.82
599737300903096320,6146,2,67517,1,2020,-2939.43
599737300903096320,6146,2,67517,2,2020,-3481.42
599737300903096320,6146,2,67517,3,2020,-4047.52
599737300903096320,6146,2,67517,4,2020,-2276.66
599737300903096320,6146,2,67517,5,2020,1564.4
599737300903096320,6146,2,67517,6,2020,577.32
599737300903096320,6146,2,67517,7,2020,10388.05
599737300903096320,6146,2,67517,8,2020,7795.68
599737300903096320,6146,2,67517,9,2020,10200.32
599737300903096320,6146,2,67517,10,2020,8813.08
599737300903096320,6146,2,67517,11,2020,6675.56
599737300903096320,6146,2,67517,12,2020,7073.01
600394996590536576,3905,4,56696,1,2020,0.0
600394996590536576,3905,4,56696,2,2020,1505.18
600394996590536576,3905,4,56696,3,2020,-2966.96
600394996590536576,3905,4,56696,4,2020,-434.54
600394996590536576,3905,4,56696,5,2020,1564.2
600394996590536576,3905,4,56696,6,2020,1030.75
600394996590536576,3905,4,56696,7,2020,483.51
600394996590536576,3905,4,56696,8,2020,-2034.84
600394996590536576,3905,4,56696,9,2020,-2606.97
600394996590536576,3905,4,56696,10,2020,-702.4
600394996590536576,3905,4,56696,11,2020,-2374.06
600394996590536576,3905,4,56696,12,2020,-2351.19
600512393467042048,5625,3,62615,1,2020,-3604.23
600512393467042048,5625,3,62615,2,2020,-3061.98
600512393467042048,5625,3,62615,3,2020,-3706.6
600512393467042048,5625,3,62615,4,2020,-7054.12
600512393467042048,5625,3,62615,5,2020,-4314.51
600512393467042048,5625,3,62615,6,2020,-1804.7
600512393467042048,5625,3,62615,7,2020,-5088.89
600512393467042048,5625,3,62615,8,2020,-4891.7
600512393467042048,5625,3,62615,9,2020,-4597.08
600512393467042048,5625,3,62615,10,2020,-657.62
600512393467042048,5625,3,62615,11,2020,1225.88
600512393467042048,5625,3,62615,12,2020,1945.4
60067695162472792,6399,6,15225,1,2020,5485.77
60067695162472792,6399,6,15225,2,2020,6075.96
60067695162472792,6399,6,15225,3,2020,3131.72
60067695162472792,6399,6,15225,4,2020,6997.48
60067695162472792,6399,6,15225,5,2020,10011.24
60067695162472792,6399,6,15225,6,2020,11806.69
60067695162472792,6399,6,15225,7,2020,6816.76
60067695162472792,6399,6,15225,8,2020,7060.69
60067695162472792,6399,6,15225,9,2020,8919.92
60067695162472792,6399,6,15225,10,2020,9441.93
60067695162472792,6399,6,15225,11,2020,11229.8
60067695162472792,6399,6,15225,12,2020,11867.56
601065409569061632,6582,8,99568,1,2020,1846.77
601065409569061632,6582,8,99568,2,2020,1785.91
601065409569061632,6582,8,99568,3,2020,-359.54
601065409569061632,6582,8,99568,4,2020,2002.59
601065409569061632,6582,8,99568,5,2020,401.34
601065409569061632,6582,8,99568,6,2020,-3574.53
601065409569061632,6582,8,99568,7,2020,-2972.14
601065409569061632,6582,8,99568,8,2020,-8046.33
601065409569061632,6582,8,99568,9,2020,-9596.11
601065409569061632,6582,8,99568,10,2020,-7292.01
601065409569061632,6582,8,99568,11,2020,-6978.37
601065409569061632,6582,8,99568,12,2020,-9171.41
601067372211241088,7045,8,40195,1,2020,-305.96
601067372211241088,7045,8,40195,2,2020,-1383.55
601067372211241088,7045,8,40195,3,2020,-10045.5
601067372211241088,7045,8,40195,4,2020,-13578.72
601067372211241088,7045,8,40195,5,2020,-4630.62
601067372211241088,7045,8,40195,6,2020,-9280.02
601067372211241088,7045,8,40195,7,2020,-16716.45
601067372211241088,7045,8,40195,8,2020,-23458.84
601067372211241088,7045,8,40195,9,2020,-26493.01
601067372211241088,7045,8,40195,10,2020,-27933.4
601067372211241088,7045,8,40195,11,2020,-28577.22
601067372211241088,7045,8,40195,12,2020,-27813.36
601200989263904256,2486,4,81644,1,2020,1717.31
601200989263904256,2486,4,81644,2,2020,7942.0
601200989263904256,2486,4,81644,3,2020,4588.77
601200989263904256,2486,4,81644,4,2020,12268.04
601200989263904256,2486,4,81644,5,2020,18563.61
601200989263904256,2486,4,81644,6,2020,13656.07
601200989263904256,2486,4,81644,7,2020,9115.05
601200989263904256,2486,4,81644,8,2020,9943.64
601200989263904256,2486,4,81644,9,2020,22709.9
601200989263904256,2486,4,81644,10,2020,17428.15
601200989263904256,2486,4,81644,11,2020,3911.45
601200989263904256,2486,4,81644,12,2020,-4412.69
601222624846978688,9813,6,77548,1,2020,4707.45
601222624846978688,9813,6,77548,2,2020,3419.2
601222624846978688,9813,6,77548,3,2020,-1219.14
601222624846978688,9813,6,77548,4,2020,-627.01
601222624846978688,9813,6,77548,5,2020,-680.58
601222624846978688,9813,6,77548,6,2020,447.65
601222624846978688,9813,6,77548,7,2020,447.65
601222624846978688,9813,6,77548,8,2020,1033.65
601222624846978688,9813,6,77548,9,2020,2734.85
601222624846978688,9813,6,77548,10,2020,4304.42
601222624846978688,9813,6,77548,11,2020,1839.65
601222624846978688,9813,6,77548,12,2020,578.26
601497201754867072,2009,5,78662,1,2020,-407.55
601497201754867072,2009,5,78662,2,2020,-31.03
601497201754867072,2009,5,78662,3,2020,1685.03
601497201754867072,2009,5,78662,4,2020,5055.73
601497201754867072,2009,5,78662,5,2020,-640.86
601497201754867072,2009,5,78662,6,2020,-5801.26
601497201754867072,2009,5,78662,7,2020,-3917.43
601497201754867072,2009,5,78662,8,2020,-1418.26
601497201754867072,2009,5,78662,9,2020,-5857.66
601497201754867072,2009,5,78662,10,2020,-6777.67
601497201754867072,2009,5,78662,11,2020,-3670.87
601497201754867072,2009,5,78662,12,2020,-2127.93
60316834167041848,4172,6,65412,1,2020,-3354.83
60316834167041848,4172,6,65412,2,2020,-106.47
60316834167041848,4172,6,65412,3,2020,-1865.35
60316834167041848,4172,6,65412,4,2020,-7147.57
60316834167041848,4172,6,65412,5,2020,-2434.43
60316834167041848,4172,6,65412,6,2020,-1664.54
60316834167041848,4172,6,65412,7,2020,-1405.28
60316834167041848,4172,6,65412,8,2020,-837.2
60316834167041848,4172,6,65412,9,2020,-619.1
60316834167041848,4172,6,65412,10,2020,863.62
60316834167041848,4172,6,65412,11,2020,-2462.48
60316834167041848,4172,6,65412,12,2020,1540.92
60396900624082472,8641,0,92570,1,2020,-1315.22
60396900624082472,8641,0,92570,2,2020,-1104.42
60396900624082472,8641,0,92570,3,2020,-5909.17
60396900624082472,8641,0,92570,4,2020,-8319.74
60396900624082472,8641,0,92570,5,2020,-13578.35
60396900624082472,8641,0,92570,6,2020,-22678.07
60396900624082472,8641,0,92570,7,2020,-27694.46
60396900624082472,8641,0,92570,8,2020,-32678.1
60396900624082472,8641,0,92570,9,2020,-34313.82
60396900624082472,8641,0,92570,10,2020,-26664.01
60396900624082472,8641,0,92570,11,2020,-23392.39
60396900624082472,8641,0,92570,12,2020,-25681.92
604726804905773312,6331,5,10904,1,2020,-1648.63
