508472104884324224,2979,9,45808,11,2020,10649.85
508472104884324224,2979,9,45808,12,2020,14681.19
508938127918012736,6800,9,10648,1,2020,2444.85
508938127918012736,6800,9,10648,2,2020,2774.38
508938127918012736,6800,9,10648,3,2020,-9595.38
508938127918012736,6800,9,10648,4,2020,-4038.14
508938127918012736,6800,9,10648,5,2020,-5642.08
508938127918012736,6800,9,10648,6,2020,-582.52
508938127918012736,6800,9,10648,7,2020,887.8
508938127918012736,6800,9,10648,8,2020,-2071.11
508938127918012736,6800,9,10648,9,2020,944.03
508938127918012736,6800,9,10648,10,2020,1139.13
508938127918012736,6800,9,10648,11,2020,-7873.02
508938127918012736,6800,9,10648,12,2020,-10870.13
509281836645315264,7763,9,38218,1,2020,4018.05
509281836645315264,7763,9,38218,2,2020,722.78
509281836645315264,7763,9,38218,3,2020,490.1
509281836645315264,7763,9,38218,4,2020,6713.86
509281836645315264,7763,9,38218,5,2020,200.78
509281836645315264,7763,9,38218,6,2020,2231.86
509281836645315264,7763,9,38218,7,2020,4521.85
509281836645315264,7763,9,38218,8,2020,3770.58
509281836645315264,7763,9,38218,9,2020,11218.07
509281836645315264,7763,9,38218,10,2020,11793.65
509281836645315264,7763,9,38218,11,2020,14146.56
509281836645315264,7763,9,38218,12,2020,20848.41
509445981666377600,396,9,79366,1,2020,0.0
509445981666377600,396,9,79366,2,2020,1777.66
509445981666377600,396,9,79366,3,2020,512.55
509445981666377600,396,9,79366,4,2020,1820.55
509445981666377600,396,9,79366,5,2020,749.16
509445981666377600,396,9,79366,6,2020,-613.73
509445981666377600,396,9,79366,7,2020,107.06
509445981666377600,396,9,79366,8,2020,-506.92
509445981666377600,396,9,79366,9,2020,-554.43
509445981666377600,396,9,79366,10,2020,-554.43
509445981666377600,396,9,79366,11,2020,-1621.12
509445981666377600,396,9,79366,12,2020,-1621.12
509489723264755520,6937,8,69345,1,2020,4781.35
509489723264755520,6937,8,69345,2,2020,9829.55
509489723264755520,6937,8,69345,3,2020,8322.97
509489723264755520,6937,8,69345,4,2020,7674.45
509489723264755520,6937,8,69345,5,2020,17662.59
509489723264755520,6937,8,69345,6,2020,16794.13
509489723264755520,6937,8,69345,7,2020,15816.45
509489723264755520,6937,8,69345,8,2020,20497.29
509489723264755520,6937,8,69345,9,2020,25243.27
509489723264755520,6937,8,69345,10,2020,22018.61
509489723264755520,6937,8,69345,11,2020,24834.02
509489723264755520,6937,8,69345,12,2020,32267.2
509555585552595840,5385,1,7837,1,2020,65.75
509555585552595840,5385,1,7837,2,2020,3440.1
509555585552595840,5385,1,7837,3,2020,4098.46
509555585552595840,5385,1,7837,4,2020,4361.76
509555585552595840,5385,1,7837,5,2020,7139.29
509555585552595840,5385,1,7837,6,2020,7729.93
509555585552595840,5385,1,7837,7,2020,8369.98
509555585552595840,5385,1,7837,8,2020,7664.16
509555585552595840,5385,1,7837,9,2020,7834.72
509555585552595840,5385,1,7837,10,2020,8910.3
509555585552595840,5385,1,7837,11,2020,16184.69
509555585552595840,5385,1,7837,12,2020,19415.38
509733257441406848,79,5,52508,1,2020,2016.06
509733257441406848,79,5,52508,2,2020,1285.95
509733257441406848,79,5,52508,3,2020,-716.01
509733257441406848,79,5,52508,4,2020,2963.55
509733257441406848,79,5,52508,5,2020,5386.84
509733257441406848,79,5,52508,6,2020,5667.5
509733257441406848,79,5,52508,7,2020,11697.9
509733257441406848,79,5,52508,8,2020,15946.25
509733257441406848,79,5,52508,9,2020,15365.22
509733257441406848,79,5,52508,10,2020,25259.92
509733257441406848,79,5,52508,11,2020,28775.32
509733257441406848,79,5,52508,12,2020,26608.12
509931996436464064,9249,2,78030,1,2020,117.97
509931996436464064,9249,2,78030,2,2020,-1420.98
509931996436464064,9249,2,78030,3,2020,5241.18
509931996436464064,9249,2,78030,4,2020,5410.27
509931996436464064,9249,2,78030,5,2020,5040.42
509931996436464064,9249,2,78030,6,2020,7562.12
509931996436464064,9249,2,78030,7,2020,14975.42
509931996436464064,9249,2,78030,8,2020,15264.88
509931996436464064,9249,2,78030,9,2020,16133.12
509931996436464064,9249,2,78030,10,2020,16630.58
509931996436464064,9249,2,78030,11,2020,21671.09
509931996436464064,9249,2,78030,12,2020,16124.2
510849868406597248,1498,8,41448,1,2020,-1753.79
510849868406597248,1498,8,41448,2,2020,-1339.94
510849868406597248,1498,8,41448,3,2020,477.94
510849868406597248,1498,8,41448,4,2020,2531.19
510849868406597248,1498,8,41448,5,2020,8197.6
510849868406597248,1498,8,41448,6,2020,6436.72
510849868406597248,1498,8,41448,7,2020,8374.2
510849868406597248,1498,8,41448,8,2020,11276.67
510849868406597248,1498,8,41448,9,2020,11955.47
510849868406597248,1498,8,41448,10,2020,12607.41
510849868406597248,1498,8,41448,11,2020,10628.2
510849868406597248,1498,8,41448,12,2020,9874.73
511936590083615104,6052,0,40692,1,2020,0.0
511936590083615104,6052,0,40692,2,2020,523.38
511936590083615104,6052,0,40692,3,2020,468.78
511936590083615104,6052,0,40692,4,2020,468.78
511936590083615104,6052,0,40692,5,2020,468.78
511936590083615104,6052,0,40692,6,2020,468.78
511936590083615104,6052,0,40692,7,2020,468.78
511936590083615104,6052,0,40692,8,2020,468.78
511936590083615104,6052,0,40692,9,2020,468.78
511936590083615104,6052,0,40692,10,2020,468.78
511936590083615104,6052,0,40692,11,2020,468.78
511936590083615104,6052,0,40692,12,2020,468.78
513150960332876096,9790,9,68314,1,2020,-1454.03
513150960332876096,9790,9,68314,2,2020,-3015.58
513150960332876096,9790,9,68314,3,2020,-6453.68
513150960332876096,9790,9,68314,4,2020,-6818.14
513150960332876096,9790,9,68314,5,2020,-5214.13
513150960332876096,9790,9,68314,6,2020,-3147.23
513150960332876096,9790,9,68314,7,2020,-2716.58
513150960332876096,9790,9,68314,8,2020,-5730.45
513150960332876096,9790,9,68314,9,2020,-6596.5
513150960332876096,9790,9,68314,10,2020,-6141.89
513150960332876096,9790,9,68314,11,2020,-7575.39
513150960332876096,9790,9,68314,12,2020,-8580.5
514922477860514304,5605,0,15261,1,2020,848.49
514922477860514304,5605,0,15261,2,2020,149.88
514922477860514304,5605,0,15261,3,2020,31.29
514922477860514304,5605,0,15261,4,2020,-1219.76
514922477860514304,5605,0,15261,5,2020,-2323.1
514922477860514304,5605,0,15261,6,2020,-0.67
514922477860514304,5605,0,15261,7,2020,-2053.75
514922477860514304,5605,0,15261,8,2020,-833.13
514922477860514304,5605,0,15261,9,2020,-1541.17
514922477860514304,5605,0,15261,10,2020,-3752.65
514922477860514304,5605,0,15261,11,2020,1567.26
514922477860514304,5605,0,15261,12,2020,4486.01
515041259080587584,9287,7,45141,1,2020,2670.37
515041259080587584,9287,7,45141,2,2020,461.35
515041259080587584,9287,7,45141,3,2020,2215.02
515041259080587584,9287,7,45141,4,2020,-1957.8
515041259080587584,9287,7,45141,5,2020,-862.22
515041259080587584,9287,7,45141,6,2020,303.57
515041259080587584,9287,7,45141,7,2020,2564.79
515041259080587584,9287,7,45141,8,2020,480.81
515041259080587584,9287,7,45141,9,2020,-965.75
515041259080587584,9287,7,45141,10,2020,-5256.56
515041259080587584,9287,7,45141,11,2020,-7424.89
515041259080587584,9287,7,45141,12,2020,-8897.73
516370330152292736,5747,1,82536,1,2020,-10964.3
516370330152292736,5747,1,82536,2,2020,-8922.03
516370330152292736,5747,1,82536,3,2020,-17962.31
516370330152292736,5747,1,82536,4,2020,-17030.24
516370330152292736,5747,1,82536,5,2020,-20647.82
516370330152292736,5747,1,82536,6,2020,-21616.35
516370330152292736,5747,1,82536,7,2020,-21501.77
516370330152292736,5747,1,82536,8,2020,-22856.13
516370330152292736,5747,1,82536,9,2020,-25232.6
516370330152292736,5747,1,82536,10,2020,-23857.94
516370330152292736,5747,1,82536,11,2020,-22606.93
516370330152292736,5747,1,82536,12,2020,-26153.3
51649182393070296,9796,7,61758,1,2020,-616.58
51649182393070296,9796,7,61758,2,2020,-1851.58
51649182393070296,9796,7,61758,3,2020,-9987.84
51649182393070296,9796,7,61758,4,2020,-7639.27
51649182393070296,9796,7,61758,5,2020,-5790.6
51649182393070296,9796,7,61758,6,2020,-2626.78
51649182393070296,9796,7,61758,7,2020,-4944.76
51649182393070296,9796,7,61758,8,2020,-7607.9
51649182393070296,9796,7,61758,9,2020,-6006.28
51649182393070296,9796,7,61758,10,2020,-13449.79
51649182393070296,9796,7,61758,11,2020,-13046.37
51649182393070296,9796,7,61758,12,2020,-16379.55
516565533695811520,6832,4,56208,1,2020,8445.45
516565533695811520,6832,4,56208,2,2020,7365.79
516565533695811520,6832,4,56208,3,2020,-4987.33
516565533695811520,6832,4,56208,4,2020,-2137.8
516565533695811520,6832,4,56208,5,2020,981.65
516565533695811520,6832,4,56208,6,2020,416.13
516565533695811520,6832,4,56208,7,2020,1943.09
516565533695811520,6832,4,56208,8,2020,-3601.34
516565533695811520,6832,4,56208,9,2020,-6288.4
516565533695811520,6832,4,56208,10,2020,-8653.36
516565533695811520,6832,4,56208,11,2020,-5764.08
516565533695811520,6832,4,56208,12,2020,-6715.63
516730593908826112,6144,2,59275,1,2020,-2518.57
516730593908826112,6144,2,59275,2,2020,607.0
516730593908826112,6144,2,59275,3,2020,2791.36
516730593908826112,6144,2,59275,4,2020,588.01
516730593908826112,6144,2,59275,5,2020,-24.75
516730593908826112,6144,2,59275,6,2020,-2198.73
516730593908826112,6144,2,59275,7,2020,2319.71
516730593908826112,6144,2,59275,8,2020,450.84
516730593908826112,6144,2,59275,9,2020,5704.9
516730593908826112,6144,2,59275,10,2020,3009.86
516730593908826112,6144,2,59275,11,2020,8393.54
516730593908826112,6144,2,59275,12,2020,17769.65
51736742473566520,9645,6,96828,1,2020,3542.29
51736742473566520,9645,6,96828,2,2020,3136.52
51736742473566520,9645,6,96828,3,2020,-1421.29
51736742473566520,9645,6,96828,4,2020,3722.71
51736742473566520,9645,6,96828,5,2020,-3114.34
51736742473566520,9645,6,96828,6,2020,2820.89
51736742473566520,9645,6,96828,7,2020,3848.99
51736742473566520,9645,6,96828,8,2020,4473.71
51736742473566520,9645,6,96828,9,2020,-2783.05
51736742473566520,9645,6,96828,10,2020,-4552.97
51736742473566520,9645,6,96828,11,2020,-7139.72
51736742473566520,9645,6,96828,12,2020,-3998.37
518535133569654656,2859,7,57200,1,2020,3154.56
518535133569654656,2859,7,57200,2,2020,-248.11
518535133569654656,2859,7,57200,3,2020,1349.45
518535133569654656,2859,7,57200,4,2020,13284.97
518535133569654656,2859,7,57200,5,2020,7794.59
518535133569654656,2859,7,57200,6,2020,9602.73
518535133569654656,2859,7,57200,7,2020,7844.16
518535133569654656,2859,7,57200,8,2020,6692.17
518535133569654656,2859,7,57200,9,2020,4713.12
518535133569654656,2859,7,57200,10,2020,10907.82
518535133569654656,2859,7,57200,11,2020,13206.92
518535133569654656,2859,7,57200,12,2020,10854.1
51862026824646624,1225,9,77708,1,2020,-3443.11
51862026824646624,1225,9,77708,2,2020,3692.14
51862026824646624,1225,9,77708,3,2020,4827.48
51862026824646624,1225,9,77708,4,2020,3981.65
51862026824646624,1225,9,77708,5,2020,5272.88
51862026824646624,1225,9,77708,6,2020,3823.92
51862026824646624,1225,9,77708,7,2020,365.34
51862026824646624,1225,9,77708,8,2020,-421.12
51862026824646624,1225,9,77708,9,2020,2243.49
51862026824646624,1225,9,77708,10,2020,-3565.83
51862026824646624,1225,9,77708,11,2020,-224.94
51862026824646624,1225,9,77708,12,2020,7120.03
520469234068772928,4619,4,75531,1,2020,-917.28
520469234068772928,4619,4,75531,2,2020,-1994.27
520469234068772928,4619,4,75531,3,2020,-2334.16
520469234068772928,4619,4,75531,4,2020,168.53
520469234068772928,4619,4,75531,5,2020,4999.19
520469234068772928,4619,4,75531,6,2020,10673.25
520469234068772928,4619,4,75531,7,2020,6654.49
520469234068772928,4619,4,75531,8,2020,6624.4
520469234068772928,4619,4,75531,9,2020,15366.05
