722844326440873856,6534,6,93173,6,2020,-1367.99
722844326440873856,6534,6,93173,7,2020,-1367.99
722844326440873856,6534,6,93173,8,2020,-749.7
722844326440873856,6534,6,93173,9,2020,-749.7
722844326440873856,6534,6,93173,10,2020,506.59
722844326440873856,6534,6,93173,11,2020,567.1
722844326440873856,6534,6,93173,12,2020,-1544.12
723495850082556800,9066,1,8567,1,2020,2522.55
723495850082556800,9066,1,8567,2,2020,8770.84
723495850082556800,9066,1,8567,3,2020,9515.23
723495850082556800,9066,1,8567,4,2020,9532.81
723495850082556800,9066,1,8567,5,2020,16366.63
723495850082556800,9066,1,8567,6,2020,18284.92
723495850082556800,9066,1,8567,7,2020,13217.4
723495850082556800,9066,1,8567,8,2020,12968.88
723495850082556800,9066,1,8567,9,2020,18637.56
723495850082556800,9066,1,8567,10,2020,14170.56
723495850082556800,9066,1,8567,11,2020,17496.57
723495850082556800,9066,1,8567,12,2020,14557.75
72433336216498416,9310,7,81013,1,2020,2735.3
72433336216498416,9310,7,81013,2,2020,-4680.52
72433336216498416,9310,7,81013,3,2020,2401.81
72433336216498416,9310,7,81013,4,2020,-17.37
72433336216498416,9310,7,81013,5,2020,6905.07
72433336216498416,9310,7,81013,6,2020,7984.13
72433336216498416,9310,7,81013,7,2020,2187.64
72433336216498416,9310,7,81013,8,2020,7742.51
72433336216498416,9310,7,81013,9,2020,11361.09
72433336216498416,9310,7,81013,10,2020,4843.44
72433336216498416,9310,7,81013,11,2020,409.46
72433336216498416,9310,7,81013,12,2020,2382.69
725099692053653376,3216,8,58175,1,2020,-953.0
725099692053653376,3216,8,58175,2,2020,-2560.71
725099692053653376,3216,8,58175,3,2020,836.17
725099692053653376,3216,8,58175,4,2020,-300.36
725099692053653376,3216,8,58175,5,2020,-327.04
725099692053653376,3216,8,58175,6,2020,1920.68
725099692053653376,3216,8,58175,7,2020,-1650.69
725099692053653376,3216,8,58175,8,2020,2305.2
725099692053653376,3216,8,58175,9,2020,5348.19
725099692053653376,3216,8,58175,10,2020,3222.87
725099692053653376,3216,8,58175,11,2020,3183.49
725099692053653376,3216,8,58175,12,2020,4665.86
725530279216655872,4628,6,29545,1,2020,756.23
725530279216655872,4628,6,29545,2,2020,-2486.38
725530279216655872,4628,6,29545,3,2020,7016.78
725530279216655872,4628,6,29545,4,2020,11023.78
725530279216655872,4628,6,29545,5,2020,7404.61
725530279216655872,4628,6,29545,6,2020,3091.73
725530279216655872,4628,6,29545,7,2020,9486.73
725530279216655872,4628,6,29545,8,2020,16070.32
725530279216655872,4628,6,29545,9,2020,13112.06
725530279216655872,4628,6,29545,10,2020,17273.83
725530279216655872,4628,6,29545,11,2020,20366.31
725530279216655872,4628,6,29545,12,2020,24180.81
726055126778387328,1845,4,14115,1,2020,1367.33
726055126778387328,1845,4,14115,2,2020,5505.43
726055126778387328,1845,4,14115,3,2020,4231.89
726055126778387328,1845,4,14115,4,2020,5443.36
726055126778387328,1845,4,14115,5,2020,-1564.99
726055126778387328,1845,4,14115,6,2020,4350.08
726055126778387328,1845,4,14115,7,2020,5719.75
726055126778387328,1845,4,14115,8,2020,-1790.67
726055126778387328,1845,4,14115,9,2020,323.5
726055126778387328,1845,4,14115,10,2020,4262.1
726055126778387328,1845,4,14115,11,2020,-206.88
726055126778387328,1845,4,14115,12,2020,4054.97
727751989319650048,6914,9,98318,1,2020,4091.72
727751989319650048,6914,9,98318,2,2020,6554.22
727751989319650048,6914,9,98318,3,2020,3221.09
727751989319650048,6914,9,98318,4,2020,7788.03
727751989319650048,6914,9,98318,5,2020,8997.68
727751989319650048,6914,9,98318,6,2020,10371.15
727751989319650048,6914,9,98318,7,2020,11311.99
727751989319650048,6914,9,98318,8,2020,11735.69
727751989319650048,6914,9,98318,9,2020,15251.9
727751989319650048,6914,9,98318,10,2020,16282.44
727751989319650048,6914,9,98318,11,2020,12754.31
727751989319650048,6914,9,98318,12,2020,14010.88
729136325544644480,5432,7,39109,1,2020,4758.39
729136325544644480,5432,7,39109,2,2020,4373.07
729136325544644480,5432,7,39109,3,2020,4837.83
729136325544644480,5432,7,39109,4,2020,2797.0
729136325544644480,5432,7,39109,5,2020,6173.74
729136325544644480,5432,7,39109,6,2020,8061.68
729136325544644480,5432,7,39109,7,2020,5162.15
729136325544644480,5432,7,39109,8,2020,9448.41
729136325544644480,5432,7,39109,9,2020,10991.13
729136325544644480,5432,7,39109,10,2020,6226.52
729136325544644480,5432,7,39109,11,2020,4270.06
729136325544644480,5432,7,39109,12,2020,1236.08
729743911458304512,3477,7,96393,1,2020,5155.59
729743911458304512,3477,7,96393,2,2020,4981.4
729743911458304512,3477,7,96393,3,2020,4370.09
729743911458304512,3477,7,96393,4,2020,5291.62
729743911458304512,3477,7,96393,5,2020,824.28
729743911458304512,3477,7,96393,6,2020,165.52
729743911458304512,3477,7,96393,7,2020,-837.29
729743911458304512,3477,7,96393,8,2020,-2396.71
729743911458304512,3477,7,96393,9,2020,293.14
729743911458304512,3477,7,96393,10,2020,4033.4
729743911458304512,3477,7,96393,11,2020,4474.69
729743911458304512,3477,7,96393,12,2020,-4525.35
730033184470169984,6652,7,31380,1,2020,-3904.68
730033184470169984,6652,7,31380,2,2020,2531.7
730033184470169984,6652,7,31380,3,2020,8743.17
730033184470169984,6652,7,31380,4,2020,10660.79
730033184470169984,6652,7,31380,5,2020,9482.83
730033184470169984,6652,7,31380,6,2020,17838.18
730033184470169984,6652,7,31380,7,2020,14500.08
730033184470169984,6652,7,31380,8,2020,9614.09
730033184470169984,6652,7,31380,9,2020,8948.12
730033184470169984,6652,7,31380,10,2020,12253.68
730033184470169984,6652,7,31380,11,2020,1124.99
730033184470169984,6652,7,31380,12,2020,-2476.38
730830034244448384,8480,7,17004,1,2020,1791.13
730830034244448384,8480,7,17004,2,2020,226.18
730830034244448384,8480,7,17004,3,2020,-250.7
730830034244448384,8480,7,17004,4,2020,-2772.76
730830034244448384,8480,7,17004,5,2020,-6278.03
730830034244448384,8480,7,17004,6,2020,-8010.48
730830034244448384,8480,7,17004,7,2020,-11048.63
730830034244448384,8480,7,17004,8,2020,-3848.57
730830034244448384,8480,7,17004,9,2020,-4951.59
730830034244448384,8480,7,17004,10,2020,-6925.7
730830034244448384,8480,7,17004,11,2020,-7565.3
730830034244448384,8480,7,17004,12,2020,-9305.47
731124262021013888,4757,5,18449,1,2020,-2311.73
731124262021013888,4757,5,18449,2,2020,-1212.26
731124262021013888,4757,5,18449,3,2020,-7328.7
731124262021013888,4757,5,18449,4,2020,-9682.3
731124262021013888,4757,5,18449,5,2020,-8136.56
731124262021013888,4757,5,18449,6,2020,-10471.45
731124262021013888,4757,5,18449,7,2020,-12270.35
731124262021013888,4757,5,18449,8,2020,-14013.71
731124262021013888,4757,5,18449,9,2020,-10155.66
731124262021013888,4757,5,18449,10,2020,-9852.26
731124262021013888,4757,5,18449,11,2020,-8654.19
731124262021013888,4757,5,18449,12,2020,-7091.28
731221557640518144,7379,2,66826,1,2020,-1728.61
731221557640518144,7379,2,66826,2,2020,-622.06
731221557640518144,7379,2,66826,3,2020,-761.92
731221557640518144,7379,2,66826,4,2020,-7867.4
731221557640518144,7379,2,66826,5,2020,3510.01
731221557640518144,7379,2,66826,6,2020,8619.35
731221557640518144,7379,2,66826,7,2020,12171.71
731221557640518144,7379,2,66826,8,2020,6972.5
731221557640518144,7379,2,66826,9,2020,-1019.28
731221557640518144,7379,2,66826,10,2020,-3011.92
731221557640518144,7379,2,66826,11,2020,-2407.32
731221557640518144,7379,2,66826,12,2020,-2459.55
732490194248998400,969,4,63944,1,2020,-2262.86
732490194248998400,969,4,63944,2,2020,-332.07
732490194248998400,969,4,63944,3,2020,2510.1
732490194248998400,969,4,63944,4,2020,-72.84
732490194248998400,969,4,63944,5,2020,-594.34
732490194248998400,969,4,63944,6,2020,-1283.07
732490194248998400,969,4,63944,7,2020,-1191.76
732490194248998400,969,4,63944,8,2020,-1010.3
732490194248998400,969,4,63944,9,2020,-1619.14
732490194248998400,969,4,63944,10,2020,171.88
732490194248998400,969,4,63944,11,2020,2206.95
732490194248998400,969,4,63944,12,2020,-1697.12
732912686504289024,5200,6,62592,1,2020,292.43
732912686504289024,5200,6,62592,2,2020,-1063.78
732912686504289024,5200,6,62592,3,2020,-6182.48
732912686504289024,5200,6,62592,4,2020,-12817.93
732912686504289024,5200,6,62592,5,2020,-12269.28
732912686504289024,5200,6,62592,6,2020,-9615.74
732912686504289024,5200,6,62592,7,2020,-12720.58
732912686504289024,5200,6,62592,8,2020,-17064.57
732912686504289024,5200,6,62592,9,2020,-17304.52
732912686504289024,5200,6,62592,10,2020,-19448.03
732912686504289024,5200,6,62592,11,2020,-21816.61
732912686504289024,5200,6,62592,12,2020,-19841.81
732946381469145728,4847,8,54725,1,2020,3677.69
732946381469145728,4847,8,54725,2,2020,9579.82
732946381469145728,4847,8,54725,3,2020,12077.79
732946381469145728,4847,8,54725,4,2020,10956.84
732946381469145728,4847,8,54725,5,2020,6197.66
732946381469145728,4847,8,54725,6,2020,9948.14
732946381469145728,4847,8,54725,7,2020,12221.79
732946381469145728,4847,8,54725,8,2020,6790.22
732946381469145728,4847,8,54725,9,2020,5203.93
732946381469145728,4847,8,54725,10,2020,8159.16
732946381469145728,4847,8,54725,11,2020,7007.88
732946381469145728,4847,8,54725,12,2020,16014.06
733280641557225600,4922,2,41927,1,2020,-306.66
733280641557225600,4922,2,41927,2,2020,2950.12
733280641557225600,4922,2,41927,3,2020,4899.59
733280641557225600,4922,2,41927,4,2020,1259.24
733280641557225600,4922,2,41927,5,2020,2120.22
733280641557225600,4922,2,41927,6,2020,-3779.6
733280641557225600,4922,2,41927,7,2020,-1946.62
733280641557225600,4922,2,41927,8,2020,3389.67
733280641557225600,4922,2,41927,9,2020,8172.83
733280641557225600,4922,2,41927,10,2020,14665.99
733280641557225600,4922,2,41927,11,2020,7379.25
733280641557225600,4922,2,41927,12,2020,-290.81
733445147968564352,8458,1,86851,1,2020,1613.41
733445147968564352,8458,1,86851,2,2020,1613.41
733445147968564352,8458,1,86851,3,2020,-2105.15
733445147968564352,8458,1,86851,4,2020,-2105.15
733445147968564352,8458,1,86851,5,2020,1415.42
733445147968564352,8458,1,86851,6,2020,2443.02
733445147968564352,8458,1,86851,7,2020,2443.02
733445147968564352,8458,1,86851,8,2020,2443.02
733445147968564352,8458,1,86851,9,2020,4088.18
733445147968564352,8458,1,86851,10,2020,3712.12
733445147968564352,8458,1,86851,11,2020,4357.25
733445147968564352,8458,1,86851,12,2020,3758.43
734008028088581888,7549,3,1723,1,2020,-2942.19
734008028088581888,7549,3,1723,2,2020,-3346.75
734008028088581888,7549,3,1723,3,2020,-5626.58
734008028088581888,7549,3,1723,4,2020,-8069.05
734008028088581888,7549,3,1723,5,2020,-6613.11
734008028088581888,7549,3,1723,6,2020,-8159.04
734008028088581888,7549,3,1723,7,2020,-6492.6
734008028088581888,7549,3,1723,8,2020,-5224.18
734008028088581888,7549,3,1723,9,2020,-7193.2
734008028088581888,7549,3,1723,10,2020,-9089.43
734008028088581888,7549,3,1723,11,2020,-8699.72
734008028088581888,7549,3,1723,12,2020,-10229.95
73405787824663616,2061,9,85019,1,2020,7532.42
73405787824663616,2061,9,85019,2,2020,10323.68
73405787824663616,2061,9,85019,3,2020,11116.17
73405787824663616,2061,9,85019,4,2020,8951.45
73405787824663616,2061,9,85019,5,2020,9804.82
73405787824663616,2061,9,85019,6,2020,12167.98
73405787824663616,2061,9,85019,7,2020,12444.92
73405787824663616,2061,9,85019,8,2020,6783.68
73405787824663616,2061,9,85019,9,2020,5493.23
73405787824663616,2061,9,85019,10,2020,6446.69
73405787824663616,2061,9,85019,11,2020,15707.99
73405787824663616,2061,9,85019,12,2020,20458.07
734066197148106752,4954,1,57016,1,2020,-1138.77
734066197148106752,4954,1,57016,2,2020,-1487.47
734066197148106752,4954,1,57016,3,2020,-3071.81
734066197148106752,4954,1,57016,4,2020,-694.62
