856243380685361792,872,4,7068,3,2020,1158.32
856243380685361792,872,4,7068,4,2020,2983.37
856243380685361792,872,4,7068,5,2020,5343.71
856243380685361792,872,4,7068,6,2020,6627.48
856243380685361792,872,4,7068,7,2020,11495.17
856243380685361792,872,4,7068,8,2020,10576.33
856243380685361792,872,4,7068,9,2020,12310.03
856243380685361792,872,4,7068,10,2020,13871.23
856243380685361792,872,4,7068,11,2020,17980.18
856243380685361792,872,4,7068,12,2020,13098.17
85630755486815984,5199,6,83584,1,2020,-1707.71
85630755486815984,5199,6,83584,2,2020,-2533.07
85630755486815984,5199,6,83584,3,2020,-6381.58
85630755486815984,5199,6,83584,4,2020,-7101.23
85630755486815984,5199,6,83584,5,2020,-6983.84
85630755486815984,5199,6,83584,6,2020,-8661.1
85630755486815984,5199,6,83584,7,2020,-8804.32
85630755486815984,5199,6,83584,8,2020,-9703.99
85630755486815984,5199,6,83584,9,2020,-9458.56
85630755486815984,5199,6,83584,10,2020,-7528.65
85630755486815984,5199,6,83584,11,2020,-11593.92
85630755486815984,5199,6,83584,12,2020,-8845.76
85664718432010448,4947,5,41803,1,2020,6363.63
85664718432010448,4947,5,41803,2,2020,8515.57
85664718432010448,4947,5,41803,3,2020,8464.0
85664718432010448,4947,5,41803,4,2020,1978.33
85664718432010448,4947,5,41803,5,2020,5068.14
85664718432010448,4947,5,41803,6,2020,3522.47
85664718432010448,4947,5,41803,7,2020,6919.86
85664718432010448,4947,5,41803,8,2020,2361.12
85664718432010448,4947,5,41803,9,2020,1138.81
85664718432010448,4947,5,41803,10,2020,640.31
85664718432010448,4947,5,41803,11,2020,-1101.59
85664718432010448,4947,5,41803,12,2020,-6148.25
856843504284750976,346,4,77095,1,2020,-366.18
856843504284750976,346,4,77095,2,2020,-366.18
856843504284750976,346,4,77095,3,2020,-430.88
856843504284750976,346,4,77095,4,2020,-661.77
856843504284750976,346,4,77095,5,2020,-661.77
856843504284750976,346,4,77095,6,2020,-1082.09
856843504284750976,346,4,77095,7,2020,1.83
856843504284750976,346,4,77095,8,2020,1176.37
856843504284750976,346,4,77095,9,2020,1176.37
856843504284750976,346,4,77095,10,2020,1176.37
856843504284750976,346,4,77095,11,2020,212.83
856843504284750976,346,4,77095,12,2020,1321.88
857268213496642688,4691,9,5880,1,2020,5444.56
857268213496642688,4691,9,5880,2,2020,-3100.32
857268213496642688,4691,9,5880,3,2020,-8243.49
857268213496642688,4691,9,5880,4,2020,-14244.91
857268213496642688,4691,9,5880,5,2020,-19633.57
857268213496642688,4691,9,5880,6,2020,-20757.11
857268213496642688,4691,9,5880,7,2020,-21230.77
857268213496642688,4691,9,5880,8,2020,-18985.16
857268213496642688,4691,9,5880,9,2020,-19563.67
857268213496642688,4691,9,5880,10,2020,-20704.58
857268213496642688,4691,9,5880,11,2020,-7448.61
857268213496642688,4691,9,5880,12,2020,-6380.95
857530663498499456,7982,5,35811,1,2020,-2175.19
857530663498499456,7982,5,35811,2,2020,-6313.83
857530663498499456,7982,5,35811,3,2020,-4525.66
857530663498499456,7982,5,35811,4,2020,-6379.17
857530663498499456,7982,5,35811,5,2020,-8337.67
857530663498499456,7982,5,35811,6,2020,-10814.01
857530663498499456,7982,5,35811,7,2020,-1926.24
857530663498499456,7982,5,35811,8,2020,-1533.55
857530663498499456,7982,5,35811,9,2020,643.03
857530663498499456,7982,5,35811,10,2020,4661.59
857530663498499456,7982,5,35811,11,2020,-3318.79
857530663498499456,7982,5,35811,12,2020,-7050.68
858708002023436288,4574,8,52882,1,2020,1269.4
858708002023436288,4574,8,52882,2,2020,-1079.96
858708002023436288,4574,8,52882,3,2020,480.55
858708002023436288,4574,8,52882,4,2020,4478.3
858708002023436288,4574,8,52882,5,2020,8742.56
858708002023436288,4574,8,52882,6,2020,8905.35
858708002023436288,4574,8,52882,7,2020,9543.58
858708002023436288,4574,8,52882,8,2020,9216.96
858708002023436288,4574,8,52882,9,2020,14226.21
858708002023436288,4574,8,52882,10,2020,10657.53
858708002023436288,4574,8,52882,11,2020,16406.39
858708002023436288,4574,8,52882,12,2020,15418.95
859323285322375808,6043,3,54538,1,2020,704.08
859323285322375808,6043,3,54538,2,2020,-652.96
859323285322375808,6043,3,54538,3,2020,5824.23
859323285322375808,6043,3,54538,4,2020,5590.67
859323285322375808,6043,3,54538,5,2020,3790.33
859323285322375808,6043,3,54538,6,2020,2696.43
859323285322375808,6043,3,54538,7,2020,1376.38
859323285322375808,6043,3,54538,8,2020,-235.71
859323285322375808,6043,3,54538,9,2020,-1422.99
859323285322375808,6043,3,54538,10,2020,-556.22
859323285322375808,6043,3,54538,11,2020,-1136.8
859323285322375808,6043,3,54538,12,2020,-2238.21
860683428027023360,8665,3,48796,1,2020,2248.74
860683428027023360,8665,3,48796,2,2020,2051.84
860683428027023360,8665,3,48796,3,2020,1999.41
860683428027023360,8665,3,48796,4,2020,2361.29
860683428027023360,8665,3,48796,5,2020,355.18
860683428027023360,8665,3,48796,6,2020,4662.03
860683428027023360,8665,3,48796,7,2020,2420.03
860683428027023360,8665,3,48796,8,2020,3696.77
860683428027023360,8665,3,48796,9,2020,-1138.42
860683428027023360,8665,3,48796,10,2020,4186.09
860683428027023360,8665,3,48796,11,2020,2024.68
860683428027023360,8665,3,48796,12,2020,4650.08
862028686180857088,5152,9,78732,1,2020,-2350.9
862028686180857088,5152,9,78732,2,2020,-2691.97
862028686180857088,5152,9,78732,3,2020,-2518.93
862028686180857088,5152,9,78732,4,2020,-3069.56
862028686180857088,5152,9,78732,5,2020,-472.65
862028686180857088,5152,9,78732,6,2020,1087.68
862028686180857088,5152,9,78732,7,2020,-2787.89
862028686180857088,5152,9,78732,8,2020,-4369.15
862028686180857088,5152,9,78732,9,2020,-946.65
862028686180857088,5152,9,78732,10,2020,-934.72
862028686180857088,5152,9,78732,11,2020,1669.24
862028686180857088,5152,9,78732,12,2020,4271.29
863861660636230656,8620,5,41664,1,2020,3547.34
863861660636230656,8620,5,41664,2,2020,4227.97
863861660636230656,8620,5,41664,3,2020,4227.97
863861660636230656,8620,5,41664,4,2020,5463.63
863861660636230656,8620,5,41664,5,2020,7331.34
863861660636230656,8620,5,41664,6,2020,7423.5
863861660636230656,8620,5,41664,7,2020,3861.7
863861660636230656,8620,5,41664,8,2020,4444.61
863861660636230656,8620,5,41664,9,2020,8123.35
863861660636230656,8620,5,41664,10,2020,6089.59
863861660636230656,8620,5,41664,11,2020,6089.59
863861660636230656,8620,5,41664,12,2020,5668.12
865574014151973760,1710,7,30930,1,2020,4807.41
865574014151973760,1710,7,30930,2,2020,8449.36
865574014151973760,1710,7,30930,3,2020,8784.42
865574014151973760,1710,7,30930,4,2020,3370.02
865574014151973760,1710,7,30930,5,2020,5181.75
865574014151973760,1710,7,30930,6,2020,5200.72
865574014151973760,1710,7,30930,7,2020,6189.01
865574014151973760,1710,7,30930,8,2020,12091.04
865574014151973760,1710,7,30930,9,2020,6225.82
865574014151973760,1710,7,30930,10,2020,5332.34
865574014151973760,1710,7,30930,11,2020,6780.99
865574014151973760,1710,7,30930,12,2020,4865.33
866264167144314624,9566,9,69652,1,2020,-1477.47
866264167144314624,9566,9,69652,2,2020,-2933.31
866264167144314624,9566,9,69652,3,2020,-1073.61
866264167144314624,9566,9,69652,4,2020,-1166.44
866264167144314624,9566,9,69652,5,2020,-1142.13
866264167144314624,9566,9,69652,6,2020,-1142.13
866264167144314624,9566,9,69652,7,2020,-4181.04
866264167144314624,9566,9,69652,8,2020,-4181.04
866264167144314624,9566,9,69652,9,2020,-4181.04
866264167144314624,9566,9,69652,10,2020,-1570.01
866264167144314624,9566,9,69652,11,2020,-1570.01
866264167144314624,9566,9,69652,12,2020,-1570.01
866546615147791360,809,7,96871,1,2020,869.03
866546615147791360,809,7,96871,2,2020,-2643.62
866546615147791360,809,7,96871,3,2020,-9975.72
866546615147791360,809,7,96871,4,2020,-11149.31
866546615147791360,809,7,96871,5,2020,-15484.78
866546615147791360,809,7,96871,6,2020,-14137.43
866546615147791360,809,7,96871,7,2020,-16250.79
866546615147791360,809,7,96871,8,2020,-19056.71
866546615147791360,809,7,96871,9,2020,-18538.82
866546615147791360,809,7,96871,10,2020,-21459.87
866546615147791360,809,7,96871,11,2020,-22960.83
866546615147791360,809,7,96871,12,2020,-18609.79
869114561842049664,2139,9,50908,1,2020,-785.51
869114561842049664,2139,9,50908,2,2020,-3330.22
869114561842049664,2139,9,50908,3,2020,-3330.22
869114561842049664,2139,9,50908,4,2020,-2940.55
869114561842049664,2139,9,50908,5,2020,-4074.99
869114561842049664,2139,9,50908,6,2020,-4001.53
869114561842049664,2139,9,50908,7,2020,-6485.77
869114561842049664,2139,9,50908,8,2020,-8345.06
869114561842049664,2139,9,50908,9,2020,-9229.69
869114561842049664,2139,9,50908,10,2020,-10667.11
869114561842049664,2139,9,50908,11,2020,-11684.21
869114561842049664,2139,9,50908,12,2020,-12484.94
869398206226709376,6060,7,93533,1,2020,-5616.75
869398206226709376,6060,7,93533,2,2020,-3702.23
869398206226709376,6060,7,93533,3,2020,928.17
869398206226709376,6060,7,93533,4,2020,6026.73
869398206226709376,6060,7,93533,5,2020,8837.12
869398206226709376,6060,7,93533,6,2020,8459.67
869398206226709376,6060,7,93533,7,2020,-2356.47
869398206226709376,6060,7,93533,8,2020,-3367.5
869398206226709376,6060,7,93533,9,2020,257.42
869398206226709376,6060,7,93533,10,2020,-6469.75
869398206226709376,6060,7,93533,11,2020,-6108.62
869398206226709376,6060,7,93533,12,2020,4094.41
870954702739721472,9249,0,52677,1,2020,1130.58
870954702739721472,9249,0,52677,2,2020,2468.37
870954702739721472,9249,0,52677,3,2020,2650.35
870954702739721472,9249,0,52677,4,2020,1295.29
870954702739721472,9249,0,52677,5,2020,-1230.09
870954702739721472,9249,0,52677,6,2020,-3820.03
870954702739721472,9249,0,52677,7,2020,-5257.22
870954702739721472,9249,0,52677,8,2020,-2344.68
870954702739721472,9249,0,52677,9,2020,-152.42
870954702739721472,9249,0,52677,10,2020,7590.16
870954702739721472,9249,0,52677,11,2020,9758.25
870954702739721472,9249,0,52677,12,2020,5197.34
872380546199156480,8384,2,54816,1,2020,-910.59
872380546199156480,8384,2,54816,2,2020,-2175.25
872380546199156480,8384,2,54816,3,2020,-2164.66
872380546199156480,8384,2,54816,4,2020,-3100.03
872380546199156480,8384,2,54816,5,2020,-3100.03
872380546199156480,8384,2,54816,6,2020,-3705.41
872380546199156480,8384,2,54816,7,2020,-3423.58
872380546199156480,8384,2,54816,8,2020,-3132.23
872380546199156480,8384,2,54816,9,2020,-3780.94
872380546199156480,8384,2,54816,10,2020,-3780.94
872380546199156480,8384,2,54816,11,2020,-2325.71
872380546199156480,8384,2,54816,12,2020,-2325.71
872491703615377664,8307,4,64772,1,2020,3937.66
872491703615377664,8307,4,64772,2,2020,5865.77
872491703615377664,8307,4,64772,3,2020,10477.99
872491703615377664,8307,4,64772,4,2020,5513.99
872491703615377664,8307,4,64772,5,2020,6888.12
872491703615377664,8307,4,64772,6,2020,3850.22
872491703615377664,8307,4,64772,7,2020,685.0
872491703615377664,8307,4,64772,8,2020,5185.11
872491703615377664,8307,4,64772,9,2020,14007.92
872491703615377664,8307,4,64772,10,2020,14101.42
872491703615377664,8307,4,64772,11,2020,12473.23
872491703615377664,8307,4,64772,12,2020,11892.01
873018103534720512,2805,4,44670,1,2020,3802.54
873018103534720512,2805,4,44670,2,2020,-2333.04
873018103534720512,2805,4,44670,3,2020,-4425.54
873018103534720512,2805,4,44670,4,2020,-4402.14
873018103534720512,2805,4,44670,5,2020,-6729.66
873018103534720512,2805,4,44670,6,2020,-1253.03
873018103534720512,2805,4,44670,7,2020,-3467.77
873018103534720512,2805,4,44670,8,2020,-6609.47
873018103534720512,2805,4,44670,9,2020,-2664.2
873018103534720512,2805,4,44670,10,2020,4403.28
873018103534720512,2805,4,44670,11,2020,2736.1
873018103534720512,2805,4,44670,12,2020,-3030.39
873480639580287360,3009,2,20426,1,2020,-2122.41
873480639580287360,3009,2,20426,2,2020,810.32
