748451798680840064,4255,0,27150,7,2020,-15399.55
748451798680840064,4255,0,27150,8,2020,-5381.2
748451798680840064,4255,0,27150,9,2020,-11535.99
748451798680840064,4255,0,27150,10,2020,-12350.35
748451798680840064,4255,0,27150,11,2020,-19378.21
748451798680840064,4255,0,27150,12,2020,-23105.91
748529245375948928,987,7,72263,1,2020,3607.67
748529245375948928,987,7,72263,2,2020,1714.61
748529245375948928,987,7,72263,3,2020,-6263.11
748529245375948928,987,7,72263,4,2020,-6643.1
748529245375948928,987,7,72263,5,2020,-5466.32
748529245375948928,987,7,72263,6,2020,-2662.86
748529245375948928,987,7,72263,7,2020,-8676.92
748529245375948928,987,7,72263,8,2020,-7186.88
748529245375948928,987,7,72263,9,2020,-10654.07
748529245375948928,987,7,72263,10,2020,-9807.39
748529245375948928,987,7,72263,11,2020,-7845.6
748529245375948928,987,7,72263,12,2020,-5584.46
749949900287471616,4832,4,76184,1,2020,-3788.88
749949900287471616,4832,4,76184,2,2020,-6939.55
749949900287471616,4832,4,76184,3,2020,-10684.26
749949900287471616,4832,4,76184,4,2020,-9121.65
749949900287471616,4832,4,76184,5,2020,-10729.05
749949900287471616,4832,4,76184,6,2020,-5885.26
749949900287471616,4832,4,76184,7,2020,782.36
749949900287471616,4832,4,76184,8,2020,3269.1
749949900287471616,4832,4,76184,9,2020,-1650.72
749949900287471616,4832,4,76184,10,2020,-3283.38
749949900287471616,4832,4,76184,11,2020,-4502.0
749949900287471616,4832,4,76184,12,2020,-244.49
751378265562031616,1437,0,4953,1,2020,-216.14
751378265562031616,1437,0,4953,2,2020,-933.17
751378265562031616,1437,0,4953,3,2020,-4250.84
751378265562031616,1437,0,4953,4,2020,-5123.59
751378265562031616,1437,0,4953,5,2020,-3221.81
751378265562031616,1437,0,4953,6,2020,-5257.53
751378265562031616,1437,0,4953,7,2020,-3309.63
751378265562031616,1437,0,4953,8,2020,-4489.62
751378265562031616,1437,0,4953,9,2020,-7113.44
751378265562031616,1437,0,4953,10,2020,-9013.28
751378265562031616,1437,0,4953,11,2020,-8183.72
751378265562031616,1437,0,4953,12,2020,-7839.56
753308410838408704,5680,6,55968,1,2020,2898.26
753308410838408704,5680,6,55968,2,2020,2074.58
753308410838408704,5680,6,55968,3,2020,396.3
753308410838408704,5680,6,55968,4,2020,52.68
753308410838408704,5680,6,55968,5,2020,52.68
753308410838408704,5680,6,55968,6,2020,966.56
753308410838408704,5680,6,55968,7,2020,1353.08
753308410838408704,5680,6,55968,8,2020,546.16
753308410838408704,5680,6,55968,9,2020,546.16
753308410838408704,5680,6,55968,10,2020,457.97
753308410838408704,5680,6,55968,11,2020,-1186.28
753308410838408704,5680,6,55968,12,2020,-1571.96
754080377407111680,1226,4,51510,1,2020,-3784.97
754080377407111680,1226,4,51510,2,2020,-1954.53
754080377407111680,1226,4,51510,3,2020,2945.71
754080377407111680,1226,4,51510,4,2020,4667.17
754080377407111680,1226,4,51510,5,2020,-5832.79
754080377407111680,1226,4,51510,6,2020,-4872.9
754080377407111680,1226,4,51510,7,2020,-5436.83
754080377407111680,1226,4,51510,8,2020,-6583.17
754080377407111680,1226,4,51510,9,2020,-2902.69
754080377407111680,1226,4,51510,10,2020,1263.79
754080377407111680,1226,4,51510,11,2020,1946.62
754080377407111680,1226,4,51510,12,2020,3583.62
754632306820363392,395,5,21890,1,2020,18.15
754632306820363392,395,5,21890,2,2020,1619.5
754632306820363392,395,5,21890,3,2020,-4062.53
754632306820363392,395,5,21890,4,2020,-6852.63
754632306820363392,395,5,21890,5,2020,-15674.74
754632306820363392,395,5,21890,6,2020,-14135.33
754632306820363392,395,5,21890,7,2020,-16411.91
754632306820363392,395,5,21890,8,2020,-17375.57
754632306820363392,395,5,21890,9,2020,-18792.36
754632306820363392,395,5,21890,10,2020,-21503.69
754632306820363392,395,5,21890,11,2020,-18023.67
754632306820363392,395,5,21890,12,2020,-21111.58
756298696466097152,7359,2,62900,1,2020,-1544.87
756298696466097152,7359,2,62900,2,2020,-3355.06
756298696466097152,7359,2,62900,3,2020,1548.08
756298696466097152,7359,2,62900,4,2020,-7701.6
756298696466097152,7359,2,62900,5,2020,-7205.52
756298696466097152,7359,2,62900,6,2020,-6133.7
756298696466097152,7359,2,62900,7,2020,-7397.83
756298696466097152,7359,2,62900,8,2020,-7709.79
756298696466097152,7359,2,62900,9,2020,-7702.83
756298696466097152,7359,2,62900,10,2020,-5085.44
756298696466097152,7359,2,62900,11,2020,252.2
756298696466097152,7359,2,62900,12,2020,4922.4
756403032749129856,7894,1,16926,1,2020,-2457.02
756403032749129856,7894,1,16926,2,2020,-2814.1
756403032749129856,7894,1,16926,3,2020,-3800.17
756403032749129856,7894,1,16926,4,2020,-9212.9
756403032749129856,7894,1,16926,5,2020,-12510.61
756403032749129856,7894,1,16926,6,2020,-13287.16
756403032749129856,7894,1,16926,7,2020,-13216.0
756403032749129856,7894,1,16926,8,2020,-10193.75
756403032749129856,7894,1,16926,9,2020,-10963.2
756403032749129856,7894,1,16926,10,2020,-13704.85
756403032749129856,7894,1,16926,11,2020,-12011.42
756403032749129856,7894,1,16926,12,2020,-10915.2
757254104918697344,6503,5,18176,1,2020,-1684.01
757254104918697344,6503,5,18176,2,2020,2308.65
757254104918697344,6503,5,18176,3,2020,4921.8
757254104918697344,6503,5,18176,4,2020,6373.24
757254104918697344,6503,5,18176,5,2020,6273.81
757254104918697344,6503,5,18176,6,2020,4298.36
757254104918697344,6503,5,18176,7,2020,3706.23
757254104918697344,6503,5,18176,8,2020,6491.0
757254104918697344,6503,5,18176,9,2020,7198.68
757254104918697344,6503,5,18176,10,2020,659.98
757254104918697344,6503,5,18176,11,2020,3246.46
757254104918697344,6503,5,18176,12,2020,447.35
757335542249200512,4339,8,69774,1,2020,2339.92
757335542249200512,4339,8,69774,2,2020,3383.76
757335542249200512,4339,8,69774,3,2020,4026.35
757335542249200512,4339,8,69774,4,2020,6558.53
757335542249200512,4339,8,69774,5,2020,6348.22
757335542249200512,4339,8,69774,6,2020,7993.56
757335542249200512,4339,8,69774,7,2020,7805.32
757335542249200512,4339,8,69774,8,2020,6982.23
757335542249200512,4339,8,69774,9,2020,11150.81
757335542249200512,4339,8,69774,10,2020,13113.56
757335542249200512,4339,8,69774,11,2020,13113.56
757335542249200512,4339,8,69774,12,2020,12197.18
757456619713070080,8800,4,44180,1,2020,-4783.56
757456619713070080,8800,4,44180,2,2020,-101.5
757456619713070080,8800,4,44180,3,2020,2034.89
757456619713070080,8800,4,44180,4,2020,4603.21
757456619713070080,8800,4,44180,5,2020,5985.72
757456619713070080,8800,4,44180,6,2020,-2195.6
757456619713070080,8800,4,44180,7,2020,-4874.04
757456619713070080,8800,4,44180,8,2020,-10943.66
757456619713070080,8800,4,44180,9,2020,-17691.36
757456619713070080,8800,4,44180,10,2020,-15172.03
757456619713070080,8800,4,44180,11,2020,-12424.14
757456619713070080,8800,4,44180,12,2020,-16060.39
758118866890671616,6371,8,76369,1,2020,2965.78
758118866890671616,6371,8,76369,2,2020,-42.68
758118866890671616,6371,8,76369,3,2020,1215.15
758118866890671616,6371,8,76369,4,2020,6563.75
758118866890671616,6371,8,76369,5,2020,4493.71
758118866890671616,6371,8,76369,6,2020,3385.53
758118866890671616,6371,8,76369,7,2020,7655.9
758118866890671616,6371,8,76369,8,2020,8218.38
758118866890671616,6371,8,76369,9,2020,16211.08
758118866890671616,6371,8,76369,10,2020,18703.31
758118866890671616,6371,8,76369,11,2020,24212.15
758118866890671616,6371,8,76369,12,2020,24404.11
759825256206921728,6289,2,38845,1,2020,0.0
759825256206921728,6289,2,38845,2,2020,0.0
759825256206921728,6289,2,38845,3,2020,1444.68
759825256206921728,6289,2,38845,4,2020,1444.68
759825256206921728,6289,2,38845,5,2020,1444.68
759825256206921728,6289,2,38845,6,2020,2710.39
759825256206921728,6289,2,38845,7,2020,2710.39
759825256206921728,6289,2,38845,8,2020,2710.39
759825256206921728,6289,2,38845,9,2020,2710.39
759825256206921728,6289,2,38845,10,2020,2710.39
759825256206921728,6289,2,38845,11,2020,2710.39
759825256206921728,6289,2,38845,12,2020,2710.39
759905162151811328,9661,4,46497,1,2020,-854.57
759905162151811328,9661,4,46497,2,2020,616.11
759905162151811328,9661,4,46497,3,2020,1231.17
759905162151811328,9661,4,46497,4,2020,5108.23
759905162151811328,9661,4,46497,5,2020,10274.41
759905162151811328,9661,4,46497,6,2020,8716.84
759905162151811328,9661,4,46497,7,2020,5146.92
759905162151811328,9661,4,46497,8,2020,6192.44
759905162151811328,9661,4,46497,9,2020,9142.2
759905162151811328,9661,4,46497,10,2020,10336.22
759905162151811328,9661,4,46497,11,2020,16269.42
759905162151811328,9661,4,46497,12,2020,15476.47
760324396661973760,2999,9,37896,1,2020,-2407.57
760324396661973760,2999,9,37896,2,2020,-2092.24
760324396661973760,2999,9,37896,3,2020,-3695.92
760324396661973760,2999,9,37896,4,2020,-5625.68
760324396661973760,2999,9,37896,5,2020,-4030.5
760324396661973760,2999,9,37896,6,2020,-980.29
760324396661973760,2999,9,37896,7,2020,797.3
760324396661973760,2999,9,37896,8,2020,572.16
760324396661973760,2999,9,37896,9,2020,572.16
760324396661973760,2999,9,37896,10,2020,-811.53
760324396661973760,2999,9,37896,11,2020,-2594.61
760324396661973760,2999,9,37896,12,2020,-144.97
760511231025007488,6692,2,81046,1,2020,-771.58
760511231025007488,6692,2,81046,2,2020,-4269.02
760511231025007488,6692,2,81046,3,2020,-6577.53
760511231025007488,6692,2,81046,4,2020,-12192.53
760511231025007488,6692,2,81046,5,2020,-6903.38
760511231025007488,6692,2,81046,6,2020,-1141.73
760511231025007488,6692,2,81046,7,2020,-2226.64
760511231025007488,6692,2,81046,8,2020,-838.7
760511231025007488,6692,2,81046,9,2020,-4316.1
760511231025007488,6692,2,81046,10,2020,-7219.29
760511231025007488,6692,2,81046,11,2020,-5919.97
760511231025007488,6692,2,81046,12,2020,-9947.54
760705245457254144,4314,7,73242,1,2020,1361.35
760705245457254144,4314,7,73242,2,2020,2031.04
760705245457254144,4314,7,73242,3,2020,12499.35
760705245457254144,4314,7,73242,4,2020,14849.8
760705245457254144,4314,7,73242,5,2020,17121.85
760705245457254144,4314,7,73242,6,2020,11840.18
760705245457254144,4314,7,73242,7,2020,18440.58
760705245457254144,4314,7,73242,8,2020,23155.62
760705245457254144,4314,7,73242,9,2020,26695.64
760705245457254144,4314,7,73242,10,2020,32533.2
760705245457254144,4314,7,73242,11,2020,38117.37
760705245457254144,4314,7,73242,12,2020,38397.82
761595328694611072,6154,6,8660,1,2020,2292.13
761595328694611072,6154,6,8660,2,2020,571.0
761595328694611072,6154,6,8660,3,2020,-1442.66
761595328694611072,6154,6,8660,4,2020,-8976.31
761595328694611072,6154,6,8660,5,2020,-10284.1
761595328694611072,6154,6,8660,6,2020,-12244.73
761595328694611072,6154,6,8660,7,2020,-20654.89
761595328694611072,6154,6,8660,8,2020,-21532.01
761595328694611072,6154,6,8660,9,2020,-15011.07
761595328694611072,6154,6,8660,10,2020,-9277.39
761595328694611072,6154,6,8660,11,2020,-8271.09
761595328694611072,6154,6,8660,12,2020,-8957.58
764158323647692544,4185,0,74090,1,2020,2560.53
764158323647692544,4185,0,74090,2,2020,4079.89
764158323647692544,4185,0,74090,3,2020,3369.48
764158323647692544,4185,0,74090,4,2020,2639.17
764158323647692544,4185,0,74090,5,2020,1184.31
764158323647692544,4185,0,74090,6,2020,3029.31
764158323647692544,4185,0,74090,7,2020,8799.07
764158323647692544,4185,0,74090,8,2020,4328.85
764158323647692544,4185,0,74090,9,2020,3141.81
764158323647692544,4185,0,74090,10,2020,-2399.9
764158323647692544,4185,0,74090,11,2020,-3864.04
764158323647692544,4185,0,74090,12,2020,-9391.36
764566103275770112,6664,1,87845,1,2020,-537.18
764566103275770112,6664,1,87845,2,2020,1649.11
764566103275770112,6664,1,87845,3,2020,187.56
764566103275770112,6664,1,87845,4,2020,1063.42
764566103275770112,6664,1,87845,5,2020,3397.24
