3021794953725494784,2332,6,85759,9,2020,-82.51
3021794953725494784,2332,6,85759,10,2020,-704.65
3021794953725494784,2332,6,85759,11,2020,-951.53
3021794953725494784,2332,6,85759,12,2020,105.61
3021809296135193600,898,7,76569,1,2020,689.0
3021809296135193600,898,7,76569,2,2020,-3848.09
3021809296135193600,898,7,76569,3,2020,-4035.82
3021809296135193600,898,7,76569,4,2020,-10982.42
3021809296135193600,898,7,76569,5,2020,-5650.01
3021809296135193600,898,7,76569,6,2020,-10771.4
3021809296135193600,898,7,76569,7,2020,-12667.97
3021809296135193600,898,7,76569,8,2020,-9664.64
3021809296135193600,898,7,76569,9,2020,-9723.66
3021809296135193600,898,7,76569,10,2020,-9904.97
3021809296135193600,898,7,76569,11,2020,-14333.31
3021809296135193600,898,7,76569,12,2020,-15884.98
3023143129706128896,9404,4,80989,1,2020,-4121.24
3023143129706128896,9404,4,80989,2,2020,-1534.97
3023143129706128896,9404,4,80989,3,2020,-995.73
3023143129706128896,9404,4,80989,4,2020,1456.1
3023143129706128896,9404,4,80989,5,2020,3267.94
3023143129706128896,9404,4,80989,6,2020,922.9
3023143129706128896,9404,4,80989,7,2020,4247.87
3023143129706128896,9404,4,80989,8,2020,2462.61
3023143129706128896,9404,4,80989,9,2020,-1982.31
3023143129706128896,9404,4,80989,10,2020,-2031.62
3023143129706128896,9404,4,80989,11,2020,-3668.41
3023143129706128896,9404,4,80989,12,2020,80.52
3023687464064619520,6106,4,34517,1,2020,217.21
3023687464064619520,6106,4,34517,2,2020,1757.93
3023687464064619520,6106,4,34517,3,2020,3796.79
3023687464064619520,6106,4,34517,4,2020,-1729.36
3023687464064619520,6106,4,34517,5,2020,-5513.07
3023687464064619520,6106,4,34517,6,2020,-3784.33
3023687464064619520,6106,4,34517,7,2020,-2632.02
3023687464064619520,6106,4,34517,8,2020,-2825.37
3023687464064619520,6106,4,34517,9,2020,653.29
3023687464064619520,6106,4,34517,10,2020,643.08
3023687464064619520,6106,4,34517,11,2020,1277.58
3023687464064619520,6106,4,34517,12,2020,615.37
3023907678900841984,6382,7,17032,1,2020,-535.11
3023907678900841984,6382,7,17032,2,2020,1224.8
3023907678900841984,6382,7,17032,3,2020,5783.73
3023907678900841984,6382,7,17032,4,2020,5503.11
3023907678900841984,6382,7,17032,5,2020,4817.38
3023907678900841984,6382,7,17032,6,2020,5382.83
3023907678900841984,6382,7,17032,7,2020,6356.79
3023907678900841984,6382,7,17032,8,2020,5571.42
3023907678900841984,6382,7,17032,9,2020,7338.26
3023907678900841984,6382,7,17032,10,2020,7088.55
3023907678900841984,6382,7,17032,11,2020,13376.33
3023907678900841984,6382,7,17032,12,2020,15783.84
3024832704258978304,3002,3,73293,1,2020,919.96
3024832704258978304,3002,3,73293,2,2020,-1532.05
3024832704258978304,3002,3,73293,3,2020,-455.25
3024832704258978304,3002,3,73293,4,2020,5029.55
3024832704258978304,3002,3,73293,5,2020,8319.79
3024832704258978304,3002,3,73293,6,2020,8697.17
3024832704258978304,3002,3,73293,7,2020,9622.61
3024832704258978304,3002,3,73293,8,2020,11780.08
3024832704258978304,3002,3,73293,9,2020,12233.34
3024832704258978304,3002,3,73293,10,2020,12504.59
3024832704258978304,3002,3,73293,11,2020,16238.42
3024832704258978304,3002,3,73293,12,2020,19540.12
3025113988594296320,1389,9,87976,1,2020,-1467.74
3025113988594296320,1389,9,87976,2,2020,-6192.29
3025113988594296320,1389,9,87976,3,2020,-1116.26
3025113988594296320,1389,9,87976,4,2020,410.6
3025113988594296320,1389,9,87976,5,2020,-5791.9
3025113988594296320,1389,9,87976,6,2020,-5977.02
3025113988594296320,1389,9,87976,7,2020,-7069.43
3025113988594296320,1389,9,87976,8,2020,-13284.85
3025113988594296320,1389,9,87976,9,2020,-15240.67
3025113988594296320,1389,9,87976,10,2020,-14402.63
3025113988594296320,1389,9,87976,11,2020,-10964.13
3025113988594296320,1389,9,87976,12,2020,-9261.4
3025899453201493504,6071,0,74534,1,2020,-2748.73
3025899453201493504,6071,0,74534,2,2020,-3851.02
3025899453201493504,6071,0,74534,3,2020,-3693.55
3025899453201493504,6071,0,74534,4,2020,-7282.31
3025899453201493504,6071,0,74534,5,2020,-8418.59
3025899453201493504,6071,0,74534,6,2020,-10943.82
3025899453201493504,6071,0,74534,7,2020,-10267.0
3025899453201493504,6071,0,74534,8,2020,-3484.41
3025899453201493504,6071,0,74534,9,2020,-5350.61
3025899453201493504,6071,0,74534,10,2020,-11570.02
3025899453201493504,6071,0,74534,11,2020,1534.75
3025899453201493504,6071,0,74534,12,2020,4045.5
3026096836462334464,7760,2,75894,1,2020,-4.59
3026096836462334464,7760,2,75894,2,2020,-1287.18
3026096836462334464,7760,2,75894,3,2020,4919.04
3026096836462334464,7760,2,75894,4,2020,-8445.22
3026096836462334464,7760,2,75894,5,2020,-11221.51
3026096836462334464,7760,2,75894,6,2020,-5008.69
3026096836462334464,7760,2,75894,7,2020,-4705.14
3026096836462334464,7760,2,75894,8,2020,-25.79
3026096836462334464,7760,2,75894,9,2020,-1112.36
3026096836462334464,7760,2,75894,10,2020,-6282.12
3026096836462334464,7760,2,75894,11,2020,-3716.86
3026096836462334464,7760,2,75894,12,2020,-5187.51
302627976616225216,8152,3,36027,1,2020,-318.46
302627976616225216,8152,3,36027,2,2020,-1349.74
302627976616225216,8152,3,36027,3,2020,525.08
302627976616225216,8152,3,36027,4,2020,2175.46
302627976616225216,8152,3,36027,5,2020,295.88
302627976616225216,8152,3,36027,6,2020,-4051.01
302627976616225216,8152,3,36027,7,2020,-8230.46
302627976616225216,8152,3,36027,8,2020,-9126.71
302627976616225216,8152,3,36027,9,2020,-6462.7
302627976616225216,8152,3,36027,10,2020,-8449.58
302627976616225216,8152,3,36027,11,2020,-7652.1
302627976616225216,8152,3,36027,12,2020,-7551.74
3026687451852088320,7069,3,93203,1,2020,-2295.83
3026687451852088320,7069,3,93203,2,2020,2290.8
3026687451852088320,7069,3,93203,3,2020,-550.28
3026687451852088320,7069,3,93203,4,2020,-1176.95
3026687451852088320,7069,3,93203,5,2020,109.42
3026687451852088320,7069,3,93203,6,2020,-1243.85
3026687451852088320,7069,3,93203,7,2020,-2430.29
3026687451852088320,7069,3,93203,8,2020,-3559.33
3026687451852088320,7069,3,93203,9,2020,-5731.68
3026687451852088320,7069,3,93203,10,2020,-6390.78
3026687451852088320,7069,3,93203,11,2020,-10588.96
3026687451852088320,7069,3,93203,12,2020,-6934.03
3027022996242790400,1949,9,85632,1,2020,-394.49
3027022996242790400,1949,9,85632,2,2020,-4248.07
3027022996242790400,1949,9,85632,3,2020,-2457.91
3027022996242790400,1949,9,85632,4,2020,-1494.11
3027022996242790400,1949,9,85632,5,2020,-846.16
3027022996242790400,1949,9,85632,6,2020,84.37
3027022996242790400,1949,9,85632,7,2020,-2132.31
3027022996242790400,1949,9,85632,8,2020,-1540.48
3027022996242790400,1949,9,85632,9,2020,-5836.6
3027022996242790400,1949,9,85632,10,2020,-7390.42
3027022996242790400,1949,9,85632,11,2020,-11166.38
3027022996242790400,1949,9,85632,12,2020,-13086.79
3027316998217316864,3613,4,95717,1,2020,-190.09
3027316998217316864,3613,4,95717,2,2020,-6703.99
3027316998217316864,3613,4,95717,3,2020,-7760.97
3027316998217316864,3613,4,95717,4,2020,-7716.03
3027316998217316864,3613,4,95717,5,2020,-6675.72
3027316998217316864,3613,4,95717,6,2020,-8033.88
3027316998217316864,3613,4,95717,7,2020,-7734.46
3027316998217316864,3613,4,95717,8,2020,-5132.21
3027316998217316864,3613,4,95717,9,2020,7656.5
3027316998217316864,3613,4,95717,10,2020,8391.73
3027316998217316864,3613,4,95717,11,2020,6003.7
3027316998217316864,3613,4,95717,12,2020,15489.7
3028105418117580800,6057,2,81625,1,2020,1737.85
3028105418117580800,6057,2,81625,2,2020,2571.11
3028105418117580800,6057,2,81625,3,2020,-426.43
3028105418117580800,6057,2,81625,4,2020,-426.43
3028105418117580800,6057,2,81625,5,2020,384.15
3028105418117580800,6057,2,81625,6,2020,384.15
3028105418117580800,6057,2,81625,7,2020,308.58
3028105418117580800,6057,2,81625,8,2020,-924.7
3028105418117580800,6057,2,81625,9,2020,349.72
3028105418117580800,6057,2,81625,10,2020,349.72
3028105418117580800,6057,2,81625,11,2020,-1028.72
3028105418117580800,6057,2,81625,12,2020,-1028.72
3029969490060020224,2903,4,19719,1,2020,-4780.93
3029969490060020224,2903,4,19719,2,2020,-9259.94
3029969490060020224,2903,4,19719,3,2020,-12485.12
3029969490060020224,2903,4,19719,4,2020,-11400.14
3029969490060020224,2903,4,19719,5,2020,-9915.51
3029969490060020224,2903,4,19719,6,2020,-6215.22
3029969490060020224,2903,4,19719,7,2020,-8373.63
3029969490060020224,2903,4,19719,8,2020,-3896.85
3029969490060020224,2903,4,19719,9,2020,-3574.02
3029969490060020224,2903,4,19719,10,2020,-10052.17
3029969490060020224,2903,4,19719,11,2020,-14400.81
3029969490060020224,2903,4,19719,12,2020,-12427.44
3030397456751777792,3441,0,52473,1,2020,480.9
3030397456751777792,3441,0,52473,2,2020,1914.74
3030397456751777792,3441,0,52473,3,2020,3219.34
3030397456751777792,3441,0,52473,4,2020,3995.85
3030397456751777792,3441,0,52473,5,2020,4770.8
3030397456751777792,3441,0,52473,6,2020,2279.32
3030397456751777792,3441,0,52473,7,2020,2548.81
3030397456751777792,3441,0,52473,8,2020,1359.3
3030397456751777792,3441,0,52473,9,2020,-1111.17
3030397456751777792,3441,0,52473,10,2020,735.06
3030397456751777792,3441,0,52473,11,2020,4751.05
3030397456751777792,3441,0,52473,12,2020,3305.38
3030622644000044032,2296,9,6749,1,2020,-3534.0
3030622644000044032,2296,9,6749,2,2020,-1998.7
3030622644000044032,2296,9,6749,3,2020,-2020.99
3030622644000044032,2296,9,6749,4,2020,-1914.52
3030622644000044032,2296,9,6749,5,2020,-8502.68
3030622644000044032,2296,9,6749,6,2020,-4922.13
3030622644000044032,2296,9,6749,7,2020,-5825.12
3030622644000044032,2296,9,6749,8,2020,-994.65
3030622644000044032,2296,9,6749,9,2020,4182.03
3030622644000044032,2296,9,6749,10,2020,4200.82
3030622644000044032,2296,9,6749,11,2020,-3244.24
3030622644000044032,2296,9,6749,12,2020,-6650.64
3030699206277506560,6563,5,71422,1,2020,10.91
3030699206277506560,6563,5,71422,2,2020,4045.4
3030699206277506560,6563,5,71422,3,2020,5977.7
3030699206277506560,6563,5,71422,4,2020,3405.42
3030699206277506560,6563,5,71422,5,2020,3201.04
3030699206277506560,6563,5,71422,6,2020,-710.02
3030699206277506560,6563,5,71422,7,2020,5911.29
3030699206277506560,6563,5,71422,8,2020,-4280.81
3030699206277506560,6563,5,71422,9,2020,-5314.49
3030699206277506560,6563,5,71422,10,2020,-2848.94
3030699206277506560,6563,5,71422,11,2020,-2126.16
3030699206277506560,6563,5,71422,12,2020,-1692.85
3031133561556326912,6458,8,65496,1,2020,-1115.16
3031133561556326912,6458,8,65496,2,2020,-8435.02
3031133561556326912,6458,8,65496,3,2020,-11726.2
3031133561556326912,6458,8,65496,4,2020,-17275.89
3031133561556326912,6458,8,65496,5,2020,-20390.5
3031133561556326912,6458,8,65496,6,2020,-20626.25
3031133561556326912,6458,8,65496,7,2020,-27643.01
3031133561556326912,6458,8,65496,8,2020,-27558.84
3031133561556326912,6458,8,65496,9,2020,-32212.56
3031133561556326912,6458,8,65496,10,2020,-33688.02
3031133561556326912,6458,8,65496,11,2020,-36458.78
3031133561556326912,6458,8,65496,12,2020,-33980.88
3031575715140199424,3641,2,1833,1,2020,-896.72
3031575715140199424,3641,2,1833,2,2020,3620.31
3031575715140199424,3641,2,1833,3,2020,1130.89
3031575715140199424,3641,2,1833,4,2020,2980.72
3031575715140199424,3641,2,1833,5,2020,-351.65
3031575715140199424,3641,2,1833,6,2020,-4165.15
3031575715140199424,3641,2,1833,7,2020,-7260.79
3031575715140199424,3641,2,1833,8,2020,-2681.49
3031575715140199424,3641,2,1833,9,2020,2197.81
3031575715140199424,3641,2,1833,10,2020,3864.88
3031575715140199424,3641,2,1833,11,2020,7225.4
3031575715140199424,3641,2,1833,12,2020,9470.31
3031947849996805632,8369,8,75141,1,2020,0.0
3031947849996805632,8369,8,75141,2,2020,0.0
3031947849996805632,8369,8,75141,3,2020,737.93
3031947849996805632,8369,8,75141,4,2020,802.25
3031947849996805632,8369,8,75141,5,2020,802.25
3031947849996805632,8369,8,75141,6,2020,-293.93
3031947849996805632,8369,8,75141,7,2020,1315.58
3031947849996805632,8369,8,75141,8,2020,-222.04
