98935385187677248,1136,5,86898,7,2020,-5771.85
98935385187677248,1136,5,86898,8,2020,-3549.33
98935385187677248,1136,5,86898,9,2020,-10096.35
98935385187677248,1136,5,86898,10,2020,-12196.65
98935385187677248,1136,5,86898,11,2020,-11873.74
98935385187677248,1136,5,86898,12,2020,-10220.44
989993519124344192,2658,1,95379,1,2020,-1354.65
989993519124344192,2658,1,95379,2,2020,4268.78
989993519124344192,2658,1,95379,3,2020,5871.52
989993519124344192,2658,1,95379,4,2020,6616.22
989993519124344192,2658,1,95379,5,2020,7120.44
989993519124344192,2658,1,95379,6,2020,8386.74
989993519124344192,2658,1,95379,7,2020,4574.02
989993519124344192,2658,1,95379,8,2020,4806.91
989993519124344192,2658,1,95379,9,2020,8805.69
989993519124344192,2658,1,95379,10,2020,11844.5
989993519124344192,2658,1,95379,11,2020,17397.98
989993519124344192,2658,1,95379,12,2020,25838.94
990001155510780416,7640,7,85803,1,2020,1581.87
990001155510780416,7640,7,85803,2,2020,3164.93
990001155510780416,7640,7,85803,3,2020,-3194.22
990001155510780416,7640,7,85803,4,2020,8.01
990001155510780416,7640,7,85803,5,2020,-2531.59
990001155510780416,7640,7,85803,6,2020,-5079.86
990001155510780416,7640,7,85803,7,2020,-8246.71
990001155510780416,7640,7,85803,8,2020,-1408.88
990001155510780416,7640,7,85803,9,2020,-2638.28
990001155510780416,7640,7,85803,10,2020,-6490.83
990001155510780416,7640,7,85803,11,2020,-12432.91
990001155510780416,7640,7,85803,12,2020,-19323.49
990180862833394816,3553,1,27994,1,2020,7871.15
990180862833394816,3553,1,27994,2,2020,7766.16
990180862833394816,3553,1,27994,3,2020,9103.19
990180862833394816,3553,1,27994,4,2020,14652.75
990180862833394816,3553,1,27994,5,2020,19457.96
990180862833394816,3553,1,27994,6,2020,18604.76
990180862833394816,3553,1,27994,7,2020,10377.38
990180862833394816,3553,1,27994,8,2020,5592.57
990180862833394816,3553,1,27994,9,2020,10713.87
990180862833394816,3553,1,27994,10,2020,8399.09
990180862833394816,3553,1,27994,11,2020,1860.87
990180862833394816,3553,1,27994,12,2020,1721.72
990700466464835712,707,1,50415,1,2020,-427.65
990700466464835712,707,1,50415,2,2020,-3633.3
990700466464835712,707,1,50415,3,2020,-2912.58
990700466464835712,707,1,50415,4,2020,-1399.07
990700466464835712,707,1,50415,5,2020,2822.57
990700466464835712,707,1,50415,6,2020,-452.79
990700466464835712,707,1,50415,7,2020,-4200.89
990700466464835712,707,1,50415,8,2020,-1364.91
990700466464835712,707,1,50415,9,2020,-3278.44
990700466464835712,707,1,50415,10,2020,6080.3
990700466464835712,707,1,50415,11,2020,3837.62
990700466464835712,707,1,50415,12,2020,9006.52
991508173779115776,2140,8,65736,1,2020,-7128.97
991508173779115776,2140,8,65736,2,2020,-6663.77
991508173779115776,2140,8,65736,3,2020,-9098.92
991508173779115776,2140,8,65736,4,2020,-9540.78
991508173779115776,2140,8,65736,5,2020,-14588.89
991508173779115776,2140,8,65736,6,2020,-13502.37
991508173779115776,2140,8,65736,7,2020,-12182.72
991508173779115776,2140,8,65736,8,2020,-13680.69
991508173779115776,2140,8,65736,9,2020,-19971.9
991508173779115776,2140,8,65736,10,2020,-20524.96
991508173779115776,2140,8,65736,11,2020,-25904.04
991508173779115776,2140,8,65736,12,2020,-25832.94
992538106218163968,889,3,49015,1,2020,1157.1
992538106218163968,889,3,49015,2,2020,2890.55
992538106218163968,889,3,49015,3,2020,-543.54
992538106218163968,889,3,49015,4,2020,6311.01
992538106218163968,889,3,49015,5,2020,2311.28
992538106218163968,889,3,49015,6,2020,5943.11
992538106218163968,889,3,49015,7,2020,7611.16
992538106218163968,889,3,49015,8,2020,9477.69
992538106218163968,889,3,49015,9,2020,6790.44
992538106218163968,889,3,49015,10,2020,9928.75
992538106218163968,889,3,49015,11,2020,4519.13
992538106218163968,889,3,49015,12,2020,6184.08
995139022629042688,5545,8,97691,1,2020,562.21
995139022629042688,5545,8,97691,2,2020,1987.16
995139022629042688,5545,8,97691,3,2020,900.59
995139022629042688,5545,8,97691,4,2020,-1625.21
995139022629042688,5545,8,97691,5,2020,-1590.97
995139022629042688,5545,8,97691,6,2020,923.02
995139022629042688,5545,8,97691,7,2020,794.79
995139022629042688,5545,8,97691,8,2020,-94.04
995139022629042688,5545,8,97691,9,2020,-1838.17
995139022629042688,5545,8,97691,10,2020,1417.93
995139022629042688,5545,8,97691,11,2020,4534.23
995139022629042688,5545,8,97691,12,2020,4635.8
995649284465218304,3409,5,57591,1,2020,1089.48
995649284465218304,3409,5,57591,2,2020,-509.57
995649284465218304,3409,5,57591,3,2020,-838.36
995649284465218304,3409,5,57591,4,2020,-1162.94
995649284465218304,3409,5,57591,5,2020,-1162.94
995649284465218304,3409,5,57591,6,2020,-2628.38
995649284465218304,3409,5,57591,7,2020,-2628.38
995649284465218304,3409,5,57591,8,2020,-2967.89
995649284465218304,3409,5,57591,9,2020,-2617.81
995649284465218304,3409,5,57591,10,2020,-3742.04
995649284465218304,3409,5,57591,11,2020,-3742.04
995649284465218304,3409,5,57591,12,2020,-5662.23
995819150724784384,9351,7,59616,1,2020,-2005.44
995819150724784384,9351,7,59616,2,2020,-1433.49
995819150724784384,9351,7,59616,3,2020,-4488.49
995819150724784384,9351,7,59616,4,2020,-8134.51
995819150724784384,9351,7,59616,5,2020,-8198.22
995819150724784384,9351,7,59616,6,2020,-6274.6
995819150724784384,9351,7,59616,7,2020,-3962.3
995819150724784384,9351,7,59616,8,2020,-4118.32
995819150724784384,9351,7,59616,9,2020,-2361.29
995819150724784384,9351,7,59616,10,2020,-2664.71
995819150724784384,9351,7,59616,11,2020,2304.42
995819150724784384,9351,7,59616,12,2020,1817.15
995906565691736832,9048,4,46061,1,2020,1473.5
995906565691736832,9048,4,46061,2,2020,1812.7
995906565691736832,9048,4,46061,3,2020,-1794.44
995906565691736832,9048,4,46061,4,2020,-4601.15
995906565691736832,9048,4,46061,5,2020,-4359.94
995906565691736832,9048,4,46061,6,2020,-160.33
995906565691736832,9048,4,46061,7,2020,2479.29
995906565691736832,9048,4,46061,8,2020,1949.46
995906565691736832,9048,4,46061,9,2020,-2210.54
995906565691736832,9048,4,46061,10,2020,321.67
995906565691736832,9048,4,46061,11,2020,1078.23
995906565691736832,9048,4,46061,12,2020,2526.9
996267931213962112,8277,0,86503,1,2020,1780.81
996267931213962112,8277,0,86503,2,2020,-367.75
996267931213962112,8277,0,86503,3,2020,-3816.93
996267931213962112,8277,0,86503,4,2020,1042.41
996267931213962112,8277,0,86503,5,2020,-483.39
996267931213962112,8277,0,86503,6,2020,1162.29
996267931213962112,8277,0,86503,7,2020,-3859.17
996267931213962112,8277,0,86503,8,2020,-5705.44
996267931213962112,8277,0,86503,9,2020,-3698.97
996267931213962112,8277,0,86503,10,2020,-12238.64
996267931213962112,8277,0,86503,11,2020,-13743.02
996267931213962112,8277,0,86503,12,2020,-11735.9
996929790368373760,2316,7,94660,1,2020,2417.29
996929790368373760,2316,7,94660,2,2020,6128.75
996929790368373760,2316,7,94660,3,2020,5100.03
996929790368373760,2316,7,94660,4,2020,4898.99
996929790368373760,2316,7,94660,5,2020,8887.89
996929790368373760,2316,7,94660,6,2020,9746.94
996929790368373760,2316,7,94660,7,2020,8709.55
996929790368373760,2316,7,94660,8,2020,11647.41
996929790368373760,2316,7,94660,9,2020,16193.12
996929790368373760,2316,7,94660,10,2020,18003.03
996929790368373760,2316,7,94660,11,2020,21113.75
996929790368373760,2316,7,94660,12,2020,20301.61
997009855980774528,3218,2,21891,1,2020,824.08
997009855980774528,3218,2,21891,2,2020,553.02
997009855980774528,3218,2,21891,3,2020,4119.31
997009855980774528,3218,2,21891,4,2020,2141.8
997009855980774528,3218,2,21891,5,2020,2141.8
997009855980774528,3218,2,21891,6,2020,2608.53
997009855980774528,3218,2,21891,7,2020,3411.15
997009855980774528,3218,2,21891,8,2020,3252.54
997009855980774528,3218,2,21891,9,2020,1311.38
997009855980774528,3218,2,21891,10,2020,794.87
997009855980774528,3218,2,21891,11,2020,-368.8
997009855980774528,3218,2,21891,12,2020,-1448.71
997463566344381312,7965,8,42402,1,2020,-376.86
997463566344381312,7965,8,42402,2,2020,2906.11
997463566344381312,7965,8,42402,3,2020,1015.14
997463566344381312,7965,8,42402,4,2020,3062.55
997463566344381312,7965,8,42402,5,2020,248.54
997463566344381312,7965,8,42402,6,2020,2980.68
997463566344381312,7965,8,42402,7,2020,7936.13
997463566344381312,7965,8,42402,8,2020,13612.65
997463566344381312,7965,8,42402,9,2020,12863.59
997463566344381312,7965,8,42402,10,2020,14334.05
997463566344381312,7965,8,42402,11,2020,15310.71
997463566344381312,7965,8,42402,12,2020,18358.56
99761083940083984,703,2,91951,1,2020,10208.91
99761083940083984,703,2,91951,2,2020,11099.3
99761083940083984,703,2,91951,3,2020,2596.76
99761083940083984,703,2,91951,4,2020,725.39
99761083940083984,703,2,91951,5,2020,1583.67
99761083940083984,703,2,91951,6,2020,9659.99
99761083940083984,703,2,91951,7,2020,21048.23
99761083940083984,703,2,91951,8,2020,27738.67
99761083940083984,703,2,91951,9,2020,30534.69
99761083940083984,703,2,91951,10,2020,29029.49
99761083940083984,703,2,91951,11,2020,30055.03
99761083940083984,703,2,91951,12,2020,35389.67
997654233832081920,8402,4,70225,1,2020,-1368.85
997654233832081920,8402,4,70225,2,2020,-2130.88
997654233832081920,8402,4,70225,3,2020,-1680.11
997654233832081920,8402,4,70225,4,2020,5394.22
997654233832081920,8402,4,70225,5,2020,8200.9
997654233832081920,8402,4,70225,6,2020,5292.69
997654233832081920,8402,4,70225,7,2020,4922.8
997654233832081920,8402,4,70225,8,2020,1648.62
997654233832081920,8402,4,70225,9,2020,9045.78
997654233832081920,8402,4,70225,10,2020,19569.8
997654233832081920,8402,4,70225,11,2020,19454.32
997654233832081920,8402,4,70225,12,2020,16256.24
997720059507809152,5829,0,13462,1,2020,722.03
997720059507809152,5829,0,13462,2,2020,-2756.73
997720059507809152,5829,0,13462,3,2020,1473.78
997720059507809152,5829,0,13462,4,2020,1174.73
997720059507809152,5829,0,13462,5,2020,1758.77
997720059507809152,5829,0,13462,6,2020,4500.9
997720059507809152,5829,0,13462,7,2020,-28.33
997720059507809152,5829,0,13462,8,2020,75.87
997720059507809152,5829,0,13462,9,2020,-445.69
997720059507809152,5829,0,13462,10,2020,-3962.27
997720059507809152,5829,0,13462,11,2020,-5254.6
997720059507809152,5829,0,13462,12,2020,-6631.4
99970687267312864,1103,7,26064,1,2020,-1607.49
99970687267312864,1103,7,26064,2,2020,-309.64
99970687267312864,1103,7,26064,3,2020,3118.43
99970687267312864,1103,7,26064,4,2020,284.02
99970687267312864,1103,7,26064,5,2020,-321.18
99970687267312864,1103,7,26064,6,2020,76.43
99970687267312864,1103,7,26064,7,2020,541.38
99970687267312864,1103,7,26064,8,2020,-874.19
99970687267312864,1103,7,26064,9,2020,888.46
99970687267312864,1103,7,26064,10,2020,-6968.32
99970687267312864,1103,7,26064,11,2020,-8442.49
99970687267312864,1103,7,26064,12,2020,-8612.32
999895355615035648,7437,7,43435,1,2020,1064.48
999895355615035648,7437,7,43435,2,2020,5160.36
999895355615035648,7437,7,43435,3,2020,4932.04
999895355615035648,7437,7,43435,4,2020,3424.11
999895355615035648,7437,7,43435,5,2020,-2396.26
999895355615035648,7437,7,43435,6,2020,-6467.07
999895355615035648,7437,7,43435,7,2020,-6156.9
999895355615035648,7437,7,43435,8,2020,-10367.51
999895355615035648,7437,7,43435,9,2020,-10002.29
999895355615035648,7437,7,43435,10,2020,-11591.07
999895355615035648,7437,7,43435,11,2020,-9693.4
999895355615035648,7437,7,43435,12,2020,-13063.26
