2771177008465697792,576,7,17160,1,2020,3778.96
2771177008465697792,576,7,17160,2,2020,1345.12
2771177008465697792,576,7,17160,3,2020,-1495.61
2771177008465697792,576,7,17160,4,2020,582.72
2771177008465697792,576,7,17160,5,2020,181.99
2771177008465697792,576,7,17160,6,2020,-2699.29
2771177008465697792,576,7,17160,7,2020,-3541.55
2771177008465697792,576,7,17160,8,2020,-9727.13
2771177008465697792,576,7,17160,9,2020,-13479.45
2771177008465697792,576,7,17160,10,2020,-9008.29
2771177008465697792,576,7,17160,11,2020,-10177.66
2771177008465697792,576,7,17160,12,2020,-8188.29
2771889243008298496,5133,4,50989,1,2020,497.16
2771889243008298496,5133,4,50989,2,2020,4481.52
2771889243008298496,5133,4,50989,3,2020,8662.83
2771889243008298496,5133,4,50989,4,2020,7881.23
2771889243008298496,5133,4,50989,5,2020,-4603.61
2771889243008298496,5133,4,50989,6,2020,-13133.21
2771889243008298496,5133,4,50989,7,2020,-9732.19
2771889243008298496,5133,4,50989,8,2020,-10875.08
2771889243008298496,5133,4,50989,9,2020,-4805.35
2771889243008298496,5133,4,50989,10,2020,-4805.47
2771889243008298496,5133,4,50989,11,2020,-4960.69
2771889243008298496,5133,4,50989,12,2020,252.42
2772957967225869312,2331,0,33950,1,2020,-2638.03
2772957967225869312,2331,0,33950,2,2020,-705.71
2772957967225869312,2331,0,33950,3,2020,1915.8
2772957967225869312,2331,0,33950,4,2020,-3769.15
2772957967225869312,2331,0,33950,5,2020,320.08
2772957967225869312,2331,0,33950,6,2020,-2037.05
2772957967225869312,2331,0,33950,7,2020,-152.02
2772957967225869312,2331,0,33950,8,2020,8062.9
2772957967225869312,2331,0,33950,9,2020,8156.42
2772957967225869312,2331,0,33950,10,2020,6235.08
2772957967225869312,2331,0,33950,11,2020,3514.83
2772957967225869312,2331,0,33950,12,2020,5609.15
2773316159885360128,8976,1,44671,1,2020,6788.5
2773316159885360128,8976,1,44671,2,2020,9327.59
2773316159885360128,8976,1,44671,3,2020,4532.95
2773316159885360128,8976,1,44671,4,2020,14459.85
2773316159885360128,8976,1,44671,5,2020,14890.23
2773316159885360128,8976,1,44671,6,2020,18308.93
2773316159885360128,8976,1,44671,7,2020,12196.71
2773316159885360128,8976,1,44671,8,2020,2890.72
2773316159885360128,8976,1,44671,9,2020,1515.6
2773316159885360128,8976,1,44671,10,2020,-3027.3
2773316159885360128,8976,1,44671,11,2020,1948.4
2773316159885360128,8976,1,44671,12,2020,4252.5
2774185563162609152,9652,3,71993,1,2020,-109.74
2774185563162609152,9652,3,71993,2,2020,-5515.43
2774185563162609152,9652,3,71993,3,2020,-4650.84
2774185563162609152,9652,3,71993,4,2020,-5648.4
2774185563162609152,9652,3,71993,5,2020,-4058.59
2774185563162609152,9652,3,71993,6,2020,-2146.38
2774185563162609152,9652,3,71993,7,2020,-1633.99
2774185563162609152,9652,3,71993,8,2020,-6950.96
2774185563162609152,9652,3,71993,9,2020,-9089.37
2774185563162609152,9652,3,71993,10,2020,-10028.55
2774185563162609152,9652,3,71993,11,2020,-10565.3
2774185563162609152,9652,3,71993,12,2020,-11865.43
2775414857543133184,440,7,2873,1,2020,-3732.38
2775414857543133184,440,7,2873,2,2020,-6640.96
2775414857543133184,440,7,2873,3,2020,-8361.02
2775414857543133184,440,7,2873,4,2020,-1784.82
2775414857543133184,440,7,2873,5,2020,-4888.32
2775414857543133184,440,7,2873,6,2020,-8190.79
2775414857543133184,440,7,2873,7,2020,-10118.61
2775414857543133184,440,7,2873,8,2020,-9039.0
2775414857543133184,440,7,2873,9,2020,-17135.73
2775414857543133184,440,7,2873,10,2020,-27799.95
2775414857543133184,440,7,2873,11,2020,-28135.28
2775414857543133184,440,7,2873,12,2020,-26434.36
2775679246283308032,2210,6,94351,1,2020,-507.27
2775679246283308032,2210,6,94351,2,2020,-1480.49
2775679246283308032,2210,6,94351,3,2020,-3034.69
2775679246283308032,2210,6,94351,4,2020,-7907.95
2775679246283308032,2210,6,94351,5,2020,-7340.1
2775679246283308032,2210,6,94351,6,2020,-10089.66
2775679246283308032,2210,6,94351,7,2020,-11754.6
2775679246283308032,2210,6,94351,8,2020,-12811.86
2775679246283308032,2210,6,94351,9,2020,-10923.02
2775679246283308032,2210,6,94351,10,2020,-13310.14
2775679246283308032,2210,6,94351,11,2020,-14519.87
2775679246283308032,2210,6,94351,12,2020,-14120.55
2777037250019109888,6241,0,69189,1,2020,8654.52
2777037250019109888,6241,0,69189,2,2020,7504.73
2777037250019109888,6241,0,69189,3,2020,7062.98
2777037250019109888,6241,0,69189,4,2020,8799.17
2777037250019109888,6241,0,69189,5,2020,2420.64
2777037250019109888,6241,0,69189,6,2020,3587.29
2777037250019109888,6241,0,69189,7,2020,5196.1
2777037250019109888,6241,0,69189,8,2020,5323.49
2777037250019109888,6241,0,69189,9,2020,7245.4
2777037250019109888,6241,0,69189,10,2020,8580.32
2777037250019109888,6241,0,69189,11,2020,14575.04
2777037250019109888,6241,0,69189,12,2020,17349.15
2777201147147817472,4165,9,40378,1,2020,-6445.64
2777201147147817472,4165,9,40378,2,2020,-18257.05
2777201147147817472,4165,9,40378,3,2020,-15596.98
2777201147147817472,4165,9,40378,4,2020,-16701.71
2777201147147817472,4165,9,40378,5,2020,-14585.94
2777201147147817472,4165,9,40378,6,2020,-16548.22
2777201147147817472,4165,9,40378,7,2020,-14563.47
2777201147147817472,4165,9,40378,8,2020,-18605.66
2777201147147817472,4165,9,40378,9,2020,-17092.26
2777201147147817472,4165,9,40378,10,2020,-15415.85
2777201147147817472,4165,9,40378,11,2020,-12598.07
2777201147147817472,4165,9,40378,12,2020,-12279.32
2777661816274882560,7671,3,94209,1,2020,1114.4
2777661816274882560,7671,3,94209,2,2020,237.14
2777661816274882560,7671,3,94209,3,2020,2395.04
2777661816274882560,7671,3,94209,4,2020,1755.79
2777661816274882560,7671,3,94209,5,2020,63.4
2777661816274882560,7671,3,94209,6,2020,-5544.27
2777661816274882560,7671,3,94209,7,2020,-3944.39
2777661816274882560,7671,3,94209,8,2020,-2012.89
2777661816274882560,7671,3,94209,9,2020,-4550.99
2777661816274882560,7671,3,94209,10,2020,-5645.41
2777661816274882560,7671,3,94209,11,2020,-6619.39
2777661816274882560,7671,3,94209,12,2020,-8030.01
2779112475850916864,7109,2,13935,1,2020,-1521.68
2779112475850916864,7109,2,13935,2,2020,-6710.07
2779112475850916864,7109,2,13935,3,2020,-10513.99
2779112475850916864,7109,2,13935,4,2020,-13198.98
2779112475850916864,7109,2,13935,5,2020,-10765.61
2779112475850916864,7109,2,13935,6,2020,-7866.02
2779112475850916864,7109,2,13935,7,2020,-5787.02
2779112475850916864,7109,2,13935,8,2020,-4079.17
2779112475850916864,7109,2,13935,9,2020,-4327.31
2779112475850916864,7109,2,13935,10,2020,-6486.73
2779112475850916864,7109,2,13935,11,2020,-10761.18
2779112475850916864,7109,2,13935,12,2020,-11021.98
2779490869695671296,4396,6,92413,1,2020,-335.26
2779490869695671296,4396,6,92413,2,2020,4623.48
2779490869695671296,4396,6,92413,3,2020,5016.91
2779490869695671296,4396,6,92413,4,2020,10739.91
2779490869695671296,4396,6,92413,5,2020,17887.25
2779490869695671296,4396,6,92413,6,2020,16622.6
2779490869695671296,4396,6,92413,7,2020,18653.19
2779490869695671296,4396,6,92413,8,2020,17058.01
2779490869695671296,4396,6,92413,9,2020,19970.13
2779490869695671296,4396,6,92413,10,2020,18755.89
2779490869695671296,4396,6,92413,11,2020,16598.72
2779490869695671296,4396,6,92413,12,2020,20392.99
2780582299699734016,3052,5,45485,1,2020,249.37
2780582299699734016,3052,5,45485,2,2020,-3206.86
2780582299699734016,3052,5,45485,3,2020,-5578.09
2780582299699734016,3052,5,45485,4,2020,-9182.1
2780582299699734016,3052,5,45485,5,2020,-13107.56
2780582299699734016,3052,5,45485,6,2020,-12777.64
2780582299699734016,3052,5,45485,7,2020,-13367.41
2780582299699734016,3052,5,45485,8,2020,-11425.38
2780582299699734016,3052,5,45485,9,2020,-16682.06
2780582299699734016,3052,5,45485,10,2020,-18537.39
2780582299699734016,3052,5,45485,11,2020,-19715.61
2780582299699734016,3052,5,45485,12,2020,-14829.12
2781163737952410112,9595,4,43791,1,2020,2693.0
2781163737952410112,9595,4,43791,2,2020,-921.54
2781163737952410112,9595,4,43791,3,2020,3848.63
2781163737952410112,9595,4,43791,4,2020,16423.7
2781163737952410112,9595,4,43791,5,2020,13240.94
2781163737952410112,9595,4,43791,6,2020,7953.5
2781163737952410112,9595,4,43791,7,2020,3421.32
2781163737952410112,9595,4,43791,8,2020,-3047.8
2781163737952410112,9595,4,43791,9,2020,-1794.44
2781163737952410112,9595,4,43791,10,2020,3962.53
2781163737952410112,9595,4,43791,11,2020,6798.13
2781163737952410112,9595,4,43791,12,2020,7675.3
2781360088635773952,4093,0,37062,1,2020,-9750.48
2781360088635773952,4093,0,37062,2,2020,-13765.9
2781360088635773952,4093,0,37062,3,2020,-14300.96
2781360088635773952,4093,0,37062,4,2020,-14337.18
2781360088635773952,4093,0,37062,5,2020,-12878.18
2781360088635773952,4093,0,37062,6,2020,-13952.82
2781360088635773952,4093,0,37062,7,2020,-17142.2
2781360088635773952,4093,0,37062,8,2020,-29492.23
2781360088635773952,4093,0,37062,9,2020,-21321.53
2781360088635773952,4093,0,37062,10,2020,-26491.83
2781360088635773952,4093,0,37062,11,2020,-28257.84
2781360088635773952,4093,0,37062,12,2020,-31753.2
2781848412282230272,4602,7,45912,1,2020,3842.49
2781848412282230272,4602,7,45912,2,2020,1700.46
2781848412282230272,4602,7,45912,3,2020,1978.58
2781848412282230272,4602,7,45912,4,2020,9235.38
2781848412282230272,4602,7,45912,5,2020,3192.7
2781848412282230272,4602,7,45912,6,2020,10367.27
2781848412282230272,4602,7,45912,7,2020,2378.15
2781848412282230272,4602,7,45912,8,2020,3025.11
2781848412282230272,4602,7,45912,9,2020,9150.0
2781848412282230272,4602,7,45912,10,2020,16705.72
2781848412282230272,4602,7,45912,11,2020,11940.04
2781848412282230272,4602,7,45912,12,2020,15598.51
2782953705600286208,8939,0,89309,1,2020,5595.87
2782953705600286208,8939,0,89309,2,2020,7891.57
2782953705600286208,8939,0,89309,3,2020,4043.32
2782953705600286208,8939,0,89309,4,2020,3445.43
2782953705600286208,8939,0,89309,5,2020,6011.48
2782953705600286208,8939,0,89309,6,2020,7437.7
2782953705600286208,8939,0,89309,7,2020,10143.81
2782953705600286208,8939,0,89309,8,2020,12263.93
2782953705600286208,8939,0,89309,9,2020,15361.86
2782953705600286208,8939,0,89309,10,2020,20405.64
2782953705600286208,8939,0,89309,11,2020,24471.35
2782953705600286208,8939,0,89309,12,2020,19476.87
2784171078991463936,4054,7,30890,1,2020,3093.08
2784171078991463936,4054,7,30890,2,2020,4646.32
2784171078991463936,4054,7,30890,3,2020,10052.81
2784171078991463936,4054,7,30890,4,2020,4482.36
2784171078991463936,4054,7,30890,5,2020,7903.21
2784171078991463936,4054,7,30890,6,2020,11687.48
2784171078991463936,4054,7,30890,7,2020,9446.2
2784171078991463936,4054,7,30890,8,2020,4845.64
2784171078991463936,4054,7,30890,9,2020,-3415.35
2784171078991463936,4054,7,30890,10,2020,-7415.13
2784171078991463936,4054,7,30890,11,2020,-7347.0
2784171078991463936,4054,7,30890,12,2020,-3256.71
2784731037985171456,4856,6,7459,1,2020,-5862.12
2784731037985171456,4856,6,7459,2,2020,39.45
2784731037985171456,4856,6,7459,3,2020,-2217.75
2784731037985171456,4856,6,7459,4,2020,-644.86
2784731037985171456,4856,6,7459,5,2020,-6800.21
2784731037985171456,4856,6,7459,6,2020,-3181.73
2784731037985171456,4856,6,7459,7,2020,-873.56
2784731037985171456,4856,6,7459,8,2020,-10805.49
2784731037985171456,4856,6,7459,9,2020,-11294.78
2784731037985171456,4856,6,7459,10,2020,-18436.94
2784731037985171456,4856,6,7459,11,2020,-21104.07
2784731037985171456,4856,6,7459,12,2020,-22506.62
2785216338733542912,9735,9,85008,1,2020,-2193.91
2785216338733542912,9735,9,85008,2,2020,-5839.61
2785216338733542912,9735,9,85008,3,2020,-11750.47
2785216338733542912,9735,9,85008,4,2020,-12953.37
2785216338733542912,9735,9,85008,5,2020,-12469.1
2785216338733542912,9735,9,85008,6,2020,-8857.46
