7106839639082916,8570,1,69213,7,2020,-485.97
7106839639082916,8570,1,69213,8,2020,316.41
7106839639082916,8570,1,69213,9,2020,-68.03
7106839639082916,8570,1,69213,10,2020,-1727.97
7106839639082916,8570,1,69213,11,2020,-1067.13
7106839639082916,8570,1,69213,12,2020,-3847.98
710709077922151424,8477,3,36539,1,2020,-4614.22
710709077922151424,8477,3,36539,2,2020,-11418.08
710709077922151424,8477,3,36539,3,2020,-20415.74
710709077922151424,8477,3,36539,4,2020,-22136.02
710709077922151424,8477,3,36539,5,2020,-27960.86
710709077922151424,8477,3,36539,6,2020,-26952.74
710709077922151424,8477,3,36539,7,2020,-23383.64
710709077922151424,8477,3,36539,8,2020,-26452.41
710709077922151424,8477,3,36539,9,2020,-23842.16
710709077922151424,8477,3,36539,10,2020,-20330.69
710709077922151424,8477,3,36539,11,2020,-21687.84
710709077922151424,8477,3,36539,12,2020,-20364.76
712730710203085696,2475,4,12017,1,2020,-270.34
712730710203085696,2475,4,12017,2,2020,5903.69
712730710203085696,2475,4,12017,3,2020,11879.5
712730710203085696,2475,4,12017,4,2020,14942.05
712730710203085696,2475,4,12017,5,2020,18805.71
712730710203085696,2475,4,12017,6,2020,20169.49
712730710203085696,2475,4,12017,7,2020,23586.72
712730710203085696,2475,4,12017,8,2020,23198.76
712730710203085696,2475,4,12017,9,2020,24777.65
712730710203085696,2475,4,12017,10,2020,30640.81
712730710203085696,2475,4,12017,11,2020,36417.39
712730710203085696,2475,4,12017,12,2020,34228.21
713557314832514304,9763,1,32212,1,2020,6557.2
713557314832514304,9763,1,32212,2,2020,7941.84
713557314832514304,9763,1,32212,3,2020,7871.56
713557314832514304,9763,1,32212,4,2020,5703.52
713557314832514304,9763,1,32212,5,2020,2294.73
713557314832514304,9763,1,32212,6,2020,5838.63
713557314832514304,9763,1,32212,7,2020,6921.71
713557314832514304,9763,1,32212,8,2020,6496.06
713557314832514304,9763,1,32212,9,2020,6672.64
713557314832514304,9763,1,32212,10,2020,5052.5
713557314832514304,9763,1,32212,11,2020,1937.74
713557314832514304,9763,1,32212,12,2020,1651.2
713734166754053760,1178,4,41259,1,2020,692.75
713734166754053760,1178,4,41259,2,2020,2460.02
713734166754053760,1178,4,41259,3,2020,1297.72
713734166754053760,1178,4,41259,4,2020,-363.05
713734166754053760,1178,4,41259,5,2020,10300.02
713734166754053760,1178,4,41259,6,2020,6358.98
713734166754053760,1178,4,41259,7,2020,5147.17
713734166754053760,1178,4,41259,8,2020,14907.26
713734166754053760,1178,4,41259,9,2020,9932.67
713734166754053760,1178,4,41259,10,2020,15584.09
713734166754053760,1178,4,41259,11,2020,22189.42
713734166754053760,1178,4,41259,12,2020,27542.42
714821153104610176,3016,7,63638,1,2020,1073.15
714821153104610176,3016,7,63638,2,2020,7671.77
714821153104610176,3016,7,63638,3,2020,12159.49
714821153104610176,3016,7,63638,4,2020,12618.71
714821153104610176,3016,7,63638,5,2020,13867.23
714821153104610176,3016,7,63638,6,2020,14248.38
714821153104610176,3016,7,63638,7,2020,16747.0
714821153104610176,3016,7,63638,8,2020,17948.62
714821153104610176,3016,7,63638,9,2020,25152.28
714821153104610176,3016,7,63638,10,2020,23073.85
714821153104610176,3016,7,63638,11,2020,24081.58
714821153104610176,3016,7,63638,12,2020,28767.41
714993664078567296,5941,4,77243,1,2020,-1319.2
714993664078567296,5941,4,77243,2,2020,-5651.23
714993664078567296,5941,4,77243,3,2020,-3453.66
714993664078567296,5941,4,77243,4,2020,-2758.63
714993664078567296,5941,4,77243,5,2020,679.13
714993664078567296,5941,4,77243,6,2020,-625.89
714993664078567296,5941,4,77243,7,2020,1199.71
714993664078567296,5941,4,77243,8,2020,4312.41
714993664078567296,5941,4,77243,9,2020,8662.9
714993664078567296,5941,4,77243,10,2020,9159.27
714993664078567296,5941,4,77243,11,2020,8150.62
714993664078567296,5941,4,77243,12,2020,13456.42
715112727925731328,338,3,63150,1,2020,2007.67
715112727925731328,338,3,63150,2,2020,3184.4
715112727925731328,338,3,63150,3,2020,2369.28
715112727925731328,338,3,63150,4,2020,3703.02
715112727925731328,338,3,63150,5,2020,6421.93
715112727925731328,338,3,63150,6,2020,9554.37
715112727925731328,338,3,63150,7,2020,8645.94
715112727925731328,338,3,63150,8,2020,10208.7
715112727925731328,338,3,63150,9,2020,12834.43
715112727925731328,338,3,63150,10,2020,15636.82
715112727925731328,338,3,63150,11,2020,16172.64
715112727925731328,338,3,63150,12,2020,16058.51
716959943085868544,1421,6,91500,1,2020,1442.19
716959943085868544,1421,6,91500,2,2020,-204.78
716959943085868544,1421,6,91500,3,2020,-1566.11
716959943085868544,1421,6,91500,4,2020,-4829.84
716959943085868544,1421,6,91500,5,2020,-4829.84
716959943085868544,1421,6,91500,6,2020,-3837.86
716959943085868544,1421,6,91500,7,2020,-4094.06
716959943085868544,1421,6,91500,8,2020,-9585.66
716959943085868544,1421,6,91500,9,2020,-6288.57
716959943085868544,1421,6,91500,10,2020,-13652.66
716959943085868544,1421,6,91500,11,2020,-12268.45
716959943085868544,1421,6,91500,12,2020,-10194.06
717171127207134464,5708,1,14858,1,2020,3362.24
717171127207134464,5708,1,14858,2,2020,31.92
717171127207134464,5708,1,14858,3,2020,5700.78
717171127207134464,5708,1,14858,4,2020,9031.63
717171127207134464,5708,1,14858,5,2020,10419.39
717171127207134464,5708,1,14858,6,2020,13027.22
717171127207134464,5708,1,14858,7,2020,11507.67
717171127207134464,5708,1,14858,8,2020,14781.34
717171127207134464,5708,1,14858,9,2020,12950.02
717171127207134464,5708,1,14858,10,2020,12138.45
717171127207134464,5708,1,14858,11,2020,12720.05
717171127207134464,5708,1,14858,12,2020,10179.02
717341410938017664,3847,5,32763,1,2020,1421.98
717341410938017664,3847,5,32763,2,2020,-999.79
717341410938017664,3847,5,32763,3,2020,596.0
717341410938017664,3847,5,32763,4,2020,3275.47
717341410938017664,3847,5,32763,5,2020,192.24
717341410938017664,3847,5,32763,6,2020,-3763.41
717341410938017664,3847,5,32763,7,2020,-11463.55
717341410938017664,3847,5,32763,8,2020,-9375.36
717341410938017664,3847,5,32763,9,2020,-8517.86
717341410938017664,3847,5,32763,10,2020,-1945.76
717341410938017664,3847,5,32763,11,2020,-2261.55
717341410938017664,3847,5,32763,12,2020,-8247.7
717844862944145920,7860,8,74309,1,2020,5549.63
717844862944145920,7860,8,74309,2,2020,13524.38
717844862944145920,7860,8,74309,3,2020,18650.65
717844862944145920,7860,8,74309,4,2020,17459.26
717844862944145920,7860,8,74309,5,2020,11738.83
717844862944145920,7860,8,74309,6,2020,6668.78
717844862944145920,7860,8,74309,7,2020,2203.39
717844862944145920,7860,8,74309,8,2020,1071.99
717844862944145920,7860,8,74309,9,2020,-744.04
717844862944145920,7860,8,74309,10,2020,-6736.84
717844862944145920,7860,8,74309,11,2020,-7230.59
717844862944145920,7860,8,74309,12,2020,-4790.9
718025656490742912,8781,5,63593,1,2020,0.0
718025656490742912,8781,5,63593,2,2020,0.0
718025656490742912,8781,5,63593,3,2020,0.0
718025656490742912,8781,5,63593,4,2020,0.0
718025656490742912,8781,5,63593,5,2020,973.85
718025656490742912,8781,5,63593,6,2020,973.85
718025656490742912,8781,5,63593,7,2020,973.85
718025656490742912,8781,5,63593,8,2020,52.28
718025656490742912,8781,5,63593,9,2020,52.28
718025656490742912,8781,5,63593,10,2020,52.28
718025656490742912,8781,5,63593,11,2020,52.28
718025656490742912,8781,5,63593,12,2020,52.28
718030748973347200,9733,1,65055,1,2020,-1087.07
718030748973347200,9733,1,65055,2,2020,-3694.37
718030748973347200,9733,1,65055,3,2020,-4217.68
718030748973347200,9733,1,65055,4,2020,-1177.57
718030748973347200,9733,1,65055,5,2020,-4508.09
718030748973347200,9733,1,65055,6,2020,-5635.57
718030748973347200,9733,1,65055,7,2020,-816.11
718030748973347200,9733,1,65055,8,2020,-1522.47
718030748973347200,9733,1,65055,9,2020,-2409.79
718030748973347200,9733,1,65055,10,2020,-7273.81
718030748973347200,9733,1,65055,11,2020,-9056.9
718030748973347200,9733,1,65055,12,2020,-6115.61
718438191978871424,6568,1,19037,1,2020,-1484.12
718438191978871424,6568,1,19037,2,2020,92.49
718438191978871424,6568,1,19037,3,2020,4309.66
718438191978871424,6568,1,19037,4,2020,879.8
718438191978871424,6568,1,19037,5,2020,2565.4
718438191978871424,6568,1,19037,6,2020,554.82
718438191978871424,6568,1,19037,7,2020,5657.67
718438191978871424,6568,1,19037,8,2020,2295.11
718438191978871424,6568,1,19037,9,2020,7272.72
718438191978871424,6568,1,19037,10,2020,1794.39
718438191978871424,6568,1,19037,11,2020,7556.65
718438191978871424,6568,1,19037,12,2020,9043.52
718453369016993152,5839,5,27352,1,2020,-4691.63
718453369016993152,5839,5,27352,2,2020,-9630.71
718453369016993152,5839,5,27352,3,2020,-9813.83
718453369016993152,5839,5,27352,4,2020,-11321.07
718453369016993152,5839,5,27352,5,2020,-15867.46
718453369016993152,5839,5,27352,6,2020,-16248.99
718453369016993152,5839,5,27352,7,2020,-12283.04
718453369016993152,5839,5,27352,8,2020,-13880.31
718453369016993152,5839,5,27352,9,2020,-14462.82
718453369016993152,5839,5,27352,10,2020,-13399.24
718453369016993152,5839,5,27352,11,2020,-11206.01
718453369016993152,5839,5,27352,12,2020,-12720.89
718675424353606144,2466,8,90102,1,2020,329.18
718675424353606144,2466,8,90102,2,2020,2560.44
718675424353606144,2466,8,90102,3,2020,-1154.49
718675424353606144,2466,8,90102,4,2020,-2113.49
718675424353606144,2466,8,90102,5,2020,-2607.82
718675424353606144,2466,8,90102,6,2020,-1096.21
718675424353606144,2466,8,90102,7,2020,-4913.75
718675424353606144,2466,8,90102,8,2020,-8801.47
718675424353606144,2466,8,90102,9,2020,-8124.41
718675424353606144,2466,8,90102,10,2020,-4993.86
718675424353606144,2466,8,90102,11,2020,-3234.84
718675424353606144,2466,8,90102,12,2020,-7452.0
718970524310659712,5427,1,51691,1,2020,2355.02
718970524310659712,5427,1,51691,2,2020,4647.46
718970524310659712,5427,1,51691,3,2020,4384.95
718970524310659712,5427,1,51691,4,2020,765.17
718970524310659712,5427,1,51691,5,2020,-1686.85
718970524310659712,5427,1,51691,6,2020,-3587.6
718970524310659712,5427,1,51691,7,2020,-6364.23
718970524310659712,5427,1,51691,8,2020,-3187.97
718970524310659712,5427,1,51691,9,2020,-3310.36
718970524310659712,5427,1,51691,10,2020,-7283.51
718970524310659712,5427,1,51691,11,2020,-6939.22
718970524310659712,5427,1,51691,12,2020,-6814.21
719896901802843392,4959,7,3534,1,2020,-205.38
719896901802843392,4959,7,3534,2,2020,-640.51
719896901802843392,4959,7,3534,3,2020,-3439.77
719896901802843392,4959,7,3534,4,2020,-4346.8
719896901802843392,4959,7,3534,5,2020,-6979.93
719896901802843392,4959,7,3534,6,2020,-13737.87
719896901802843392,4959,7,3534,7,2020,-14744.59
719896901802843392,4959,7,3534,8,2020,-13454.71
719896901802843392,4959,7,3534,9,2020,-13746.6
719896901802843392,4959,7,3534,10,2020,-12171.02
719896901802843392,4959,7,3534,11,2020,-11137.7
719896901802843392,4959,7,3534,12,2020,-11137.7
720368805145772928,4750,7,71619,1,2020,2168.33
720368805145772928,4750,7,71619,2,2020,-5518.71
720368805145772928,4750,7,71619,3,2020,-2694.25
720368805145772928,4750,7,71619,4,2020,-9277.15
720368805145772928,4750,7,71619,5,2020,-11736.13
720368805145772928,4750,7,71619,6,2020,-13649.91
720368805145772928,4750,7,71619,7,2020,-19166.46
720368805145772928,4750,7,71619,8,2020,-18933.22
720368805145772928,4750,7,71619,9,2020,-16432.5
720368805145772928,4750,7,71619,10,2020,-18957.62
720368805145772928,4750,7,71619,11,2020,-24525.61
720368805145772928,4750,7,71619,12,2020,-19188.83
722844326440873856,6534,6,93173,1,2020,-1223.26
722844326440873856,6534,6,93173,2,2020,-1223.26
722844326440873856,6534,6,93173,3,2020,-1223.26
722844326440873856,6534,6,93173,4,2020,-1597.47
722844326440873856,6534,6,93173,5,2020,-2842.09
