916820743475132800,3065,9,60283,1,2020,-338.17
916820743475132800,3065,9,60283,2,2020,-1099.89
916820743475132800,3065,9,60283,3,2020,41.37
916820743475132800,3065,9,60283,4,2020,1807.38
916820743475132800,3065,9,60283,5,2020,1136.91
916820743475132800,3065,9,60283,6,2020,461.49
916820743475132800,3065,9,60283,7,2020,169.09
916820743475132800,3065,9,60283,8,2020,1202.51
916820743475132800,3065,9,60283,9,2020,1817.98
916820743475132800,3065,9,60283,10,2020,1140.65
916820743475132800,3065,9,60283,11,2020,1557.01
916820743475132800,3065,9,60283,12,2020,1895.5
917100214960358400,6049,7,35343,1,2020,-2579.01
917100214960358400,6049,7,35343,2,2020,-2635.76
917100214960358400,6049,7,35343,3,2020,-1042.6
917100214960358400,6049,7,35343,4,2020,2639.44
917100214960358400,6049,7,35343,5,2020,5886.88
917100214960358400,6049,7,35343,6,2020,8566.51
917100214960358400,6049,7,35343,7,2020,363.1
917100214960358400,6049,7,35343,8,2020,6793.31
917100214960358400,6049,7,35343,9,2020,10865.51
917100214960358400,6049,7,35343,10,2020,11172.53
917100214960358400,6049,7,35343,11,2020,7816.23
917100214960358400,6049,7,35343,12,2020,1169.22
917419822172747264,6181,5,27178,1,2020,-671.9
917419822172747264,6181,5,27178,2,2020,3516.91
917419822172747264,6181,5,27178,3,2020,1638.57
917419822172747264,6181,5,27178,4,2020,4855.7
917419822172747264,6181,5,27178,5,2020,8995.82
917419822172747264,6181,5,27178,6,2020,4370.58
917419822172747264,6181,5,27178,7,2020,10037.92
917419822172747264,6181,5,27178,8,2020,10420.58
917419822172747264,6181,5,27178,9,2020,4239.78
917419822172747264,6181,5,27178,10,2020,-3499.75
917419822172747264,6181,5,27178,11,2020,2148.36
917419822172747264,6181,5,27178,12,2020,-3392.23
917633434823852032,2121,3,78006,1,2020,10727.89
917633434823852032,2121,3,78006,2,2020,5775.4
917633434823852032,2121,3,78006,3,2020,-1697.22
917633434823852032,2121,3,78006,4,2020,-8019.39
917633434823852032,2121,3,78006,5,2020,-5904.28
917633434823852032,2121,3,78006,6,2020,-1918.84
917633434823852032,2121,3,78006,7,2020,2739.93
917633434823852032,2121,3,78006,8,2020,3506.62
917633434823852032,2121,3,78006,9,2020,-1257.99
917633434823852032,2121,3,78006,10,2020,-4425.88
917633434823852032,2121,3,78006,11,2020,-6528.62
917633434823852032,2121,3,78006,12,2020,-9005.04
919018532689109888,5427,9,32811,1,2020,0.0
919018532689109888,5427,9,32811,2,2020,-1131.19
919018532689109888,5427,9,32811,3,2020,-2108.55
919018532689109888,5427,9,32811,4,2020,-2197.79
919018532689109888,5427,9,32811,5,2020,-641.71
919018532689109888,5427,9,32811,6,2020,-1169.1
919018532689109888,5427,9,32811,7,2020,-2658.47
919018532689109888,5427,9,32811,8,2020,-2658.47
919018532689109888,5427,9,32811,9,2020,-21.86
919018532689109888,5427,9,32811,10,2020,3542.12
919018532689109888,5427,9,32811,11,2020,24.38
919018532689109888,5427,9,32811,12,2020,24.38
919571265786116608,2818,3,57129,1,2020,1755.21
919571265786116608,2818,3,57129,2,2020,4141.9
919571265786116608,2818,3,57129,3,2020,952.6
919571265786116608,2818,3,57129,4,2020,-1139.08
919571265786116608,2818,3,57129,5,2020,-3004.26
919571265786116608,2818,3,57129,6,2020,-1340.12
919571265786116608,2818,3,57129,7,2020,3006.61
919571265786116608,2818,3,57129,8,2020,3006.61
919571265786116608,2818,3,57129,9,2020,3818.33
919571265786116608,2818,3,57129,10,2020,6725.25
919571265786116608,2818,3,57129,11,2020,7424.27
919571265786116608,2818,3,57129,12,2020,6826.78
923049701478002048,6372,5,53444,1,2020,-5068.52
923049701478002048,6372,5,53444,2,2020,-5752.15
923049701478002048,6372,5,53444,3,2020,-6910.71
923049701478002048,6372,5,53444,4,2020,-7727.83
923049701478002048,6372,5,53444,5,2020,-8352.15
923049701478002048,6372,5,53444,6,2020,-3659.3
923049701478002048,6372,5,53444,7,2020,-3242.54
923049701478002048,6372,5,53444,8,2020,-1170.6
923049701478002048,6372,5,53444,9,2020,-3500.66
923049701478002048,6372,5,53444,10,2020,-7182.42
923049701478002048,6372,5,53444,11,2020,-9462.5
923049701478002048,6372,5,53444,12,2020,-12968.34
923240167931674752,5772,1,32859,1,2020,-7764.27
923240167931674752,5772,1,32859,2,2020,-6809.68
923240167931674752,5772,1,32859,3,2020,-8813.32
923240167931674752,5772,1,32859,4,2020,-6566.32
923240167931674752,5772,1,32859,5,2020,-7164.75
923240167931674752,5772,1,32859,6,2020,-3338.73
923240167931674752,5772,1,32859,7,2020,-4539.64
923240167931674752,5772,1,32859,8,2020,5897.3
923240167931674752,5772,1,32859,9,2020,8733.3
923240167931674752,5772,1,32859,10,2020,5325.77
923240167931674752,5772,1,32859,11,2020,2668.0
923240167931674752,5772,1,32859,12,2020,11899.99
923895908485622016,1295,8,35571,1,2020,-3993.98
923895908485622016,1295,8,35571,2,2020,-3865.13
923895908485622016,1295,8,35571,3,2020,-6370.52
923895908485622016,1295,8,35571,4,2020,-7241.17
923895908485622016,1295,8,35571,5,2020,-3198.16
923895908485622016,1295,8,35571,6,2020,-4544.59
923895908485622016,1295,8,35571,7,2020,-7622.94
923895908485622016,1295,8,35571,8,2020,-9229.82
923895908485622016,1295,8,35571,9,2020,-13354.31
923895908485622016,1295,8,35571,10,2020,-19287.32
923895908485622016,1295,8,35571,11,2020,-16009.18
923895908485622016,1295,8,35571,12,2020,-18488.96
924913617344237312,1459,5,75544,1,2020,-2289.91
924913617344237312,1459,5,75544,2,2020,-3712.3
924913617344237312,1459,5,75544,3,2020,-165.58
924913617344237312,1459,5,75544,4,2020,1967.9
924913617344237312,1459,5,75544,5,2020,498.44
924913617344237312,1459,5,75544,6,2020,168.83
924913617344237312,1459,5,75544,7,2020,3750.52
924913617344237312,1459,5,75544,8,2020,3107.13
924913617344237312,1459,5,75544,9,2020,2104.58
924913617344237312,1459,5,75544,10,2020,1545.75
924913617344237312,1459,5,75544,11,2020,4393.07
924913617344237312,1459,5,75544,12,2020,6390.02
925899387578979072,5344,9,47664,1,2020,-3188.22
925899387578979072,5344,9,47664,2,2020,-1415.13
925899387578979072,5344,9,47664,3,2020,6434.65
925899387578979072,5344,9,47664,4,2020,13347.71
925899387578979072,5344,9,47664,5,2020,9910.41
925899387578979072,5344,9,47664,6,2020,13898.03
925899387578979072,5344,9,47664,7,2020,13861.83
925899387578979072,5344,9,47664,8,2020,16591.4
925899387578979072,5344,9,47664,9,2020,11680.72
925899387578979072,5344,9,47664,10,2020,15643.21
925899387578979072,5344,9,47664,11,2020,13128.05
925899387578979072,5344,9,47664,12,2020,12703.78
926668058146664832,4533,9,26032,1,2020,1469.87
926668058146664832,4533,9,26032,2,2020,3060.99
926668058146664832,4533,9,26032,3,2020,-2972.0
926668058146664832,4533,9,26032,4,2020,-4398.9
926668058146664832,4533,9,26032,5,2020,2625.87
926668058146664832,4533,9,26032,6,2020,3533.75
926668058146664832,4533,9,26032,7,2020,10202.12
926668058146664832,4533,9,26032,8,2020,4314.06
926668058146664832,4533,9,26032,9,2020,794.76
926668058146664832,4533,9,26032,10,2020,-2169.59
926668058146664832,4533,9,26032,11,2020,-1435.93
926668058146664832,4533,9,26032,12,2020,2465.14
927370385741211648,2628,7,48811,1,2020,1205.81
927370385741211648,2628,7,48811,2,2020,-1464.39
927370385741211648,2628,7,48811,3,2020,97.86
927370385741211648,2628,7,48811,4,2020,4488.44
927370385741211648,2628,7,48811,5,2020,6761.47
927370385741211648,2628,7,48811,6,2020,9225.89
927370385741211648,2628,7,48811,7,2020,7528.73
927370385741211648,2628,7,48811,8,2020,10052.61
927370385741211648,2628,7,48811,9,2020,2516.87
927370385741211648,2628,7,48811,10,2020,7477.98
927370385741211648,2628,7,48811,11,2020,4360.52
927370385741211648,2628,7,48811,12,2020,7366.23
929207876865197824,5732,7,42861,1,2020,3982.96
929207876865197824,5732,7,42861,2,2020,7990.46
929207876865197824,5732,7,42861,3,2020,6878.19
929207876865197824,5732,7,42861,4,2020,8222.19
929207876865197824,5732,7,42861,5,2020,8954.36
929207876865197824,5732,7,42861,6,2020,6131.02
929207876865197824,5732,7,42861,7,2020,11000.61
929207876865197824,5732,7,42861,8,2020,12216.89
929207876865197824,5732,7,42861,9,2020,14599.95
929207876865197824,5732,7,42861,10,2020,12922.29
929207876865197824,5732,7,42861,11,2020,10987.68
929207876865197824,5732,7,42861,12,2020,9707.27
929232242034731648,7667,0,4404,1,2020,-5891.59
929232242034731648,7667,0,4404,2,2020,-8744.36
929232242034731648,7667,0,4404,3,2020,-7216.26
929232242034731648,7667,0,4404,4,2020,-9045.78
929232242034731648,7667,0,4404,5,2020,-11805.82
929232242034731648,7667,0,4404,6,2020,-8043.3
929232242034731648,7667,0,4404,7,2020,-11253.27
929232242034731648,7667,0,4404,8,2020,-3105.33
929232242034731648,7667,0,4404,9,2020,-7633.68
929232242034731648,7667,0,4404,10,2020,-4345.08
929232242034731648,7667,0,4404,11,2020,-3713.29
929232242034731648,7667,0,4404,12,2020,-3725.74
929403553320174592,5341,9,93993,1,2020,-863.92
929403553320174592,5341,9,93993,2,2020,-888.76
929403553320174592,5341,9,93993,3,2020,-4920.4
929403553320174592,5341,9,93993,4,2020,573.8
929403553320174592,5341,9,93993,5,2020,4736.25
929403553320174592,5341,9,93993,6,2020,1697.38
929403553320174592,5341,9,93993,7,2020,-859.24
929403553320174592,5341,9,93993,8,2020,1107.3
929403553320174592,5341,9,93993,9,2020,-1575.21
929403553320174592,5341,9,93993,10,2020,463.83
929403553320174592,5341,9,93993,11,2020,-824.26
929403553320174592,5341,9,93993,12,2020,-4995.7
929496070094623360,2522,9,82614,1,2020,0.0
929496070094623360,2522,9,82614,2,2020,0.0
929496070094623360,2522,9,82614,3,2020,0.0
929496070094623360,2522,9,82614,4,2020,-1263.58
929496070094623360,2522,9,82614,5,2020,-1263.58
929496070094623360,2522,9,82614,6,2020,-2045.78
929496070094623360,2522,9,82614,7,2020,-2045.78
929496070094623360,2522,9,82614,8,2020,-2045.78
929496070094623360,2522,9,82614,9,2020,-2045.78
929496070094623360,2522,9,82614,10,2020,-2045.78
929496070094623360,2522,9,82614,11,2020,-2045.78
929496070094623360,2522,9,82614,12,2020,-822.03
929924883693355392,633,0,7522,1,2020,71.93
929924883693355392,633,0,7522,2,2020,-2041.78
929924883693355392,633,0,7522,3,2020,-3914.17
929924883693355392,633,0,7522,4,2020,-4816.85
929924883693355392,633,0,7522,5,2020,-6247.16
929924883693355392,633,0,7522,6,2020,-4514.37
929924883693355392,633,0,7522,7,2020,-4514.37
929924883693355392,633,0,7522,8,2020,-5564.02
929924883693355392,633,0,7522,9,2020,-5564.02
929924883693355392,633,0,7522,10,2020,-5207.7
929924883693355392,633,0,7522,11,2020,-5754.31
929924883693355392,633,0,7522,12,2020,-7200.87
930573191549283968,794,0,14731,1,2020,-4558.94
930573191549283968,794,0,14731,2,2020,-1997.15
930573191549283968,794,0,14731,3,2020,3432.79
930573191549283968,794,0,14731,4,2020,6624.61
930573191549283968,794,0,14731,5,2020,7584.51
930573191549283968,794,0,14731,6,2020,2500.83
930573191549283968,794,0,14731,7,2020,539.38
930573191549283968,794,0,14731,8,2020,-4113.42
930573191549283968,794,0,14731,9,2020,-5349.29
930573191549283968,794,0,14731,10,2020,-3711.4
930573191549283968,794,0,14731,11,2020,1018.87
930573191549283968,794,0,14731,12,2020,7485.08
931101320556492800,6430,1,75004,1,2020,-2120.85
931101320556492800,6430,1,75004,2,2020,-5817.62
931101320556492800,6430,1,75004,3,2020,-8761.79
931101320556492800,6430,1,75004,4,2020,-11537.89
931101320556492800,6430,1,75004,5,2020,-11229.32
931101320556492800,6430,1,75004,6,2020,-14841.6
931101320556492800,6430,1,75004,7,2020,-9282.65
931101320556492800,6430,1,75004,8,2020,-9432.78
931101320556492800,6430,1,75004,9,2020,-8403.83
931101320556492800,6430,1,75004,10,2020,-5608.73
931101320556492800,6430,1,75004,11,2020,-5608.73
931101320556492800,6430,1,75004,12,2020,-5711.64
