313105817823153472,8839,8,19731,5,2020,-2089.94
313105817823153472,8839,8,19731,6,2020,-2089.94
313105817823153472,8839,8,19731,7,2020,-3188.64
313105817823153472,8839,8,19731,8,2020,-881.35
313105817823153472,8839,8,19731,9,2020,-3619.13
313105817823153472,8839,8,19731,10,2020,-2621.95
313105817823153472,8839,8,19731,11,2020,362.02
313105817823153472,8839,8,19731,12,2020,1145.39
3132179889031865344,5561,5,94135,1,2020,-741.21
3132179889031865344,5561,5,94135,2,2020,-39.05
3132179889031865344,5561,5,94135,3,2020,26.81
3132179889031865344,5561,5,94135,4,2020,-96.72
3132179889031865344,5561,5,94135,5,2020,-1593.53
3132179889031865344,5561,5,94135,6,2020,-1609.57
3132179889031865344,5561,5,94135,7,2020,-1431.04
3132179889031865344,5561,5,94135,8,2020,-1431.04
3132179889031865344,5561,5,94135,9,2020,-1846.91
3132179889031865344,5561,5,94135,10,2020,-128.66
3132179889031865344,5561,5,94135,11,2020,-493.67
3132179889031865344,5561,5,94135,12,2020,-1077.58
3133285803131044352,269,0,62081,1,2020,1540.03
3133285803131044352,269,0,62081,2,2020,2710.5
3133285803131044352,269,0,62081,3,2020,7209.16
3133285803131044352,269,0,62081,4,2020,2989.68
3133285803131044352,269,0,62081,5,2020,13368.57
3133285803131044352,269,0,62081,6,2020,10662.72
3133285803131044352,269,0,62081,7,2020,10729.36
3133285803131044352,269,0,62081,8,2020,13889.73
3133285803131044352,269,0,62081,9,2020,10960.41
3133285803131044352,269,0,62081,10,2020,23128.95
3133285803131044352,269,0,62081,11,2020,21486.38
3133285803131044352,269,0,62081,12,2020,24549.78
3133422912269301760,2430,4,60054,1,2020,4180.51
3133422912269301760,2430,4,60054,2,2020,3960.13
3133422912269301760,2430,4,60054,3,2020,4484.35
3133422912269301760,2430,4,60054,4,2020,830.42
3133422912269301760,2430,4,60054,5,2020,-3008.57
3133422912269301760,2430,4,60054,6,2020,2801.62
3133422912269301760,2430,4,60054,7,2020,1890.92
3133422912269301760,2430,4,60054,8,2020,6898.16
3133422912269301760,2430,4,60054,9,2020,9428.26
3133422912269301760,2430,4,60054,10,2020,8055.26
3133422912269301760,2430,4,60054,11,2020,5569.09
3133422912269301760,2430,4,60054,12,2020,8300.63
3133527849920780288,4346,1,37894,1,2020,-861.36
3133527849920780288,4346,1,37894,2,2020,-861.36
3133527849920780288,4346,1,37894,3,2020,-861.36
3133527849920780288,4346,1,37894,4,2020,-861.36
3133527849920780288,4346,1,37894,5,2020,-1760.29
3133527849920780288,4346,1,37894,6,2020,-1760.29
3133527849920780288,4346,1,37894,7,2020,-1760.29
3133527849920780288,4346,1,37894,8,2020,-1760.29
3133527849920780288,4346,1,37894,9,2020,-1760.29
3133527849920780288,4346,1,37894,10,2020,-1760.29
3133527849920780288,4346,1,37894,11,2020,-1760.29
3133527849920780288,4346,1,37894,12,2020,-1760.29
3134422700821353472,2559,7,20767,1,2020,0.0
3134422700821353472,2559,7,20767,2,2020,0.0
3134422700821353472,2559,7,20767,3,2020,0.0
3134422700821353472,2559,7,20767,4,2020,-837.57
3134422700821353472,2559,7,20767,5,2020,-837.57
3134422700821353472,2559,7,20767,6,2020,-837.57
3134422700821353472,2559,7,20767,7,2020,-837.57
3134422700821353472,2559,7,20767,8,2020,-837.57
3134422700821353472,2559,7,20767,9,2020,-307.91
3134422700821353472,2559,7,20767,10,2020,-307.91
3134422700821353472,2559,7,20767,11,2020,-307.91
3134422700821353472,2559,7,20767,12,2020,-307.91
3134872444196191232,110,5,99685,1,2020,-618.37
3134872444196191232,110,5,99685,2,2020,-5957.51
3134872444196191232,110,5,99685,3,2020,-10037.47
3134872444196191232,110,5,99685,4,2020,-11593.88
3134872444196191232,110,5,99685,5,2020,-15415.63
3134872444196191232,110,5,99685,6,2020,-12958.75
3134872444196191232,110,5,99685,7,2020,-15472.21
3134872444196191232,110,5,99685,8,2020,-15555.4
3134872444196191232,110,5,99685,9,2020,-17281.16
3134872444196191232,110,5,99685,10,2020,-20020.53
3134872444196191232,110,5,99685,11,2020,-21941.71
3134872444196191232,110,5,99685,12,2020,-30527.47
3135256543807012352,1815,9,80256,1,2020,1832.32
3135256543807012352,1815,9,80256,2,2020,2685.45
3135256543807012352,1815,9,80256,3,2020,-796.99
3135256543807012352,1815,9,80256,4,2020,-3631.73
3135256543807012352,1815,9,80256,5,2020,-473.64
3135256543807012352,1815,9,80256,6,2020,-81.19
3135256543807012352,1815,9,80256,7,2020,3196.8
3135256543807012352,1815,9,80256,8,2020,2671.39
3135256543807012352,1815,9,80256,9,2020,1923.4
3135256543807012352,1815,9,80256,10,2020,2883.79
3135256543807012352,1815,9,80256,11,2020,3557.56
3135256543807012352,1815,9,80256,12,2020,862.05
3136855920673398272,2578,6,28531,1,2020,-2236.51
3136855920673398272,2578,6,28531,2,2020,-4029.5
3136855920673398272,2578,6,28531,3,2020,-3692.07
3136855920673398272,2578,6,28531,4,2020,-3280.83
3136855920673398272,2578,6,28531,5,2020,-3757.71
3136855920673398272,2578,6,28531,6,2020,-4816.08
3136855920673398272,2578,6,28531,7,2020,-6685.43
3136855920673398272,2578,6,28531,8,2020,-8792.16
3136855920673398272,2578,6,28531,9,2020,-7638.93
3136855920673398272,2578,6,28531,10,2020,-6807.47
3136855920673398272,2578,6,28531,11,2020,-10474.8
3136855920673398272,2578,6,28531,12,2020,-11429.35
3138404734744784384,8734,3,36694,1,2020,1661.22
3138404734744784384,8734,3,36694,2,2020,3746.87
3138404734744784384,8734,3,36694,3,2020,-1485.41
3138404734744784384,8734,3,36694,4,2020,-2465.85
3138404734744784384,8734,3,36694,5,2020,2992.64
3138404734744784384,8734,3,36694,6,2020,12665.84
3138404734744784384,8734,3,36694,7,2020,12113.37
3138404734744784384,8734,3,36694,8,2020,7335.14
3138404734744784384,8734,3,36694,9,2020,746.68
3138404734744784384,8734,3,36694,10,2020,-1060.34
3138404734744784384,8734,3,36694,11,2020,4147.74
3138404734744784384,8734,3,36694,12,2020,4596.22
3139551518650516992,9317,7,98671,1,2020,1393.39
3139551518650516992,9317,7,98671,2,2020,-4750.24
3139551518650516992,9317,7,98671,3,2020,-5478.29
3139551518650516992,9317,7,98671,4,2020,-3629.77
3139551518650516992,9317,7,98671,5,2020,-3432.21
3139551518650516992,9317,7,98671,6,2020,1773.85
3139551518650516992,9317,7,98671,7,2020,992.12
3139551518650516992,9317,7,98671,8,2020,2504.23
3139551518650516992,9317,7,98671,9,2020,1074.49
3139551518650516992,9317,7,98671,10,2020,1891.66
3139551518650516992,9317,7,98671,11,2020,-3406.67
3139551518650516992,9317,7,98671,12,2020,-3411.54
3140238869192141312,4633,1,47300,1,2020,2707.09
3140238869192141312,4633,1,47300,2,2020,3248.86
3140238869192141312,4633,1,47300,3,2020,4339.92
3140238869192141312,4633,1,47300,4,2020,-5319.99
3140238869192141312,4633,1,47300,5,2020,-4457.41
3140238869192141312,4633,1,47300,6,2020,2574.72
3140238869192141312,4633,1,47300,7,2020,8755.99
3140238869192141312,4633,1,47300,8,2020,175.07
3140238869192141312,4633,1,47300,9,2020,2018.02
3140238869192141312,4633,1,47300,10,2020,-3597.45
3140238869192141312,4633,1,47300,11,2020,2450.17
3140238869192141312,4633,1,47300,12,2020,508.47
3141209233845446144,1430,3,91280,1,2020,1219.46
3141209233845446144,1430,3,91280,2,2020,-723.1
3141209233845446144,1430,3,91280,3,2020,-1338.7
3141209233845446144,1430,3,91280,4,2020,-7079.16
3141209233845446144,1430,3,91280,5,2020,-7628.97
3141209233845446144,1430,3,91280,6,2020,-8468.25
3141209233845446144,1430,3,91280,7,2020,-11739.09
3141209233845446144,1430,3,91280,8,2020,-10219.07
3141209233845446144,1430,3,91280,9,2020,-9592.07
3141209233845446144,1430,3,91280,10,2020,-8245.41
3141209233845446144,1430,3,91280,11,2020,-10667.95
3141209233845446144,1430,3,91280,12,2020,-8588.69
3142666801359146496,8752,4,73635,1,2020,3347.22
3142666801359146496,8752,4,73635,2,2020,2930.71
3142666801359146496,8752,4,73635,3,2020,-29.49
3142666801359146496,8752,4,73635,4,2020,-712.84
3142666801359146496,8752,4,73635,5,2020,2179.58
3142666801359146496,8752,4,73635,6,2020,567.35
3142666801359146496,8752,4,73635,7,2020,7440.66
3142666801359146496,8752,4,73635,8,2020,2018.09
3142666801359146496,8752,4,73635,9,2020,-4790.22
3142666801359146496,8752,4,73635,10,2020,-4097.09
3142666801359146496,8752,4,73635,11,2020,-7708.44
3142666801359146496,8752,4,73635,12,2020,-7887.74
314267451431446208,3544,5,22364,1,2020,-854.77
314267451431446208,3544,5,22364,2,2020,-854.77
314267451431446208,3544,5,22364,3,2020,-4012.72
314267451431446208,3544,5,22364,4,2020,-5210.63
314267451431446208,3544,5,22364,5,2020,-3977.95
314267451431446208,3544,5,22364,6,2020,-2799.25
314267451431446208,3544,5,22364,7,2020,-2517.64
314267451431446208,3544,5,22364,8,2020,-4033.35
314267451431446208,3544,5,22364,9,2020,-4033.35
314267451431446208,3544,5,22364,10,2020,-2457.1
314267451431446208,3544,5,22364,11,2020,-1372.22
314267451431446208,3544,5,22364,12,2020,-2886.05
3142685788866604032,544,0,22452,1,2020,-2979.41
3142685788866604032,544,0,22452,2,2020,3461.1
3142685788866604032,544,0,22452,3,2020,1868.3
3142685788866604032,544,0,22452,4,2020,6046.63
3142685788866604032,544,0,22452,5,2020,3338.28
3142685788866604032,544,0,22452,6,2020,870.25
3142685788866604032,544,0,22452,7,2020,1219.16
3142685788866604032,544,0,22452,8,2020,6340.04
3142685788866604032,544,0,22452,9,2020,6351.83
3142685788866604032,544,0,22452,10,2020,2640.74
3142685788866604032,544,0,22452,11,2020,-3847.18
3142685788866604032,544,0,22452,12,2020,-6659.05
3143182840760689664,999,3,62551,1,2020,1272.19
3143182840760689664,999,3,62551,2,2020,-41.24
3143182840760689664,999,3,62551,3,2020,-3381.44
3143182840760689664,999,3,62551,4,2020,-5689.94
3143182840760689664,999,3,62551,5,2020,-4621.63
3143182840760689664,999,3,62551,6,2020,-5206.11
3143182840760689664,999,3,62551,7,2020,-4818.01
3143182840760689664,999,3,62551,8,2020,-1908.41
3143182840760689664,999,3,62551,9,2020,-3401.43
3143182840760689664,999,3,62551,10,2020,-5739.54
3143182840760689664,999,3,62551,11,2020,-3785.67
3143182840760689664,999,3,62551,12,2020,-3809.38
3143255789074919936,6480,7,86423,1,2020,-3257.08
3143255789074919936,6480,7,86423,2,2020,-6442.41
3143255789074919936,6480,7,86423,3,2020,-6993.7
3143255789074919936,6480,7,86423,4,2020,-3232.53
3143255789074919936,6480,7,86423,5,2020,-4931.73
3143255789074919936,6480,7,86423,6,2020,-7074.0
3143255789074919936,6480,7,86423,7,2020,-10235.83
3143255789074919936,6480,7,86423,8,2020,-16624.63
3143255789074919936,6480,7,86423,9,2020,-19703.93
3143255789074919936,6480,7,86423,10,2020,-20914.69
3143255789074919936,6480,7,86423,11,2020,-15528.95
3143255789074919936,6480,7,86423,12,2020,-23184.95
3145801783102814208,5950,2,73217,1,2020,-4311.35
3145801783102814208,5950,2,73217,2,2020,-9111.65
3145801783102814208,5950,2,73217,3,2020,-10076.7
3145801783102814208,5950,2,73217,4,2020,2750.47
3145801783102814208,5950,2,73217,5,2020,9870.88
3145801783102814208,5950,2,73217,6,2020,12344.28
3145801783102814208,5950,2,73217,7,2020,11622.85
3145801783102814208,5950,2,73217,8,2020,19447.58
3145801783102814208,5950,2,73217,9,2020,8637.44
3145801783102814208,5950,2,73217,10,2020,9189.23
3145801783102814208,5950,2,73217,11,2020,15694.87
3145801783102814208,5950,2,73217,12,2020,17465.77
3146023427299291136,4085,9,66447,1,2020,-189.78
3146023427299291136,4085,9,66447,2,2020,-3222.67
3146023427299291136,4085,9,66447,3,2020,-1862.1
3146023427299291136,4085,9,66447,4,2020,3114.62
3146023427299291136,4085,9,66447,5,2020,3928.66
3146023427299291136,4085,9,66447,6,2020,4836.76
3146023427299291136,4085,9,66447,7,2020,7651.02
3146023427299291136,4085,9,66447,8,2020,5974.31
3146023427299291136,4085,9,66447,9,2020,1743.46
3146023427299291136,4085,9,66447,10,2020,2760.93
3146023427299291136,4085,9,66447,11,2020,3733.96
3146023427299291136,4085,9,66447,12,2020,4161.08
3146287274677212672,4866,8,64450,1,2020,0.0
3146287274677212672,4866,8,64450,2,2020,-1393.24
3146287274677212672,4866,8,64450,3,2020,-1741.56
3146287274677212672,4866,8,64450,4,2020,-1741.56
3146287274677212672,4866,8,64450,5,2020,-3845.17
3146287274677212672,4866,8,64450,6,2020,-2652.25
