3076577951075780608,1402,0,25221,7,2020,122.23
3076577951075780608,1402,0,25221,8,2020,122.23
3076577951075780608,1402,0,25221,9,2020,122.23
3076577951075780608,1402,0,25221,10,2020,122.23
3076577951075780608,1402,0,25221,11,2020,122.23
3076577951075780608,1402,0,25221,12,2020,122.23
3078151773382775808,4046,2,98850,1,2020,4675.86
3078151773382775808,4046,2,98850,2,2020,7056.93
3078151773382775808,4046,2,98850,3,2020,8531.17
3078151773382775808,4046,2,98850,4,2020,9348.75
3078151773382775808,4046,2,98850,5,2020,10442.23
3078151773382775808,4046,2,98850,6,2020,10700.65
3078151773382775808,4046,2,98850,7,2020,11555.14
3078151773382775808,4046,2,98850,8,2020,13889.79
3078151773382775808,4046,2,98850,9,2020,13889.79
3078151773382775808,4046,2,98850,10,2020,13810.64
3078151773382775808,4046,2,98850,11,2020,10607.18
3078151773382775808,4046,2,98850,12,2020,10305.82
3078361079741474816,1659,6,65843,1,2020,-277.31
3078361079741474816,1659,6,65843,2,2020,5052.52
3078361079741474816,1659,6,65843,3,2020,8415.79
3078361079741474816,1659,6,65843,4,2020,12594.45
3078361079741474816,1659,6,65843,5,2020,13408.73
3078361079741474816,1659,6,65843,6,2020,15356.72
3078361079741474816,1659,6,65843,7,2020,15052.47
3078361079741474816,1659,6,65843,8,2020,13548.18
3078361079741474816,1659,6,65843,9,2020,13751.87
3078361079741474816,1659,6,65843,10,2020,4936.23
3078361079741474816,1659,6,65843,11,2020,246.75
3078361079741474816,1659,6,65843,12,2020,-11412.4
3079116087347519488,4431,7,63739,1,2020,-606.02
3079116087347519488,4431,7,63739,2,2020,-606.02
3079116087347519488,4431,7,63739,3,2020,-306.8
3079116087347519488,4431,7,63739,4,2020,-866.87
3079116087347519488,4431,7,63739,5,2020,-2682.43
3079116087347519488,4431,7,63739,6,2020,1057.08
3079116087347519488,4431,7,63739,7,2020,3016.16
3079116087347519488,4431,7,63739,8,2020,1058.12
3079116087347519488,4431,7,63739,9,2020,4420.64
3079116087347519488,4431,7,63739,10,2020,2566.24
3079116087347519488,4431,7,63739,11,2020,-552.07
3079116087347519488,4431,7,63739,12,2020,-978.6
3079485839184673792,7365,3,49706,1,2020,-2281.76
3079485839184673792,7365,3,49706,2,2020,-4313.33
3079485839184673792,7365,3,49706,3,2020,-2330.52
3079485839184673792,7365,3,49706,4,2020,-6735.25
3079485839184673792,7365,3,49706,5,2020,-7361.63
3079485839184673792,7365,3,49706,6,2020,-5231.24
3079485839184673792,7365,3,49706,7,2020,-9229.74
3079485839184673792,7365,3,49706,8,2020,-4953.62
3079485839184673792,7365,3,49706,9,2020,-6499.49
3079485839184673792,7365,3,49706,10,2020,-5697.24
3079485839184673792,7365,3,49706,11,2020,-9166.43
3079485839184673792,7365,3,49706,12,2020,-9848.16
3081772590141918208,6847,4,3148,1,2020,1947.5
3081772590141918208,6847,4,3148,2,2020,3873.49
3081772590141918208,6847,4,3148,3,2020,3641.87
3081772590141918208,6847,4,3148,4,2020,2685.26
3081772590141918208,6847,4,3148,5,2020,2812.41
3081772590141918208,6847,4,3148,6,2020,2812.41
3081772590141918208,6847,4,3148,7,2020,-178.7
3081772590141918208,6847,4,3148,8,2020,804.55
3081772590141918208,6847,4,3148,9,2020,4150.16
3081772590141918208,6847,4,3148,10,2020,6055.54
3081772590141918208,6847,4,3148,11,2020,9664.52
3081772590141918208,6847,4,3148,12,2020,7091.99
3082749169782387712,3607,7,45009,1,2020,-1422.83
3082749169782387712,3607,7,45009,2,2020,-1422.83
3082749169782387712,3607,7,45009,3,2020,-1422.83
3082749169782387712,3607,7,45009,4,2020,-781.39
3082749169782387712,3607,7,45009,5,2020,-2009.26
3082749169782387712,3607,7,45009,6,2020,-1723.9
3082749169782387712,3607,7,45009,7,2020,-1723.9
3082749169782387712,3607,7,45009,8,2020,-1723.9
3082749169782387712,3607,7,45009,9,2020,-1723.9
3082749169782387712,3607,7,45009,10,2020,620.01
3082749169782387712,3607,7,45009,11,2020,2396.21
3082749169782387712,3607,7,45009,12,2020,2396.21
3083475144517852160,3448,3,33644,1,2020,-3388.8
3083475144517852160,3448,3,33644,2,2020,-2684.75
3083475144517852160,3448,3,33644,3,2020,-4058.67
3083475144517852160,3448,3,33644,4,2020,-3824.28
3083475144517852160,3448,3,33644,5,2020,-1878.34
3083475144517852160,3448,3,33644,6,2020,-2945.42
3083475144517852160,3448,3,33644,7,2020,-1627.21
3083475144517852160,3448,3,33644,8,2020,-2833.34
3083475144517852160,3448,3,33644,9,2020,-4761.93
3083475144517852160,3448,3,33644,10,2020,-4722.7
3083475144517852160,3448,3,33644,11,2020,-4038.44
3083475144517852160,3448,3,33644,12,2020,-4038.44
3084104910522319360,4502,8,39380,1,2020,1794.52
3084104910522319360,4502,8,39380,2,2020,6568.98
3084104910522319360,4502,8,39380,3,2020,999.32
3084104910522319360,4502,8,39380,4,2020,-408.02
3084104910522319360,4502,8,39380,5,2020,4450.45
3084104910522319360,4502,8,39380,6,2020,3082.53
3084104910522319360,4502,8,39380,7,2020,8249.56
3084104910522319360,4502,8,39380,8,2020,15568.15
3084104910522319360,4502,8,39380,9,2020,1362.62
3084104910522319360,4502,8,39380,10,2020,5359.07
3084104910522319360,4502,8,39380,11,2020,5511.25
3084104910522319360,4502,8,39380,12,2020,4483.72
3084155319621526016,1442,9,4829,1,2020,3174.79
3084155319621526016,1442,9,4829,2,2020,3518.08
3084155319621526016,1442,9,4829,3,2020,2841.5
3084155319621526016,1442,9,4829,4,2020,1139.64
3084155319621526016,1442,9,4829,5,2020,2123.25
3084155319621526016,1442,9,4829,6,2020,266.62
3084155319621526016,1442,9,4829,7,2020,-4298.32
3084155319621526016,1442,9,4829,8,2020,-3301.16
3084155319621526016,1442,9,4829,9,2020,-5441.29
3084155319621526016,1442,9,4829,10,2020,-3417.28
3084155319621526016,1442,9,4829,11,2020,-3704.9
3084155319621526016,1442,9,4829,12,2020,-2558.59
3084956367567047168,6786,3,24388,1,2020,7426.76
3084956367567047168,6786,3,24388,2,2020,14054.39
3084956367567047168,6786,3,24388,3,2020,14614.61
3084956367567047168,6786,3,24388,4,2020,21772.24
3084956367567047168,6786,3,24388,5,2020,16552.34
3084956367567047168,6786,3,24388,6,2020,15236.81
3084956367567047168,6786,3,24388,7,2020,18289.16
3084956367567047168,6786,3,24388,8,2020,14977.1
3084956367567047168,6786,3,24388,9,2020,15534.81
3084956367567047168,6786,3,24388,10,2020,19303.5
3084956367567047168,6786,3,24388,11,2020,20238.25
3084956367567047168,6786,3,24388,12,2020,22389.86
3085376923795651072,3324,5,40655,1,2020,80.67
3085376923795651072,3324,5,40655,2,2020,357.45
3085376923795651072,3324,5,40655,3,2020,355.34
3085376923795651072,3324,5,40655,4,2020,-1404.01
3085376923795651072,3324,5,40655,5,2020,-5222.16
3085376923795651072,3324,5,40655,6,2020,-7205.12
3085376923795651072,3324,5,40655,7,2020,-6888.62
3085376923795651072,3324,5,40655,8,2020,-2316.75
3085376923795651072,3324,5,40655,9,2020,292.87
3085376923795651072,3324,5,40655,10,2020,-826.01
3085376923795651072,3324,5,40655,11,2020,-1400.68
3085376923795651072,3324,5,40655,12,2020,3730.05
3087004207248264192,9650,3,74772,1,2020,269.58
3087004207248264192,9650,3,74772,2,2020,-1339.64
3087004207248264192,9650,3,74772,3,2020,-845.71
3087004207248264192,9650,3,74772,4,2020,1499.68
3087004207248264192,9650,3,74772,5,2020,3957.11
3087004207248264192,9650,3,74772,6,2020,2631.91
3087004207248264192,9650,3,74772,7,2020,5499.43
3087004207248264192,9650,3,74772,8,2020,3717.23
3087004207248264192,9650,3,74772,9,2020,5469.78
3087004207248264192,9650,3,74772,10,2020,5469.78
3087004207248264192,9650,3,74772,11,2020,7233.16
3087004207248264192,9650,3,74772,12,2020,7087.41
3087514978465600000,6523,3,57991,1,2020,4968.65
3087514978465600000,6523,3,57991,2,2020,433.74
3087514978465600000,6523,3,57991,3,2020,437.48
3087514978465600000,6523,3,57991,4,2020,4708.64
3087514978465600000,6523,3,57991,5,2020,4743.9
3087514978465600000,6523,3,57991,6,2020,5242.88
3087514978465600000,6523,3,57991,7,2020,10000.62
3087514978465600000,6523,3,57991,8,2020,4128.48
3087514978465600000,6523,3,57991,9,2020,-1311.6
3087514978465600000,6523,3,57991,10,2020,1470.96
3087514978465600000,6523,3,57991,11,2020,6374.57
3087514978465600000,6523,3,57991,12,2020,9445.28
3087844366413279744,682,0,19199,1,2020,2013.14
3087844366413279744,682,0,19199,2,2020,2881.89
3087844366413279744,682,0,19199,3,2020,-1704.1
3087844366413279744,682,0,19199,4,2020,-9603.58
3087844366413279744,682,0,19199,5,2020,-11913.27
3087844366413279744,682,0,19199,6,2020,-8855.98
3087844366413279744,682,0,19199,7,2020,-5799.81
3087844366413279744,682,0,19199,8,2020,-3227.14
3087844366413279744,682,0,19199,9,2020,-1781.48
3087844366413279744,682,0,19199,10,2020,2247.55
3087844366413279744,682,0,19199,11,2020,3178.45
3087844366413279744,682,0,19199,12,2020,10006.2
3089257826266469376,1189,5,57138,1,2020,4862.15
3089257826266469376,1189,5,57138,2,2020,-2598.3
3089257826266469376,1189,5,57138,3,2020,-6802.32
3089257826266469376,1189,5,57138,4,2020,-6389.52
3089257826266469376,1189,5,57138,5,2020,-8696.9
3089257826266469376,1189,5,57138,6,2020,-13340.48
3089257826266469376,1189,5,57138,7,2020,-18122.84
3089257826266469376,1189,5,57138,8,2020,-24803.28
3089257826266469376,1189,5,57138,9,2020,-20275.29
3089257826266469376,1189,5,57138,10,2020,-18157.07
3089257826266469376,1189,5,57138,11,2020,-10972.37
3089257826266469376,1189,5,57138,12,2020,-14199.4
3089694581740470272,817,4,45235,1,2020,-508.85
3089694581740470272,817,4,45235,2,2020,-604.24
3089694581740470272,817,4,45235,3,2020,1357.39
3089694581740470272,817,4,45235,4,2020,-1062.8
3089694581740470272,817,4,45235,5,2020,-2074.17
3089694581740470272,817,4,45235,6,2020,-5218.78
3089694581740470272,817,4,45235,7,2020,-2855.32
3089694581740470272,817,4,45235,8,2020,-6466.45
3089694581740470272,817,4,45235,9,2020,-3932.25
3089694581740470272,817,4,45235,10,2020,-1321.34
3089694581740470272,817,4,45235,11,2020,1292.34
3089694581740470272,817,4,45235,12,2020,-3299.15
3089826556885067776,3879,6,39672,1,2020,0.0
3089826556885067776,3879,6,39672,2,2020,0.0
3089826556885067776,3879,6,39672,3,2020,-1647.43
3089826556885067776,3879,6,39672,4,2020,-1647.43
3089826556885067776,3879,6,39672,5,2020,-2287.54
3089826556885067776,3879,6,39672,6,2020,-2287.54
3089826556885067776,3879,6,39672,7,2020,-4092.74
3089826556885067776,3879,6,39672,8,2020,-4625.42
3089826556885067776,3879,6,39672,9,2020,-4625.42
3089826556885067776,3879,6,39672,10,2020,-5953.92
3089826556885067776,3879,6,39672,11,2020,-4970.08
3089826556885067776,3879,6,39672,12,2020,-4802.18
3091721395833955328,321,1,3812,1,2020,-3168.11
3091721395833955328,321,1,3812,2,2020,3696.9
3091721395833955328,321,1,3812,3,2020,8611.73
3091721395833955328,321,1,3812,4,2020,16862.93
3091721395833955328,321,1,3812,5,2020,14893.26
3091721395833955328,321,1,3812,6,2020,22467.25
3091721395833955328,321,1,3812,7,2020,23287.89
3091721395833955328,321,1,3812,8,2020,24242.41
3091721395833955328,321,1,3812,9,2020,26984.53
3091721395833955328,321,1,3812,10,2020,19469.92
3091721395833955328,321,1,3812,11,2020,22747.61
3091721395833955328,321,1,3812,12,2020,22008.94
3092594654685260288,5461,5,28770,1,2020,0.0
3092594654685260288,5461,5,28770,2,2020,-2384.04
3092594654685260288,5461,5,28770,3,2020,-2384.04
3092594654685260288,5461,5,28770,4,2020,-2933.74
3092594654685260288,5461,5,28770,5,2020,-6693.2
3092594654685260288,5461,5,28770,6,2020,-6685.64
3092594654685260288,5461,5,28770,7,2020,-6685.64
3092594654685260288,5461,5,28770,8,2020,-9474.31
3092594654685260288,5461,5,28770,9,2020,-11276.79
3092594654685260288,5461,5,28770,10,2020,-12833.13
3092594654685260288,5461,5,28770,11,2020,-9051.51
3092594654685260288,5461,5,28770,12,2020,-8013.92
309286578343157184,6666,5,75102,1,2020,-90.68
309286578343157184,6666,5,75102,2,2020,614.55
309286578343157184,6666,5,75102,3,2020,5124.35
309286578343157184,6666,5,75102,4,2020,1107.04
309286578343157184,6666,5,75102,5,2020,-430.05
