3146287274677212672,4866,8,64450,7,2020,-2652.25
3146287274677212672,4866,8,64450,8,2020,-244.15
3146287274677212672,4866,8,64450,9,2020,-2927.69
3146287274677212672,4866,8,64450,10,2020,-3250.98
3146287274677212672,4866,8,64450,11,2020,-1025.26
3146287274677212672,4866,8,64450,12,2020,-1729.2
3146300864060377088,9560,4,91585,1,2020,2357.72
3146300864060377088,9560,4,91585,2,2020,600.68
3146300864060377088,9560,4,91585,3,2020,467.95
3146300864060377088,9560,4,91585,4,2020,-5683.02
3146300864060377088,9560,4,91585,5,2020,-11718.69
3146300864060377088,9560,4,91585,6,2020,-9948.32
3146300864060377088,9560,4,91585,7,2020,-15363.64
3146300864060377088,9560,4,91585,8,2020,-11776.88
3146300864060377088,9560,4,91585,9,2020,-11397.19
3146300864060377088,9560,4,91585,10,2020,-8799.34
3146300864060377088,9560,4,91585,11,2020,-11968.76
3146300864060377088,9560,4,91585,12,2020,-17930.24
3146771717355690496,5182,1,22391,1,2020,-675.78
3146771717355690496,5182,1,22391,2,2020,4782.55
3146771717355690496,5182,1,22391,3,2020,1559.98
3146771717355690496,5182,1,22391,4,2020,-89.26
3146771717355690496,5182,1,22391,5,2020,1403.59
3146771717355690496,5182,1,22391,6,2020,351.41
3146771717355690496,5182,1,22391,7,2020,-1668.57
3146771717355690496,5182,1,22391,8,2020,-4422.89
3146771717355690496,5182,1,22391,9,2020,-7239.99
3146771717355690496,5182,1,22391,10,2020,-5048.87
3146771717355690496,5182,1,22391,11,2020,-6963.62
3146771717355690496,5182,1,22391,12,2020,-5957.74
3146883132951282688,2817,1,26588,1,2020,0.0
3146883132951282688,2817,1,26588,2,2020,-1266.67
3146883132951282688,2817,1,26588,3,2020,-2524.98
3146883132951282688,2817,1,26588,4,2020,-1495.78
3146883132951282688,2817,1,26588,5,2020,-645.78
3146883132951282688,2817,1,26588,6,2020,-645.78
3146883132951282688,2817,1,26588,7,2020,-2536.31
3146883132951282688,2817,1,26588,8,2020,-2536.31
3146883132951282688,2817,1,26588,9,2020,-3704.98
3146883132951282688,2817,1,26588,10,2020,-4829.85
3146883132951282688,2817,1,26588,11,2020,-4829.85
3146883132951282688,2817,1,26588,12,2020,-4829.85
3147870436158873088,5123,2,87762,1,2020,4.92
3147870436158873088,5123,2,87762,2,2020,2108.23
3147870436158873088,5123,2,87762,3,2020,3576.25
3147870436158873088,5123,2,87762,4,2020,2290.15
3147870436158873088,5123,2,87762,5,2020,2632.63
3147870436158873088,5123,2,87762,6,2020,-2926.65
3147870436158873088,5123,2,87762,7,2020,-721.38
3147870436158873088,5123,2,87762,8,2020,-2126.19
3147870436158873088,5123,2,87762,9,2020,-3897.45
3147870436158873088,5123,2,87762,10,2020,-6871.81
3147870436158873088,5123,2,87762,11,2020,-4988.0
3147870436158873088,5123,2,87762,12,2020,-3668.3
3149348296968408576,8286,9,81415,1,2020,1163.11
3149348296968408576,8286,9,81415,2,2020,-2359.69
3149348296968408576,8286,9,81415,3,2020,-2813.93
3149348296968408576,8286,9,81415,4,2020,-2484.55
3149348296968408576,8286,9,81415,5,2020,-2508.23
3149348296968408576,8286,9,81415,6,2020,-2729.24
3149348296968408576,8286,9,81415,7,2020,2934.91
3149348296968408576,8286,9,81415,8,2020,8484.56
3149348296968408576,8286,9,81415,9,2020,4775.11
3149348296968408576,8286,9,81415,10,2020,2391.27
3149348296968408576,8286,9,81415,11,2020,690.83
3149348296968408576,8286,9,81415,12,2020,3514.06
315490371926050304,3691,1,41546,1,2020,1017.87
315490371926050304,3691,1,41546,2,2020,5111.75
315490371926050304,3691,1,41546,3,2020,9947.22
315490371926050304,3691,1,41546,4,2020,12221.25
315490371926050304,3691,1,41546,5,2020,11226.9
315490371926050304,3691,1,41546,6,2020,9551.6
315490371926050304,3691,1,41546,7,2020,8057.08
315490371926050304,3691,1,41546,8,2020,5303.41
315490371926050304,3691,1,41546,9,2020,6973.3
315490371926050304,3691,1,41546,10,2020,7775.56
315490371926050304,3691,1,41546,11,2020,10296.83
315490371926050304,3691,1,41546,12,2020,15039.56
3154922902358575616,445,6,95983,1,2020,3479.18
3154922902358575616,445,6,95983,2,2020,771.44
3154922902358575616,445,6,95983,3,2020,-3049.94
3154922902358575616,445,6,95983,4,2020,-5789.68
3154922902358575616,445,6,95983,5,2020,-4721.09
3154922902358575616,445,6,95983,6,2020,-4526.2
3154922902358575616,445,6,95983,7,2020,-2870.57
3154922902358575616,445,6,95983,8,2020,-8360.78
3154922902358575616,445,6,95983,9,2020,-8630.06
3154922902358575616,445,6,95983,10,2020,-9880.4
3154922902358575616,445,6,95983,11,2020,-5669.86
3154922902358575616,445,6,95983,12,2020,-4547.02
3155208734205492736,1696,1,19685,1,2020,-3487.54
3155208734205492736,1696,1,19685,2,2020,-4083.29
3155208734205492736,1696,1,19685,3,2020,-5338.88
3155208734205492736,1696,1,19685,4,2020,-8888.62
3155208734205492736,1696,1,19685,5,2020,-10526.61
3155208734205492736,1696,1,19685,6,2020,-15102.51
3155208734205492736,1696,1,19685,7,2020,-9393.35
3155208734205492736,1696,1,19685,8,2020,-12196.57
3155208734205492736,1696,1,19685,9,2020,-11405.82
3155208734205492736,1696,1,19685,10,2020,-9741.96
3155208734205492736,1696,1,19685,11,2020,-10649.39
3155208734205492736,1696,1,19685,12,2020,-12307.87
3157067976749419520,8659,5,8732,1,2020,-2538.84
3157067976749419520,8659,5,8732,2,2020,-8758.8
3157067976749419520,8659,5,8732,3,2020,-891.39
3157067976749419520,8659,5,8732,4,2020,935.05
3157067976749419520,8659,5,8732,5,2020,-927.81
3157067976749419520,8659,5,8732,6,2020,1036.04
3157067976749419520,8659,5,8732,7,2020,-2421.68
3157067976749419520,8659,5,8732,8,2020,-3860.63
3157067976749419520,8659,5,8732,9,2020,-3440.99
3157067976749419520,8659,5,8732,10,2020,3245.32
3157067976749419520,8659,5,8732,11,2020,3498.79
3157067976749419520,8659,5,8732,12,2020,1549.91
3158395114767297024,3570,1,21574,1,2020,980.85
3158395114767297024,3570,1,21574,2,2020,9469.98
3158395114767297024,3570,1,21574,3,2020,6986.23
3158395114767297024,3570,1,21574,4,2020,10834.35
3158395114767297024,3570,1,21574,5,2020,8621.99
3158395114767297024,3570,1,21574,6,2020,7019.68
3158395114767297024,3570,1,21574,7,2020,9945.73
3158395114767297024,3570,1,21574,8,2020,10623.58
3158395114767297024,3570,1,21574,9,2020,16833.41
3158395114767297024,3570,1,21574,10,2020,18772.07
3158395114767297024,3570,1,21574,11,2020,16139.15
3158395114767297024,3570,1,21574,12,2020,13236.99
3159338463382784512,9940,3,14041,1,2020,-966.64
3159338463382784512,9940,3,14041,2,2020,-2479.97
3159338463382784512,9940,3,14041,3,2020,-26.98
3159338463382784512,9940,3,14041,4,2020,-1282.47
3159338463382784512,9940,3,14041,5,2020,-1382.35
3159338463382784512,9940,3,14041,6,2020,-1897.61
3159338463382784512,9940,3,14041,7,2020,-281.57
3159338463382784512,9940,3,14041,8,2020,4491.59
3159338463382784512,9940,3,14041,9,2020,-883.04
3159338463382784512,9940,3,14041,10,2020,6420.94
3159338463382784512,9940,3,14041,11,2020,-1029.3
3159338463382784512,9940,3,14041,12,2020,-2013.71
3159474655966194176,4995,0,64820,1,2020,-437.95
3159474655966194176,4995,0,64820,2,2020,-7532.09
3159474655966194176,4995,0,64820,3,2020,-8341.03
3159474655966194176,4995,0,64820,4,2020,-5567.31
3159474655966194176,4995,0,64820,5,2020,-5566.88
3159474655966194176,4995,0,64820,6,2020,-1591.57
3159474655966194176,4995,0,64820,7,2020,-10684.84
3159474655966194176,4995,0,64820,8,2020,-7168.0
3159474655966194176,4995,0,64820,9,2020,-5031.39
3159474655966194176,4995,0,64820,10,2020,-8881.29
3159474655966194176,4995,0,64820,11,2020,-7832.25
3159474655966194176,4995,0,64820,12,2020,-9723.76
3160315776493030912,3231,2,62990,1,2020,3065.64
3160315776493030912,3231,2,62990,2,2020,-15.32
3160315776493030912,3231,2,62990,3,2020,-3979.14
3160315776493030912,3231,2,62990,4,2020,-3222.17
3160315776493030912,3231,2,62990,5,2020,201.67
3160315776493030912,3231,2,62990,6,2020,-2526.24
3160315776493030912,3231,2,62990,7,2020,1316.97
3160315776493030912,3231,2,62990,8,2020,3870.8
3160315776493030912,3231,2,62990,9,2020,9845.98
3160315776493030912,3231,2,62990,10,2020,13746.1
3160315776493030912,3231,2,62990,11,2020,12284.07
3160315776493030912,3231,2,62990,12,2020,17493.7
3160601603224729088,3709,4,67582,1,2020,-2529.8
3160601603224729088,3709,4,67582,2,2020,-2072.3
3160601603224729088,3709,4,67582,3,2020,-2322.98
3160601603224729088,3709,4,67582,4,2020,1908.49
3160601603224729088,3709,4,67582,5,2020,1998.54
3160601603224729088,3709,4,67582,6,2020,-1382.36
3160601603224729088,3709,4,67582,7,2020,2076.48
3160601603224729088,3709,4,67582,8,2020,529.31
3160601603224729088,3709,4,67582,9,2020,2796.92
3160601603224729088,3709,4,67582,10,2020,3437.39
3160601603224729088,3709,4,67582,11,2020,3451.52
3160601603224729088,3709,4,67582,12,2020,4348.7
316229134888692544,7711,1,75547,1,2020,0.0
316229134888692544,7711,1,75547,2,2020,0.0
316229134888692544,7711,1,75547,3,2020,115.8
316229134888692544,7711,1,75547,4,2020,115.8
316229134888692544,7711,1,75547,5,2020,115.8
316229134888692544,7711,1,75547,6,2020,115.8
316229134888692544,7711,1,75547,7,2020,115.8
316229134888692544,7711,1,75547,8,2020,115.8
316229134888692544,7711,1,75547,9,2020,115.8
316229134888692544,7711,1,75547,10,2020,115.8
316229134888692544,7711,1,75547,11,2020,-920.41
316229134888692544,7711,1,75547,12,2020,-920.41
3163427855849648128,5245,1,94721,1,2020,5887.54
3163427855849648128,5245,1,94721,2,2020,2014.15
3163427855849648128,5245,1,94721,3,2020,244.45
3163427855849648128,5245,1,94721,4,2020,-452.91
3163427855849648128,5245,1,94721,5,2020,-1574.39
3163427855849648128,5245,1,94721,6,2020,-1646.59
3163427855849648128,5245,1,94721,7,2020,-6802.22
3163427855849648128,5245,1,94721,8,2020,-8411.4
3163427855849648128,5245,1,94721,9,2020,-16640.87
3163427855849648128,5245,1,94721,10,2020,-20769.7
3163427855849648128,5245,1,94721,11,2020,-19867.72
3163427855849648128,5245,1,94721,12,2020,-19508.68
3163864930091141632,8481,6,6780,1,2020,-1632.58
3163864930091141632,8481,6,6780,2,2020,2539.9
3163864930091141632,8481,6,6780,3,2020,4668.19
3163864930091141632,8481,6,6780,4,2020,10205.82
3163864930091141632,8481,6,6780,5,2020,11840.54
3163864930091141632,8481,6,6780,6,2020,3931.48
3163864930091141632,8481,6,6780,7,2020,7522.46
3163864930091141632,8481,6,6780,8,2020,8729.51
3163864930091141632,8481,6,6780,9,2020,4260.83
3163864930091141632,8481,6,6780,10,2020,1280.53
3163864930091141632,8481,6,6780,11,2020,9403.67
3163864930091141632,8481,6,6780,12,2020,8477.85
3166969871959571968,9103,3,73686,1,2020,2913.97
3166969871959571968,9103,3,73686,2,2020,4549.45
3166969871959571968,9103,3,73686,3,2020,6378.32
3166969871959571968,9103,3,73686,4,2020,10454.1
3166969871959571968,9103,3,73686,5,2020,2144.86
3166969871959571968,9103,3,73686,6,2020,429.6
3166969871959571968,9103,3,73686,7,2020,-5036.87
3166969871959571968,9103,3,73686,8,2020,-9596.05
3166969871959571968,9103,3,73686,9,2020,-9604.01
3166969871959571968,9103,3,73686,10,2020,-4794.86
3166969871959571968,9103,3,73686,11,2020,-1574.56
3166969871959571968,9103,3,73686,12,2020,-3469.81
3168784297610952192,2748,1,88790,1,2020,-2270.82
3168784297610952192,2748,1,88790,2,2020,2180.57
3168784297610952192,2748,1,88790,3,2020,5932.83
3168784297610952192,2748,1,88790,4,2020,4373.77
3168784297610952192,2748,1,88790,5,2020,2814.69
3168784297610952192,2748,1,88790,6,2020,897.83
3168784297610952192,2748,1,88790,7,2020,-7217.67
3168784297610952192,2748,1,88790,8,2020,-7949.66
3168784297610952192,2748,1,88790,9,2020,-8690.02
3168784297610952192,2748,1,88790,10,2020,-13393.39
3168784297610952192,2748,1,88790,11,2020,-18975.96
3168784297610952192,2748,1,88790,12,2020,-6727.82
3169944930978841088,5622,3,5717,1,2020,2670.65
3169944930978841088,5622,3,5717,2,2020,1410.37
3169944930978841088,5622,3,5717,3,2020,2359.36
3169944930978841088,5622,3,5717,4,2020,1833.65
3169944930978841088,5622,3,5717,5,2020,-1061.39
3169944930978841088,5622,3,5717,6,2020,5278.33
