3031947849996805632,8369,8,75141,9,2020,-712.7
3031947849996805632,8369,8,75141,10,2020,-712.7
3031947849996805632,8369,8,75141,11,2020,-712.7
3031947849996805632,8369,8,75141,12,2020,978.69
3032319579042147328,3613,1,50949,1,2020,-376.68
3032319579042147328,3613,1,50949,2,2020,-543.31
3032319579042147328,3613,1,50949,3,2020,-5971.0
3032319579042147328,3613,1,50949,4,2020,-1275.19
3032319579042147328,3613,1,50949,5,2020,457.17
3032319579042147328,3613,1,50949,6,2020,63.6
3032319579042147328,3613,1,50949,7,2020,-99.08
3032319579042147328,3613,1,50949,8,2020,1215.48
3032319579042147328,3613,1,50949,9,2020,-1443.14
3032319579042147328,3613,1,50949,10,2020,851.89
3032319579042147328,3613,1,50949,11,2020,-1433.07
3032319579042147328,3613,1,50949,12,2020,-2995.66
3032798757084893184,6495,3,70382,1,2020,-3293.56
3032798757084893184,6495,3,70382,2,2020,2178.77
3032798757084893184,6495,3,70382,3,2020,4434.24
3032798757084893184,6495,3,70382,4,2020,-403.88
3032798757084893184,6495,3,70382,5,2020,-228.95
3032798757084893184,6495,3,70382,6,2020,4247.16
3032798757084893184,6495,3,70382,7,2020,6534.5
3032798757084893184,6495,3,70382,8,2020,702.7
3032798757084893184,6495,3,70382,9,2020,-2919.23
3032798757084893184,6495,3,70382,10,2020,-8245.65
3032798757084893184,6495,3,70382,11,2020,-11128.42
3032798757084893184,6495,3,70382,12,2020,-12597.88
3033165027790253056,4620,1,91993,1,2020,4293.33
3033165027790253056,4620,1,91993,2,2020,2983.57
3033165027790253056,4620,1,91993,3,2020,-5543.14
3033165027790253056,4620,1,91993,4,2020,-11631.33
3033165027790253056,4620,1,91993,5,2020,-13981.94
3033165027790253056,4620,1,91993,6,2020,-16736.38
3033165027790253056,4620,1,91993,7,2020,-21262.11
3033165027790253056,4620,1,91993,8,2020,-30002.7
3033165027790253056,4620,1,91993,9,2020,-37658.71
3033165027790253056,4620,1,91993,10,2020,-41073.87
3033165027790253056,4620,1,91993,11,2020,-33634.52
3033165027790253056,4620,1,91993,12,2020,-31826.08
3033256753925873664,2883,4,10367,1,2020,-717.69
3033256753925873664,2883,4,10367,2,2020,-2938.86
3033256753925873664,2883,4,10367,3,2020,2584.88
3033256753925873664,2883,4,10367,4,2020,2742.13
3033256753925873664,2883,4,10367,5,2020,4495.4
3033256753925873664,2883,4,10367,6,2020,678.88
3033256753925873664,2883,4,10367,7,2020,3744.36
3033256753925873664,2883,4,10367,8,2020,2331.65
3033256753925873664,2883,4,10367,9,2020,6244.91
3033256753925873664,2883,4,10367,10,2020,2913.62
3033256753925873664,2883,4,10367,11,2020,6691.8
3033256753925873664,2883,4,10367,12,2020,3488.7
3036319093712370688,5918,8,31839,1,2020,1094.66
3036319093712370688,5918,8,31839,2,2020,11134.04
3036319093712370688,5918,8,31839,3,2020,9841.93
3036319093712370688,5918,8,31839,4,2020,7295.91
3036319093712370688,5918,8,31839,5,2020,5876.86
3036319093712370688,5918,8,31839,6,2020,6277.04
3036319093712370688,5918,8,31839,7,2020,4742.5
3036319093712370688,5918,8,31839,8,2020,3703.57
3036319093712370688,5918,8,31839,9,2020,3439.34
3036319093712370688,5918,8,31839,10,2020,7583.3
3036319093712370688,5918,8,31839,11,2020,10089.55
3036319093712370688,5918,8,31839,12,2020,11323.84
3036434183236720128,7142,3,56352,1,2020,-4576.26
3036434183236720128,7142,3,56352,2,2020,-4111.36
3036434183236720128,7142,3,56352,3,2020,-74.57
3036434183236720128,7142,3,56352,4,2020,2411.44
3036434183236720128,7142,3,56352,5,2020,3215.61
3036434183236720128,7142,3,56352,6,2020,8180.64
3036434183236720128,7142,3,56352,7,2020,11941.09
3036434183236720128,7142,3,56352,8,2020,10438.89
3036434183236720128,7142,3,56352,9,2020,5447.54
3036434183236720128,7142,3,56352,10,2020,10241.36
3036434183236720128,7142,3,56352,11,2020,11551.93
3036434183236720128,7142,3,56352,12,2020,12384.04
3039288829345702912,1317,5,87457,1,2020,1068.61
3039288829345702912,1317,5,87457,2,2020,-1380.15
3039288829345702912,1317,5,87457,3,2020,-585.06
3039288829345702912,1317,5,87457,4,2020,4021.07
3039288829345702912,1317,5,87457,5,2020,5495.25
3039288829345702912,1317,5,87457,6,2020,2260.32
3039288829345702912,1317,5,87457,7,2020,4647.25
3039288829345702912,1317,5,87457,8,2020,13462.63
3039288829345702912,1317,5,87457,9,2020,11203.26
3039288829345702912,1317,5,87457,10,2020,18085.08
3039288829345702912,1317,5,87457,11,2020,17402.47
3039288829345702912,1317,5,87457,12,2020,16071.77
3039416930729163776,5438,9,13438,1,2020,4876.36
3039416930729163776,5438,9,13438,2,2020,-5193.2
3039416930729163776,5438,9,13438,3,2020,-2696.18
3039416930729163776,5438,9,13438,4,2020,-9911.47
3039416930729163776,5438,9,13438,5,2020,-5640.52
3039416930729163776,5438,9,13438,6,2020,-5985.01
3039416930729163776,5438,9,13438,7,2020,-7414.26
3039416930729163776,5438,9,13438,8,2020,-20912.65
3039416930729163776,5438,9,13438,9,2020,-9130.4
3039416930729163776,5438,9,13438,10,2020,-5918.62
3039416930729163776,5438,9,13438,11,2020,-10667.69
3039416930729163776,5438,9,13438,12,2020,-12599.09
3040394818430681600,5654,5,1406,1,2020,3028.93
3040394818430681600,5654,5,1406,2,2020,4486.15
3040394818430681600,5654,5,1406,3,2020,141.39
3040394818430681600,5654,5,1406,4,2020,5519.39
3040394818430681600,5654,5,1406,5,2020,7156.71
3040394818430681600,5654,5,1406,6,2020,13363.91
3040394818430681600,5654,5,1406,7,2020,9689.76
3040394818430681600,5654,5,1406,8,2020,8447.78
3040394818430681600,5654,5,1406,9,2020,7760.12
3040394818430681600,5654,5,1406,10,2020,8844.1
3040394818430681600,5654,5,1406,11,2020,9059.08
3040394818430681600,5654,5,1406,12,2020,10085.84
304160244893763904,7986,7,88929,1,2020,1343.18
304160244893763904,7986,7,88929,2,2020,-14.76
304160244893763904,7986,7,88929,3,2020,1105.51
304160244893763904,7986,7,88929,4,2020,1911.29
304160244893763904,7986,7,88929,5,2020,4300.19
304160244893763904,7986,7,88929,6,2020,5104.61
304160244893763904,7986,7,88929,7,2020,3686.37
304160244893763904,7986,7,88929,8,2020,1019.09
304160244893763904,7986,7,88929,9,2020,-4702.79
304160244893763904,7986,7,88929,10,2020,-1373.22
304160244893763904,7986,7,88929,11,2020,-4497.09
304160244893763904,7986,7,88929,12,2020,-11581.67
3041906719193672704,8477,5,19951,1,2020,-4992.78
3041906719193672704,8477,5,19951,2,2020,-3056.27
3041906719193672704,8477,5,19951,3,2020,-2095.3
3041906719193672704,8477,5,19951,4,2020,4825.98
3041906719193672704,8477,5,19951,5,2020,6503.75
3041906719193672704,8477,5,19951,6,2020,7873.57
3041906719193672704,8477,5,19951,7,2020,6459.4
3041906719193672704,8477,5,19951,8,2020,4377.06
3041906719193672704,8477,5,19951,9,2020,2419.64
3041906719193672704,8477,5,19951,10,2020,7190.23
3041906719193672704,8477,5,19951,11,2020,7864.02
3041906719193672704,8477,5,19951,12,2020,395.54
3042254446981685248,2947,3,43396,1,2020,8521.33
3042254446981685248,2947,3,43396,2,2020,2020.23
3042254446981685248,2947,3,43396,3,2020,-1011.32
3042254446981685248,2947,3,43396,4,2020,2493.29
3042254446981685248,2947,3,43396,5,2020,4518.59
3042254446981685248,2947,3,43396,6,2020,7295.43
3042254446981685248,2947,3,43396,7,2020,-2558.65
3042254446981685248,2947,3,43396,8,2020,-4395.11
3042254446981685248,2947,3,43396,9,2020,815.47
3042254446981685248,2947,3,43396,10,2020,1311.35
3042254446981685248,2947,3,43396,11,2020,-1278.64
3042254446981685248,2947,3,43396,12,2020,5539.64
3042729872965590016,7222,4,34,1,2020,1186.54
3042729872965590016,7222,4,34,2,2020,-5325.04
3042729872965590016,7222,4,34,3,2020,-4293.51
3042729872965590016,7222,4,34,4,2020,-5343.02
3042729872965590016,7222,4,34,5,2020,-5713.48
3042729872965590016,7222,4,34,6,2020,-7050.27
3042729872965590016,7222,4,34,7,2020,-25.15
3042729872965590016,7222,4,34,8,2020,-1946.61
3042729872965590016,7222,4,34,9,2020,-297.06
3042729872965590016,7222,4,34,10,2020,-2939.67
3042729872965590016,7222,4,34,11,2020,-4089.09
3042729872965590016,7222,4,34,12,2020,-2010.32
3043815811744217088,5794,6,70729,1,2020,710.42
3043815811744217088,5794,6,70729,2,2020,3548.09
3043815811744217088,5794,6,70729,3,2020,1711.31
3043815811744217088,5794,6,70729,4,2020,129.79
3043815811744217088,5794,6,70729,5,2020,707.86
3043815811744217088,5794,6,70729,6,2020,577.97
3043815811744217088,5794,6,70729,7,2020,577.97
3043815811744217088,5794,6,70729,8,2020,21.05
3043815811744217088,5794,6,70729,9,2020,-2220.87
3043815811744217088,5794,6,70729,10,2020,-1256.48
3043815811744217088,5794,6,70729,11,2020,1644.83
3043815811744217088,5794,6,70729,12,2020,2993.07
3044971526824058368,8504,9,22510,1,2020,-767.43
3044971526824058368,8504,9,22510,2,2020,1744.21
3044971526824058368,8504,9,22510,3,2020,4107.83
3044971526824058368,8504,9,22510,4,2020,9848.96
3044971526824058368,8504,9,22510,5,2020,7549.99
3044971526824058368,8504,9,22510,6,2020,7118.72
3044971526824058368,8504,9,22510,7,2020,10236.83
3044971526824058368,8504,9,22510,8,2020,10609.44
3044971526824058368,8504,9,22510,9,2020,3062.75
3044971526824058368,8504,9,22510,10,2020,8622.1
3044971526824058368,8504,9,22510,11,2020,11412.57
3044971526824058368,8504,9,22510,12,2020,11839.79
3046122557888509440,3595,7,4626,1,2020,1534.79
3046122557888509440,3595,7,4626,2,2020,3429.33
3046122557888509440,3595,7,4626,3,2020,4489.72
3046122557888509440,3595,7,4626,4,2020,4659.26
3046122557888509440,3595,7,4626,5,2020,4659.26
3046122557888509440,3595,7,4626,6,2020,3693.49
3046122557888509440,3595,7,4626,7,2020,3693.49
3046122557888509440,3595,7,4626,8,2020,2751.07
3046122557888509440,3595,7,4626,9,2020,1263.79
3046122557888509440,3595,7,4626,10,2020,3419.77
3046122557888509440,3595,7,4626,11,2020,4450.69
3046122557888509440,3595,7,4626,12,2020,3825.3
3046142284491107328,3906,8,98175,1,2020,-5958.33
3046142284491107328,3906,8,98175,2,2020,1670.82
3046142284491107328,3906,8,98175,3,2020,1893.1
3046142284491107328,3906,8,98175,4,2020,904.97
3046142284491107328,3906,8,98175,5,2020,185.6
3046142284491107328,3906,8,98175,6,2020,883.82
3046142284491107328,3906,8,98175,7,2020,4344.85
3046142284491107328,3906,8,98175,8,2020,4474.37
3046142284491107328,3906,8,98175,9,2020,5752.85
3046142284491107328,3906,8,98175,10,2020,8997.53
3046142284491107328,3906,8,98175,11,2020,12497.18
3046142284491107328,3906,8,98175,12,2020,8470.68
3047805910354596352,2986,0,30734,1,2020,3328.02
3047805910354596352,2986,0,30734,2,2020,5516.62
3047805910354596352,2986,0,30734,3,2020,5150.83
3047805910354596352,2986,0,30734,4,2020,2787.77
3047805910354596352,2986,0,30734,5,2020,2557.37
3047805910354596352,2986,0,30734,6,2020,139.93
3047805910354596352,2986,0,30734,7,2020,-970.88
3047805910354596352,2986,0,30734,8,2020,-1627.16
3047805910354596352,2986,0,30734,9,2020,-1009.73
3047805910354596352,2986,0,30734,10,2020,1621.17
3047805910354596352,2986,0,30734,11,2020,1643.23
3047805910354596352,2986,0,30734,12,2020,-109.54
3048303297335403008,4500,4,66271,1,2020,4039.3
3048303297335403008,4500,4,66271,2,2020,1048.47
3048303297335403008,4500,4,66271,3,2020,2156.65
3048303297335403008,4500,4,66271,4,2020,-901.06
3048303297335403008,4500,4,66271,5,2020,2650.28
3048303297335403008,4500,4,66271,6,2020,3724.68
3048303297335403008,4500,4,66271,7,2020,6057.08
3048303297335403008,4500,4,66271,8,2020,4560.18
3048303297335403008,4500,4,66271,9,2020,4560.18
3048303297335403008,4500,4,66271,10,2020,4238.9
3048303297335403008,4500,4,66271,11,2020,3093.3
3048303297335403008,4500,4,66271,12,2020,7213.28
3048347190496834560,3355,2,76897,1,2020,0.0
3048347190496834560,3355,2,76897,2,2020,0.0
3048347190496834560,3355,2,76897,3,2020,719.2
3048347190496834560,3355,2,76897,4,2020,719.2
3048347190496834560,3355,2,76897,5,2020,719.2
