2586841573165230080,5962,5,46603,11,2020,5400.99
2586841573165230080,5962,5,46603,12,2020,1250.15
2587775779155146752,6624,1,93390,1,2020,-2168.16
2587775779155146752,6624,1,93390,2,2020,-2701.32
2587775779155146752,6624,1,93390,3,2020,3372.2
2587775779155146752,6624,1,93390,4,2020,8221.29
2587775779155146752,6624,1,93390,5,2020,4072.95
2587775779155146752,6624,1,93390,6,2020,-4840.39
2587775779155146752,6624,1,93390,7,2020,-5907.97
2587775779155146752,6624,1,93390,8,2020,-9422.8
2587775779155146752,6624,1,93390,9,2020,-14192.23
2587775779155146752,6624,1,93390,10,2020,-8923.15
2587775779155146752,6624,1,93390,11,2020,-2445.17
2587775779155146752,6624,1,93390,12,2020,-830.53
2588879110549101568,2136,9,42251,1,2020,21.03
2588879110549101568,2136,9,42251,2,2020,8435.24
2588879110549101568,2136,9,42251,3,2020,11312.23
2588879110549101568,2136,9,42251,4,2020,5508.95
2588879110549101568,2136,9,42251,5,2020,5119.56
2588879110549101568,2136,9,42251,6,2020,3077.38
2588879110549101568,2136,9,42251,7,2020,3581.32
2588879110549101568,2136,9,42251,8,2020,4234.35
2588879110549101568,2136,9,42251,9,2020,6095.39
2588879110549101568,2136,9,42251,10,2020,1429.75
2588879110549101568,2136,9,42251,11,2020,9335.35
2588879110549101568,2136,9,42251,12,2020,17775.96
2591620136873173504,293,9,43938,1,2020,1842.85
2591620136873173504,293,9,43938,2,2020,1842.85
2591620136873173504,293,9,43938,3,2020,2349.54
2591620136873173504,293,9,43938,4,2020,839.13
2591620136873173504,293,9,43938,5,2020,2408.38
2591620136873173504,293,9,43938,6,2020,610.59
2591620136873173504,293,9,43938,7,2020,610.59
2591620136873173504,293,9,43938,8,2020,-835.91
2591620136873173504,293,9,43938,9,2020,-1651.17
2591620136873173504,293,9,43938,10,2020,-526.29
2591620136873173504,293,9,43938,11,2020,388.09
2591620136873173504,293,9,43938,12,2020,388.09
2591735782049036800,7346,2,69392,1,2020,7264.39
2591735782049036800,7346,2,69392,2,2020,16417.11
2591735782049036800,7346,2,69392,3,2020,17346.07
2591735782049036800,7346,2,69392,4,2020,12779.27
2591735782049036800,7346,2,69392,5,2020,5159.66
2591735782049036800,7346,2,69392,6,2020,5272.35
2591735782049036800,7346,2,69392,7,2020,-1920.1
2591735782049036800,7346,2,69392,8,2020,-3842.02
2591735782049036800,7346,2,69392,9,2020,2593.5
2591735782049036800,7346,2,69392,10,2020,8401.98
2591735782049036800,7346,2,69392,11,2020,5047.11
2591735782049036800,7346,2,69392,12,2020,4268.32
2592293856540852736,9553,2,94830,1,2020,105.76
2592293856540852736,9553,2,94830,2,2020,1532.71
2592293856540852736,9553,2,94830,3,2020,2988.12
2592293856540852736,9553,2,94830,4,2020,2698.79
2592293856540852736,9553,2,94830,5,2020,2698.79
2592293856540852736,9553,2,94830,6,2020,468.09
2592293856540852736,9553,2,94830,7,2020,1349.73
2592293856540852736,9553,2,94830,8,2020,-217.15
2592293856540852736,9553,2,94830,9,2020,1577.06
2592293856540852736,9553,2,94830,10,2020,-1876.6
2592293856540852736,9553,2,94830,11,2020,-3690.61
2592293856540852736,9553,2,94830,12,2020,-3690.61
2592429008068141056,1327,0,51076,1,2020,1352.12
2592429008068141056,1327,0,51076,2,2020,2427.06
2592429008068141056,1327,0,51076,3,2020,2453.37
2592429008068141056,1327,0,51076,4,2020,-4785.15
2592429008068141056,1327,0,51076,5,2020,-6937.52
2592429008068141056,1327,0,51076,6,2020,-10404.75
2592429008068141056,1327,0,51076,7,2020,-14002.6
2592429008068141056,1327,0,51076,8,2020,-17983.59
2592429008068141056,1327,0,51076,9,2020,-13829.98
2592429008068141056,1327,0,51076,10,2020,-21697.61
2592429008068141056,1327,0,51076,11,2020,-15315.63
2592429008068141056,1327,0,51076,12,2020,-16004.42
2592527305844619776,8945,4,32433,1,2020,4729.49
2592527305844619776,8945,4,32433,2,2020,4460.63
2592527305844619776,8945,4,32433,3,2020,2609.35
2592527305844619776,8945,4,32433,4,2020,-1661.24
2592527305844619776,8945,4,32433,5,2020,-2872.49
2592527305844619776,8945,4,32433,6,2020,-3355.21
2592527305844619776,8945,4,32433,7,2020,-5311.64
2592527305844619776,8945,4,32433,8,2020,-6649.43
2592527305844619776,8945,4,32433,9,2020,-3067.79
2592527305844619776,8945,4,32433,10,2020,62.17
2592527305844619776,8945,4,32433,11,2020,5383.46
2592527305844619776,8945,4,32433,12,2020,2961.55
2593913335457863680,9645,7,77901,1,2020,3010.41
2593913335457863680,9645,7,77901,2,2020,7016.09
2593913335457863680,9645,7,77901,3,2020,6259.64
2593913335457863680,9645,7,77901,4,2020,8117.78
2593913335457863680,9645,7,77901,5,2020,4390.5
2593913335457863680,9645,7,77901,6,2020,4740.12
2593913335457863680,9645,7,77901,7,2020,6973.82
2593913335457863680,9645,7,77901,8,2020,5282.52
2593913335457863680,9645,7,77901,9,2020,7097.32
2593913335457863680,9645,7,77901,10,2020,7750.26
2593913335457863680,9645,7,77901,11,2020,5318.74
2593913335457863680,9645,7,77901,12,2020,6384.78
2594093690928985600,7628,9,81589,1,2020,-415.39
2594093690928985600,7628,9,81589,2,2020,632.64
2594093690928985600,7628,9,81589,3,2020,1214.32
2594093690928985600,7628,9,81589,4,2020,809.84
2594093690928985600,7628,9,81589,5,2020,2528.98
2594093690928985600,7628,9,81589,6,2020,2493.02
2594093690928985600,7628,9,81589,7,2020,1048.53
2594093690928985600,7628,9,81589,8,2020,1014.72
2594093690928985600,7628,9,81589,9,2020,-148.09
2594093690928985600,7628,9,81589,10,2020,2222.21
2594093690928985600,7628,9,81589,11,2020,1197.04
2594093690928985600,7628,9,81589,12,2020,2605.89
2594129326984344064,1036,0,80814,1,2020,-1527.95
2594129326984344064,1036,0,80814,2,2020,-7150.62
2594129326984344064,1036,0,80814,3,2020,-11590.47
2594129326984344064,1036,0,80814,4,2020,-3398.68
2594129326984344064,1036,0,80814,5,2020,-6249.1
2594129326984344064,1036,0,80814,6,2020,-2418.21
2594129326984344064,1036,0,80814,7,2020,-6291.65
2594129326984344064,1036,0,80814,8,2020,1069.91
2594129326984344064,1036,0,80814,9,2020,-4241.14
2594129326984344064,1036,0,80814,10,2020,8302.01
2594129326984344064,1036,0,80814,11,2020,10439.2
2594129326984344064,1036,0,80814,12,2020,10519.81
2594751276533586432,4988,3,63101,1,2020,645.16
2594751276533586432,4988,3,63101,2,2020,645.16
2594751276533586432,4988,3,63101,3,2020,645.16
2594751276533586432,4988,3,63101,4,2020,645.16
2594751276533586432,4988,3,63101,5,2020,-1195.38
2594751276533586432,4988,3,63101,6,2020,-1195.38
2594751276533586432,4988,3,63101,7,2020,-2560.57
2594751276533586432,4988,3,63101,8,2020,-2838.19
2594751276533586432,4988,3,63101,9,2020,-2838.19
2594751276533586432,4988,3,63101,10,2020,-2838.19
2594751276533586432,4988,3,63101,11,2020,-2838.19
2594751276533586432,4988,3,63101,12,2020,-2838.19
2596422852420166656,4813,9,8498,1,2020,-2370.15
2596422852420166656,4813,9,8498,2,2020,-8390.89
2596422852420166656,4813,9,8498,3,2020,-6266.14
2596422852420166656,4813,9,8498,4,2020,-1600.4
2596422852420166656,4813,9,8498,5,2020,1453.32
2596422852420166656,4813,9,8498,6,2020,-746.1
2596422852420166656,4813,9,8498,7,2020,5822.09
2596422852420166656,4813,9,8498,8,2020,3562.23
2596422852420166656,4813,9,8498,9,2020,3714.35
2596422852420166656,4813,9,8498,10,2020,-2197.84
2596422852420166656,4813,9,8498,11,2020,-5889.95
2596422852420166656,4813,9,8498,12,2020,-2725.5
2596999122683644928,7140,8,9738,1,2020,3462.92
2596999122683644928,7140,8,9738,2,2020,1964.0
2596999122683644928,7140,8,9738,3,2020,-11.39
2596999122683644928,7140,8,9738,4,2020,3571.85
2596999122683644928,7140,8,9738,5,2020,2916.74
2596999122683644928,7140,8,9738,6,2020,2744.97
2596999122683644928,7140,8,9738,7,2020,17844.28
2596999122683644928,7140,8,9738,8,2020,25813.71
2596999122683644928,7140,8,9738,9,2020,29431.08
2596999122683644928,7140,8,9738,10,2020,27880.42
2596999122683644928,7140,8,9738,11,2020,27732.0
2596999122683644928,7140,8,9738,12,2020,28569.36
2597798025668714496,5997,3,72853,1,2020,0.0
2597798025668714496,5997,3,72853,2,2020,-1476.15
2597798025668714496,5997,3,72853,3,2020,-1476.15
2597798025668714496,5997,3,72853,4,2020,-1476.15
2597798025668714496,5997,3,72853,5,2020,-246.22
2597798025668714496,5997,3,72853,6,2020,-2198.17
2597798025668714496,5997,3,72853,7,2020,-525.67
2597798025668714496,5997,3,72853,8,2020,-3344.31
2597798025668714496,5997,3,72853,9,2020,-3028.69
2597798025668714496,5997,3,72853,10,2020,-3150.29
2597798025668714496,5997,3,72853,11,2020,-3150.29
2597798025668714496,5997,3,72853,12,2020,-1484.89
2597863872346541568,2383,7,47790,1,2020,-10487.07
2597863872346541568,2383,7,47790,2,2020,-11318.72
2597863872346541568,2383,7,47790,3,2020,-17004.17
2597863872346541568,2383,7,47790,4,2020,-18765.07
2597863872346541568,2383,7,47790,5,2020,-20585.75
2597863872346541568,2383,7,47790,6,2020,-21293.05
2597863872346541568,2383,7,47790,7,2020,-17609.17
2597863872346541568,2383,7,47790,8,2020,-18444.04
2597863872346541568,2383,7,47790,9,2020,-20082.32
2597863872346541568,2383,7,47790,10,2020,-23847.04
2597863872346541568,2383,7,47790,11,2020,-23440.96
2597863872346541568,2383,7,47790,12,2020,-25187.21
2598182919589495296,6020,5,26328,1,2020,-12911.55
2598182919589495296,6020,5,26328,2,2020,-6602.31
2598182919589495296,6020,5,26328,3,2020,2184.46
2598182919589495296,6020,5,26328,4,2020,539.57
2598182919589495296,6020,5,26328,5,2020,5125.51
2598182919589495296,6020,5,26328,6,2020,9721.46
2598182919589495296,6020,5,26328,7,2020,6893.86
2598182919589495296,6020,5,26328,8,2020,7885.26
2598182919589495296,6020,5,26328,9,2020,10823.87
2598182919589495296,6020,5,26328,10,2020,8640.65
2598182919589495296,6020,5,26328,11,2020,-1121.37
2598182919589495296,6020,5,26328,12,2020,-2278.33
2599634215174645760,3608,3,96519,1,2020,6970.11
2599634215174645760,3608,3,96519,2,2020,4023.08
2599634215174645760,3608,3,96519,3,2020,5770.9
2599634215174645760,3608,3,96519,4,2020,8234.18
2599634215174645760,3608,3,96519,5,2020,12146.19
2599634215174645760,3608,3,96519,6,2020,17330.89
2599634215174645760,3608,3,96519,7,2020,8693.46
2599634215174645760,3608,3,96519,8,2020,8116.94
2599634215174645760,3608,3,96519,9,2020,7890.65
2599634215174645760,3608,3,96519,10,2020,14639.23
2599634215174645760,3608,3,96519,11,2020,18112.97
2599634215174645760,3608,3,96519,12,2020,12217.74
2602046199033155072,4672,3,71479,1,2020,-338.54
2602046199033155072,4672,3,71479,2,2020,5383.42
2602046199033155072,4672,3,71479,3,2020,7222.43
2602046199033155072,4672,3,71479,4,2020,5210.25
2602046199033155072,4672,3,71479,5,2020,6248.13
2602046199033155072,4672,3,71479,6,2020,13190.59
2602046199033155072,4672,3,71479,7,2020,8275.86
2602046199033155072,4672,3,71479,8,2020,11344.71
2602046199033155072,4672,3,71479,9,2020,8548.06
2602046199033155072,4672,3,71479,10,2020,12564.41
2602046199033155072,4672,3,71479,11,2020,13795.88
2602046199033155072,4672,3,71479,12,2020,12585.84
2602859610314620416,6288,1,4661,1,2020,-2012.66
2602859610314620416,6288,1,4661,2,2020,-1701.87
2602859610314620416,6288,1,4661,3,2020,376.69
2602859610314620416,6288,1,4661,4,2020,3933.23
2602859610314620416,6288,1,4661,5,2020,1049.14
2602859610314620416,6288,1,4661,6,2020,-402.92
2602859610314620416,6288,1,4661,7,2020,1743.58
2602859610314620416,6288,1,4661,8,2020,5389.5
2602859610314620416,6288,1,4661,9,2020,5761.7
2602859610314620416,6288,1,4661,10,2020,2448.88
2602859610314620416,6288,1,4661,11,2020,-2069.8
2602859610314620416,6288,1,4661,12,2020,-2333.61
2603997955443121152,3570,8,82390,1,2020,-3586.02
2603997955443121152,3570,8,82390,2,2020,-7220.11
2603997955443121152,3570,8,82390,3,2020,-8985.43
2603997955443121152,3570,8,82390,4,2020,-12806.87
2603997955443121152,3570,8,82390,5,2020,-11482.67
2603997955443121152,3570,8,82390,6,2020,-15015.0
2603997955443121152,3570,8,82390,7,2020,-11759.32
2603997955443121152,3570,8,82390,8,2020,-7690.74
