292668755240831168,5305,1,77361,9,2020,337.38
292668755240831168,5305,1,77361,10,2020,433.76
292668755240831168,5305,1,77361,11,2020,-512.21
292668755240831168,5305,1,77361,12,2020,256.28
2927436422922638848,6389,4,90682,1,2020,3051.01
2927436422922638848,6389,4,90682,2,2020,1624.59
2927436422922638848,6389,4,90682,3,2020,-1523.44
2927436422922638848,6389,4,90682,4,2020,422.54
2927436422922638848,6389,4,90682,5,2020,-3079.15
2927436422922638848,6389,4,90682,6,2020,-2101.33
2927436422922638848,6389,4,90682,7,2020,613.72
2927436422922638848,6389,4,90682,8,2020,-1346.23
2927436422922638848,6389,4,90682,9,2020,-236.56
2927436422922638848,6389,4,90682,10,2020,-220.23
2927436422922638848,6389,4,90682,11,2020,-2119.03
2927436422922638848,6389,4,90682,12,2020,-4817.16
2928197555629094912,1948,3,31036,1,2020,594.79
2928197555629094912,1948,3,31036,2,2020,3709.35
2928197555629094912,1948,3,31036,3,2020,427.02
2928197555629094912,1948,3,31036,4,2020,-10489.23
2928197555629094912,1948,3,31036,5,2020,-6023.16
2928197555629094912,1948,3,31036,6,2020,-14513.05
2928197555629094912,1948,3,31036,7,2020,-13793.13
2928197555629094912,1948,3,31036,8,2020,-16403.15
2928197555629094912,1948,3,31036,9,2020,-14530.35
2928197555629094912,1948,3,31036,10,2020,-15464.1
2928197555629094912,1948,3,31036,11,2020,-20775.44
2928197555629094912,1948,3,31036,12,2020,-21143.58
2928786163381332992,7285,2,79197,1,2020,5883.33
2928786163381332992,7285,2,79197,2,2020,7157.19
2928786163381332992,7285,2,79197,3,2020,6571.0
2928786163381332992,7285,2,79197,4,2020,10463.07
2928786163381332992,7285,2,79197,5,2020,12158.32
2928786163381332992,7285,2,79197,6,2020,4797.15
2928786163381332992,7285,2,79197,7,2020,12229.56
2928786163381332992,7285,2,79197,8,2020,6794.73
2928786163381332992,7285,2,79197,9,2020,6628.53
2928786163381332992,7285,2,79197,10,2020,4113.29
2928786163381332992,7285,2,79197,11,2020,4996.69
2928786163381332992,7285,2,79197,12,2020,1777.59
2932794698551646720,1776,6,94245,1,2020,-693.8
2932794698551646720,1776,6,94245,2,2020,-2407.12
2932794698551646720,1776,6,94245,3,2020,-1156.53
2932794698551646720,1776,6,94245,4,2020,-1278.25
2932794698551646720,1776,6,94245,5,2020,-188.17
2932794698551646720,1776,6,94245,6,2020,5198.48
2932794698551646720,1776,6,94245,7,2020,7916.41
2932794698551646720,1776,6,94245,8,2020,8439.08
2932794698551646720,1776,6,94245,9,2020,6930.64
2932794698551646720,1776,6,94245,10,2020,5530.69
2932794698551646720,1776,6,94245,11,2020,7822.87
2932794698551646720,1776,6,94245,12,2020,5765.76
2933491816654898176,8809,2,41220,1,2020,-3364.29
2933491816654898176,8809,2,41220,2,2020,-10434.32
2933491816654898176,8809,2,41220,3,2020,-12979.64
2933491816654898176,8809,2,41220,4,2020,-12890.32
2933491816654898176,8809,2,41220,5,2020,-13732.36
2933491816654898176,8809,2,41220,6,2020,-10186.27
2933491816654898176,8809,2,41220,7,2020,-9826.03
2933491816654898176,8809,2,41220,8,2020,-9292.44
2933491816654898176,8809,2,41220,9,2020,-3594.32
2933491816654898176,8809,2,41220,10,2020,-1733.95
2933491816654898176,8809,2,41220,11,2020,-6852.56
2933491816654898176,8809,2,41220,12,2020,-8292.7
2933604936071806464,5063,3,79214,1,2020,-707.7
2933604936071806464,5063,3,79214,2,2020,-2495.14
2933604936071806464,5063,3,79214,3,2020,-3462.33
2933604936071806464,5063,3,79214,4,2020,-6422.77
2933604936071806464,5063,3,79214,5,2020,-3841.51
2933604936071806464,5063,3,79214,6,2020,-9779.41
2933604936071806464,5063,3,79214,7,2020,-9331.57
2933604936071806464,5063,3,79214,8,2020,-11108.55
2933604936071806464,5063,3,79214,9,2020,-7157.77
2933604936071806464,5063,3,79214,10,2020,-14708.96
2933604936071806464,5063,3,79214,11,2020,-15196.67
2933604936071806464,5063,3,79214,12,2020,-12943.42
293370289343593856,2599,8,79818,1,2020,8131.43
293370289343593856,2599,8,79818,2,2020,8089.13
293370289343593856,2599,8,79818,3,2020,11185.69
293370289343593856,2599,8,79818,4,2020,9188.05
293370289343593856,2599,8,79818,5,2020,9208.65
293370289343593856,2599,8,79818,6,2020,7938.81
293370289343593856,2599,8,79818,7,2020,9773.81
293370289343593856,2599,8,79818,8,2020,8289.4
293370289343593856,2599,8,79818,9,2020,8444.51
293370289343593856,2599,8,79818,10,2020,4891.48
293370289343593856,2599,8,79818,11,2020,-2654.29
293370289343593856,2599,8,79818,12,2020,-1783.34
2934391350591596544,9609,1,11516,1,2020,-861.89
2934391350591596544,9609,1,11516,2,2020,1201.29
2934391350591596544,9609,1,11516,3,2020,-171.52
2934391350591596544,9609,1,11516,4,2020,2363.33
2934391350591596544,9609,1,11516,5,2020,4095.83
2934391350591596544,9609,1,11516,6,2020,1057.34
2934391350591596544,9609,1,11516,7,2020,6312.81
2934391350591596544,9609,1,11516,8,2020,6346.37
2934391350591596544,9609,1,11516,9,2020,16883.21
2934391350591596544,9609,1,11516,10,2020,20249.48
2934391350591596544,9609,1,11516,11,2020,19788.8
2934391350591596544,9609,1,11516,12,2020,21363.44
2934537218124936704,2463,6,664,1,2020,-945.62
2934537218124936704,2463,6,664,2,2020,151.66
2934537218124936704,2463,6,664,3,2020,1739.76
2934537218124936704,2463,6,664,4,2020,2691.28
2934537218124936704,2463,6,664,5,2020,394.77
2934537218124936704,2463,6,664,6,2020,521.77
2934537218124936704,2463,6,664,7,2020,971.44
2934537218124936704,2463,6,664,8,2020,1670.02
2934537218124936704,2463,6,664,9,2020,-1252.96
2934537218124936704,2463,6,664,10,2020,-4529.89
2934537218124936704,2463,6,664,11,2020,-6574.52
2934537218124936704,2463,6,664,12,2020,-9611.86
2935436165413334528,5188,2,33743,1,2020,-526.3
2935436165413334528,5188,2,33743,2,2020,234.11
2935436165413334528,5188,2,33743,3,2020,2542.41
2935436165413334528,5188,2,33743,4,2020,6656.69
2935436165413334528,5188,2,33743,5,2020,8993.77
2935436165413334528,5188,2,33743,6,2020,7905.16
2935436165413334528,5188,2,33743,7,2020,1098.75
2935436165413334528,5188,2,33743,8,2020,2923.17
2935436165413334528,5188,2,33743,9,2020,-1154.39
2935436165413334528,5188,2,33743,10,2020,-617.4
2935436165413334528,5188,2,33743,11,2020,-7790.18
2935436165413334528,5188,2,33743,12,2020,-11664.52
2936785803984546304,1459,4,60808,1,2020,7511.89
2936785803984546304,1459,4,60808,2,2020,3655.08
2936785803984546304,1459,4,60808,3,2020,6338.23
2936785803984546304,1459,4,60808,4,2020,10457.21
2936785803984546304,1459,4,60808,5,2020,13412.48
2936785803984546304,1459,4,60808,6,2020,14209.39
2936785803984546304,1459,4,60808,7,2020,14744.99
2936785803984546304,1459,4,60808,8,2020,13560.39
2936785803984546304,1459,4,60808,9,2020,8277.22
2936785803984546304,1459,4,60808,10,2020,2526.81
2936785803984546304,1459,4,60808,11,2020,-5909.16
2936785803984546304,1459,4,60808,12,2020,-9460.03
2937528979097176576,5639,0,24067,1,2020,-1684.97
2937528979097176576,5639,0,24067,2,2020,-138.71
2937528979097176576,5639,0,24067,3,2020,512.69
2937528979097176576,5639,0,24067,4,2020,-5276.03
2937528979097176576,5639,0,24067,5,2020,-7077.86
2937528979097176576,5639,0,24067,6,2020,-11869.6
2937528979097176576,5639,0,24067,7,2020,-11560.77
2937528979097176576,5639,0,24067,8,2020,-16634.2
2937528979097176576,5639,0,24067,9,2020,-8681.65
2937528979097176576,5639,0,24067,10,2020,-1199.6
2937528979097176576,5639,0,24067,11,2020,3967.03
2937528979097176576,5639,0,24067,12,2020,3961.16
293753999060979584,2998,1,59017,1,2020,-1952.88
293753999060979584,2998,1,59017,2,2020,-8100.49
293753999060979584,2998,1,59017,3,2020,-10482.01
293753999060979584,2998,1,59017,4,2020,-11277.39
293753999060979584,2998,1,59017,5,2020,-15256.67
293753999060979584,2998,1,59017,6,2020,-13161.0
293753999060979584,2998,1,59017,7,2020,-11739.07
293753999060979584,2998,1,59017,8,2020,-12236.49
293753999060979584,2998,1,59017,9,2020,-20760.79
293753999060979584,2998,1,59017,10,2020,-23518.81
293753999060979584,2998,1,59017,11,2020,-23359.9
293753999060979584,2998,1,59017,12,2020,-14819.54
2937976282315198464,5915,2,93449,1,2020,1484.82
2937976282315198464,5915,2,93449,2,2020,2655.55
2937976282315198464,5915,2,93449,3,2020,4539.08
2937976282315198464,5915,2,93449,4,2020,6567.97
2937976282315198464,5915,2,93449,5,2020,6590.39
2937976282315198464,5915,2,93449,6,2020,8799.72
2937976282315198464,5915,2,93449,7,2020,7164.83
2937976282315198464,5915,2,93449,8,2020,6385.79
2937976282315198464,5915,2,93449,9,2020,6277.35
2937976282315198464,5915,2,93449,10,2020,7853.31
2937976282315198464,5915,2,93449,11,2020,7656.95
2937976282315198464,5915,2,93449,12,2020,9864.05
2938011927030781440,7191,9,21175,1,2020,2042.31
2938011927030781440,7191,9,21175,2,2020,1757.41
2938011927030781440,7191,9,21175,3,2020,2146.69
2938011927030781440,7191,9,21175,4,2020,6249.91
2938011927030781440,7191,9,21175,5,2020,7377.98
2938011927030781440,7191,9,21175,6,2020,8082.55
2938011927030781440,7191,9,21175,7,2020,6261.64
2938011927030781440,7191,9,21175,8,2020,3167.68
2938011927030781440,7191,9,21175,9,2020,3440.06
2938011927030781440,7191,9,21175,10,2020,3865.48
2938011927030781440,7191,9,21175,11,2020,4929.44
2938011927030781440,7191,9,21175,12,2020,7237.66
2938155053469195264,655,7,37775,1,2020,217.95
2938155053469195264,655,7,37775,2,2020,1528.27
2938155053469195264,655,7,37775,3,2020,9785.82
2938155053469195264,655,7,37775,4,2020,6965.81
2938155053469195264,655,7,37775,5,2020,7446.42
2938155053469195264,655,7,37775,6,2020,5089.31
2938155053469195264,655,7,37775,7,2020,4913.97
2938155053469195264,655,7,37775,8,2020,4424.64
2938155053469195264,655,7,37775,9,2020,7563.72
2938155053469195264,655,7,37775,10,2020,-2054.01
2938155053469195264,655,7,37775,11,2020,-7262.45
2938155053469195264,655,7,37775,12,2020,-6249.82
29381966057388312,3899,3,47762,1,2020,560.3
29381966057388312,3899,3,47762,2,2020,-1432.51
29381966057388312,3899,3,47762,3,2020,-818.16
29381966057388312,3899,3,47762,4,2020,121.13
29381966057388312,3899,3,47762,5,2020,-452.52
29381966057388312,3899,3,47762,6,2020,-172.03
29381966057388312,3899,3,47762,7,2020,2007.64
29381966057388312,3899,3,47762,8,2020,1800.02
29381966057388312,3899,3,47762,9,2020,821.87
29381966057388312,3899,3,47762,10,2020,-861.12
29381966057388312,3899,3,47762,11,2020,-3527.58
29381966057388312,3899,3,47762,12,2020,-6615.59
2938485807396352000,9632,9,75969,1,2020,-903.58
2938485807396352000,9632,9,75969,2,2020,312.83
2938485807396352000,9632,9,75969,3,2020,1021.58
2938485807396352000,9632,9,75969,4,2020,-3570.6
2938485807396352000,9632,9,75969,5,2020,-6634.93
2938485807396352000,9632,9,75969,6,2020,-5842.55
2938485807396352000,9632,9,75969,7,2020,-6491.51
2938485807396352000,9632,9,75969,8,2020,-2708.37
2938485807396352000,9632,9,75969,9,2020,2520.65
2938485807396352000,9632,9,75969,10,2020,3532.46
2938485807396352000,9632,9,75969,11,2020,12092.95
2938485807396352000,9632,9,75969,12,2020,19143.8
2938567524254948864,3373,9,94162,1,2020,-40.5
2938567524254948864,3373,9,94162,2,2020,-5356.97
2938567524254948864,3373,9,94162,3,2020,-2967.1
2938567524254948864,3373,9,94162,4,2020,-806.43
2938567524254948864,3373,9,94162,5,2020,-309.77
2938567524254948864,3373,9,94162,6,2020,1962.96
2938567524254948864,3373,9,94162,7,2020,682.83
2938567524254948864,3373,9,94162,8,2020,1011.73
2938567524254948864,3373,9,94162,9,2020,5942.23
2938567524254948864,3373,9,94162,10,2020,-1964.65
2938567524254948864,3373,9,94162,11,2020,502.06
2938567524254948864,3373,9,94162,12,2020,1692.57
2940293047534737408,6984,0,79363,1,2020,1993.65
2940293047534737408,6984,0,79363,2,2020,-690.83
2940293047534737408,6984,0,79363,3,2020,-2860.18
2940293047534737408,6984,0,79363,4,2020,-2126.74
2940293047534737408,6984,0,79363,5,2020,-4647.79
