2954357458117190144,9377,2,73960,5,2020,-3646.02
2954357458117190144,9377,2,73960,6,2020,-2934.77
2954357458117190144,9377,2,73960,7,2020,-3654.38
2954357458117190144,9377,2,73960,8,2020,-1828.91
2954357458117190144,9377,2,73960,9,2020,-1913.55
2954357458117190144,9377,2,73960,10,2020,162.31
2954357458117190144,9377,2,73960,11,2020,-920.42
2954357458117190144,9377,2,73960,12,2020,-1296.55
2956055209823356416,5070,5,87615,1,2020,-3416.12
2956055209823356416,5070,5,87615,2,2020,-1408.41
2956055209823356416,5070,5,87615,3,2020,-4629.38
2956055209823356416,5070,5,87615,4,2020,-1982.79
2956055209823356416,5070,5,87615,5,2020,252.82
2956055209823356416,5070,5,87615,6,2020,-668.42
2956055209823356416,5070,5,87615,7,2020,-869.93
2956055209823356416,5070,5,87615,8,2020,-3855.87
2956055209823356416,5070,5,87615,9,2020,-7266.99
2956055209823356416,5070,5,87615,10,2020,-3840.04
2956055209823356416,5070,5,87615,11,2020,-3386.32
2956055209823356416,5070,5,87615,12,2020,-2673.78
2956522121084559872,6639,9,2847,1,2020,1402.39
2956522121084559872,6639,9,2847,2,2020,1402.39
2956522121084559872,6639,9,2847,3,2020,-523.5
2956522121084559872,6639,9,2847,4,2020,-1283.16
2956522121084559872,6639,9,2847,5,2020,-2025.52
2956522121084559872,6639,9,2847,6,2020,-2329.35
2956522121084559872,6639,9,2847,7,2020,-929.64
2956522121084559872,6639,9,2847,8,2020,553.22
2956522121084559872,6639,9,2847,9,2020,553.22
2956522121084559872,6639,9,2847,10,2020,553.22
2956522121084559872,6639,9,2847,11,2020,2008.95
2956522121084559872,6639,9,2847,12,2020,4962.02
2956717885003385856,296,5,66136,1,2020,-3968.7
2956717885003385856,296,5,66136,2,2020,-3122.3
2956717885003385856,296,5,66136,3,2020,-10319.52
2956717885003385856,296,5,66136,4,2020,-12528.35
2956717885003385856,296,5,66136,5,2020,-14338.83
2956717885003385856,296,5,66136,6,2020,-13930.27
2956717885003385856,296,5,66136,7,2020,-19953.16
2956717885003385856,296,5,66136,8,2020,-16784.29
2956717885003385856,296,5,66136,9,2020,-16767.54
2956717885003385856,296,5,66136,10,2020,-18231.46
2956717885003385856,296,5,66136,11,2020,-6322.42
2956717885003385856,296,5,66136,12,2020,3647.86
2956958841598940672,7688,4,78904,1,2020,425.54
2956958841598940672,7688,4,78904,2,2020,3837.57
2956958841598940672,7688,4,78904,3,2020,1438.68
2956958841598940672,7688,4,78904,4,2020,1239.01
2956958841598940672,7688,4,78904,5,2020,-1088.79
2956958841598940672,7688,4,78904,6,2020,-5253.69
2956958841598940672,7688,4,78904,7,2020,-11475.76
2956958841598940672,7688,4,78904,8,2020,-19612.82
2956958841598940672,7688,4,78904,9,2020,-10989.59
2956958841598940672,7688,4,78904,10,2020,-7742.08
2956958841598940672,7688,4,78904,11,2020,-11574.4
2956958841598940672,7688,4,78904,12,2020,-5043.46
2961147902348049408,3398,0,25989,1,2020,-368.79
2961147902348049408,3398,0,25989,2,2020,853.3
2961147902348049408,3398,0,25989,3,2020,3773.26
2961147902348049408,3398,0,25989,4,2020,2375.42
2961147902348049408,3398,0,25989,5,2020,-691.13
2961147902348049408,3398,0,25989,6,2020,-569.75
2961147902348049408,3398,0,25989,7,2020,2866.83
2961147902348049408,3398,0,25989,8,2020,3633.87
2961147902348049408,3398,0,25989,9,2020,3412.16
2961147902348049408,3398,0,25989,10,2020,403.55
2961147902348049408,3398,0,25989,11,2020,1714.59
2961147902348049408,3398,0,25989,12,2020,2225.2
2961280050973780480,2755,5,27930,1,2020,-409.64
2961280050973780480,2755,5,27930,2,2020,-6249.4
2961280050973780480,2755,5,27930,3,2020,-6840.6
2961280050973780480,2755,5,27930,4,2020,-10929.28
2961280050973780480,2755,5,27930,5,2020,-12019.12
2961280050973780480,2755,5,27930,6,2020,-15442.27
2961280050973780480,2755,5,27930,7,2020,-17344.43
2961280050973780480,2755,5,27930,8,2020,-17213.18
2961280050973780480,2755,5,27930,9,2020,-16732.68
2961280050973780480,2755,5,27930,10,2020,-17062.54
2961280050973780480,2755,5,27930,11,2020,-18166.95
2961280050973780480,2755,5,27930,12,2020,-12690.63
2961477763687374336,1755,5,5221,1,2020,0.0
2961477763687374336,1755,5,5221,2,2020,592.55
2961477763687374336,1755,5,5221,3,2020,592.55
2961477763687374336,1755,5,5221,4,2020,592.55
2961477763687374336,1755,5,5221,5,2020,592.55
2961477763687374336,1755,5,5221,6,2020,592.55
2961477763687374336,1755,5,5221,7,2020,592.55
2961477763687374336,1755,5,5221,8,2020,592.55
2961477763687374336,1755,5,5221,9,2020,592.55
2961477763687374336,1755,5,5221,10,2020,592.55
2961477763687374336,1755,5,5221,11,2020,592.55
2961477763687374336,1755,5,5221,12,2020,592.55
2962272832597041152,4236,9,10287,1,2020,4632.81
2962272832597041152,4236,9,10287,2,2020,3036.45
2962272832597041152,4236,9,10287,3,2020,-403.16
2962272832597041152,4236,9,10287,4,2020,-3221.39
2962272832597041152,4236,9,10287,5,2020,-5298.54
2962272832597041152,4236,9,10287,6,2020,-7499.44
2962272832597041152,4236,9,10287,7,2020,-10435.16
2962272832597041152,4236,9,10287,8,2020,-13467.57
2962272832597041152,4236,9,10287,9,2020,-13808.52
2962272832597041152,4236,9,10287,10,2020,-9521.54
2962272832597041152,4236,9,10287,11,2020,-5469.45
2962272832597041152,4236,9,10287,12,2020,-8378.37
2962806535114024960,2565,7,56791,1,2020,6323.65
2962806535114024960,2565,7,56791,2,2020,5582.37
2962806535114024960,2565,7,56791,3,2020,2223.51
2962806535114024960,2565,7,56791,4,2020,466.88
2962806535114024960,2565,7,56791,5,2020,-3138.89
2962806535114024960,2565,7,56791,6,2020,-4915.03
2962806535114024960,2565,7,56791,7,2020,-7074.19
2962806535114024960,2565,7,56791,8,2020,-4001.9
2962806535114024960,2565,7,56791,9,2020,-7516.88
2962806535114024960,2565,7,56791,10,2020,-6723.43
2962806535114024960,2565,7,56791,11,2020,-8314.99
2962806535114024960,2565,7,56791,12,2020,-10463.35
2962876219943366144,608,9,26235,1,2020,643.53
2962876219943366144,608,9,26235,2,2020,643.53
2962876219943366144,608,9,26235,3,2020,-968.72
2962876219943366144,608,9,26235,4,2020,-968.72
2962876219943366144,608,9,26235,5,2020,862.41
2962876219943366144,608,9,26235,6,2020,1086.78
2962876219943366144,608,9,26235,7,2020,1086.78
2962876219943366144,608,9,26235,8,2020,1086.78
2962876219943366144,608,9,26235,9,2020,-1193.39
2962876219943366144,608,9,26235,10,2020,-1087.99
2962876219943366144,608,9,26235,11,2020,235.8
2962876219943366144,608,9,26235,12,2020,235.8
29633697113363720,3136,1,883,1,2020,-5107.91
29633697113363720,3136,1,883,2,2020,-1528.01
29633697113363720,3136,1,883,3,2020,2634.33
29633697113363720,3136,1,883,4,2020,-1984.83
29633697113363720,3136,1,883,5,2020,-3207.54
29633697113363720,3136,1,883,6,2020,4111.86
29633697113363720,3136,1,883,7,2020,2364.48
29633697113363720,3136,1,883,8,2020,3728.79
29633697113363720,3136,1,883,9,2020,7460.08
29633697113363720,3136,1,883,10,2020,7938.04
29633697113363720,3136,1,883,11,2020,2262.51
29633697113363720,3136,1,883,12,2020,760.43
2964474187239879680,4781,0,7563,1,2020,-4635.83
2964474187239879680,4781,0,7563,2,2020,-4663.35
2964474187239879680,4781,0,7563,3,2020,-6396.4
2964474187239879680,4781,0,7563,4,2020,-5403.49
2964474187239879680,4781,0,7563,5,2020,-4719.81
2964474187239879680,4781,0,7563,6,2020,-2855.35
2964474187239879680,4781,0,7563,7,2020,-5638.91
2964474187239879680,4781,0,7563,8,2020,-6323.3
2964474187239879680,4781,0,7563,9,2020,-5314.32
2964474187239879680,4781,0,7563,10,2020,-6902.24
2964474187239879680,4781,0,7563,11,2020,-3961.27
2964474187239879680,4781,0,7563,12,2020,-3073.98
2965036092520983552,960,1,67291,1,2020,257.72
2965036092520983552,960,1,67291,2,2020,-715.15
2965036092520983552,960,1,67291,3,2020,-3938.37
2965036092520983552,960,1,67291,4,2020,-9689.27
2965036092520983552,960,1,67291,5,2020,-13049.76
2965036092520983552,960,1,67291,6,2020,-13427.91
2965036092520983552,960,1,67291,7,2020,-15165.88
2965036092520983552,960,1,67291,8,2020,-15046.67
2965036092520983552,960,1,67291,9,2020,-7833.69
2965036092520983552,960,1,67291,10,2020,-5711.5
2965036092520983552,960,1,67291,11,2020,-4266.51
2965036092520983552,960,1,67291,12,2020,-4974.96
2966558018685396992,5894,0,55598,1,2020,-242.62
2966558018685396992,5894,0,55598,2,2020,-1653.37
2966558018685396992,5894,0,55598,3,2020,-11681.18
2966558018685396992,5894,0,55598,4,2020,-14178.68
2966558018685396992,5894,0,55598,5,2020,-14026.34
2966558018685396992,5894,0,55598,6,2020,-12295.03
2966558018685396992,5894,0,55598,7,2020,-18523.26
2966558018685396992,5894,0,55598,8,2020,-16631.85
2966558018685396992,5894,0,55598,9,2020,-17937.41
2966558018685396992,5894,0,55598,10,2020,-16992.29
2966558018685396992,5894,0,55598,11,2020,-16383.98
2966558018685396992,5894,0,55598,12,2020,-24678.77
2966889399171786752,2318,5,16596,1,2020,677.09
2966889399171786752,2318,5,16596,2,2020,2726.36
2966889399171786752,2318,5,16596,3,2020,804.52
2966889399171786752,2318,5,16596,4,2020,1654.09
2966889399171786752,2318,5,16596,5,2020,3358.57
2966889399171786752,2318,5,16596,6,2020,7617.06
2966889399171786752,2318,5,16596,7,2020,12283.61
2966889399171786752,2318,5,16596,8,2020,8939.95
2966889399171786752,2318,5,16596,9,2020,10438.93
2966889399171786752,2318,5,16596,10,2020,10075.15
2966889399171786752,2318,5,16596,11,2020,10222.33
2966889399171786752,2318,5,16596,12,2020,8613.8
2967478431683690496,7311,3,88020,1,2020,-5187.68
2967478431683690496,7311,3,88020,2,2020,-5155.64
2967478431683690496,7311,3,88020,3,2020,-10253.4
2967478431683690496,7311,3,88020,4,2020,-9234.6
2967478431683690496,7311,3,88020,5,2020,-15424.39
2967478431683690496,7311,3,88020,6,2020,-17375.58
2967478431683690496,7311,3,88020,7,2020,-19834.06
2967478431683690496,7311,3,88020,8,2020,-18803.61
2967478431683690496,7311,3,88020,9,2020,-16502.04
2967478431683690496,7311,3,88020,10,2020,-13195.66
2967478431683690496,7311,3,88020,11,2020,-14535.48
2967478431683690496,7311,3,88020,12,2020,-15353.77
2968451932276558848,8354,1,66093,1,2020,-1047.49
2968451932276558848,8354,1,66093,2,2020,-2113.23
2968451932276558848,8354,1,66093,3,2020,-5836.83
2968451932276558848,8354,1,66093,4,2020,-6058.18
2968451932276558848,8354,1,66093,5,2020,-7909.07
2968451932276558848,8354,1,66093,6,2020,-8770.32
2968451932276558848,8354,1,66093,7,2020,-6601.92
2968451932276558848,8354,1,66093,8,2020,-6209.65
2968451932276558848,8354,1,66093,9,2020,-5606.83
2968451932276558848,8354,1,66093,10,2020,-5320.5
2968451932276558848,8354,1,66093,11,2020,-4972.77
2968451932276558848,8354,1,66093,12,2020,-5483.17
2969035751846470656,2222,8,79695,1,2020,-279.4
2969035751846470656,2222,8,79695,2,2020,-359.54
2969035751846470656,2222,8,79695,3,2020,-280.36
2969035751846470656,2222,8,79695,4,2020,-1024.94
2969035751846470656,2222,8,79695,5,2020,-6.34
2969035751846470656,2222,8,79695,6,2020,-6.34
2969035751846470656,2222,8,79695,7,2020,451.13
2969035751846470656,2222,8,79695,8,2020,1543.53
2969035751846470656,2222,8,79695,9,2020,933.87
2969035751846470656,2222,8,79695,10,2020,4251.83
2969035751846470656,2222,8,79695,11,2020,4251.83
2969035751846470656,2222,8,79695,12,2020,4584.93
2969670869022269440,6179,5,28185,1,2020,-1009.42
2969670869022269440,6179,5,28185,2,2020,124.03
2969670869022269440,6179,5,28185,3,2020,-1869.68
2969670869022269440,6179,5,28185,4,2020,-1910.8
2969670869022269440,6179,5,28185,5,2020,928.11
2969670869022269440,6179,5,28185,6,2020,336.65
2969670869022269440,6179,5,28185,7,2020,-551.67
2969670869022269440,6179,5,28185,8,2020,-4070.25
2969670869022269440,6179,5,28185,9,2020,-5318.13
2969670869022269440,6179,5,28185,10,2020,-2377.5
2969670869022269440,6179,5,28185,11,2020,-4885.11
2969670869022269440,6179,5,28185,12,2020,-2212.2
2969674447809961,363,1,24069,1,2020,5444.14
2969674447809961,363,1,24069,2,2020,36.31
2969674447809961,363,1,24069,3,2020,-572.33
