2677325150562278400,3156,8,43235,4,2020,3152.29
2677325150562278400,3156,8,43235,5,2020,3152.29
2677325150562278400,3156,8,43235,6,2020,-779.17
2677325150562278400,3156,8,43235,7,2020,308.67
2677325150562278400,3156,8,43235,8,2020,1963.24
2677325150562278400,3156,8,43235,9,2020,3462.87
2677325150562278400,3156,8,43235,10,2020,3138.66
2677325150562278400,3156,8,43235,11,2020,4326.01
2677325150562278400,3156,8,43235,12,2020,6221.07
2678020919080188928,6789,9,43290,1,2020,0.0
2678020919080188928,6789,9,43290,2,2020,-449.29
2678020919080188928,6789,9,43290,3,2020,-187.67
2678020919080188928,6789,9,43290,4,2020,-2150.42
2678020919080188928,6789,9,43290,5,2020,-738.75
2678020919080188928,6789,9,43290,6,2020,581.63
2678020919080188928,6789,9,43290,7,2020,581.63
2678020919080188928,6789,9,43290,8,2020,-845.21
2678020919080188928,6789,9,43290,9,2020,-2771.37
2678020919080188928,6789,9,43290,10,2020,-2771.37
2678020919080188928,6789,9,43290,11,2020,-2771.37
2678020919080188928,6789,9,43290,12,2020,-1316.15
2678947362399326720,3842,1,14390,1,2020,1504.56
2678947362399326720,3842,1,14390,2,2020,2742.4
2678947362399326720,3842,1,14390,3,2020,543.24
2678947362399326720,3842,1,14390,4,2020,-1157.46
2678947362399326720,3842,1,14390,5,2020,242.0
2678947362399326720,3842,1,14390,6,2020,242.0
2678947362399326720,3842,1,14390,7,2020,242.0
2678947362399326720,3842,1,14390,8,2020,1545.94
2678947362399326720,3842,1,14390,9,2020,1545.94
2678947362399326720,3842,1,14390,10,2020,1545.94
2678947362399326720,3842,1,14390,11,2020,-163.24
2678947362399326720,3842,1,14390,12,2020,-2111.79
2679135597553206272,9231,4,29014,1,2020,4199.49
2679135597553206272,9231,4,29014,2,2020,4790.17
2679135597553206272,9231,4,29014,3,2020,4361.62
2679135597553206272,9231,4,29014,4,2020,6841.31
2679135597553206272,9231,4,29014,5,2020,5591.13
2679135597553206272,9231,4,29014,6,2020,11357.02
2679135597553206272,9231,4,29014,7,2020,11758.14
2679135597553206272,9231,4,29014,8,2020,6659.81
2679135597553206272,9231,4,29014,9,2020,4627.24
2679135597553206272,9231,4,29014,10,2020,7544.86
2679135597553206272,9231,4,29014,11,2020,3657.56
2679135597553206272,9231,4,29014,12,2020,7928.67
2679450203951628288,7705,5,69316,1,2020,0.0
2679450203951628288,7705,5,69316,2,2020,-658.78
2679450203951628288,7705,5,69316,3,2020,-3197.99
2679450203951628288,7705,5,69316,4,2020,-1243.32
2679450203951628288,7705,5,69316,5,2020,-2160.07
2679450203951628288,7705,5,69316,6,2020,-2189.46
2679450203951628288,7705,5,69316,7,2020,-4350.15
2679450203951628288,7705,5,69316,8,2020,-3204.93
2679450203951628288,7705,5,69316,9,2020,-3289.86
2679450203951628288,7705,5,69316,10,2020,-713.45
2679450203951628288,7705,5,69316,11,2020,-1664.38
2679450203951628288,7705,5,69316,12,2020,-1664.38
2679529763477941760,1962,9,29334,1,2020,-1193.06
2679529763477941760,1962,9,29334,2,2020,1672.07
2679529763477941760,1962,9,29334,3,2020,1672.07
2679529763477941760,1962,9,29334,4,2020,2145.93
2679529763477941760,1962,9,29334,5,2020,992.48
2679529763477941760,1962,9,29334,6,2020,299.98
2679529763477941760,1962,9,29334,7,2020,459.29
2679529763477941760,1962,9,29334,8,2020,-1760.14
2679529763477941760,1962,9,29334,9,2020,-1190.5
2679529763477941760,1962,9,29334,10,2020,-2105.05
2679529763477941760,1962,9,29334,11,2020,-5762.6
2679529763477941760,1962,9,29334,12,2020,-4428.64
2679814261292467712,4043,8,67190,1,2020,-66.07
2679814261292467712,4043,8,67190,2,2020,-3868.55
2679814261292467712,4043,8,67190,3,2020,-5625.37
2679814261292467712,4043,8,67190,4,2020,-9150.72
2679814261292467712,4043,8,67190,5,2020,-12494.75
2679814261292467712,4043,8,67190,6,2020,-12211.52
2679814261292467712,4043,8,67190,7,2020,-10611.19
2679814261292467712,4043,8,67190,8,2020,-11080.79
2679814261292467712,4043,8,67190,9,2020,-12537.23
2679814261292467712,4043,8,67190,10,2020,-12260.03
2679814261292467712,4043,8,67190,11,2020,-12159.72
2679814261292467712,4043,8,67190,12,2020,-12556.04
2680088723548370432,4926,7,4286,1,2020,2325.44
2680088723548370432,4926,7,4286,2,2020,1277.73
2680088723548370432,4926,7,4286,3,2020,2221.17
2680088723548370432,4926,7,4286,4,2020,4541.36
2680088723548370432,4926,7,4286,5,2020,3118.25
2680088723548370432,4926,7,4286,6,2020,4858.86
2680088723548370432,4926,7,4286,7,2020,4858.86
2680088723548370432,4926,7,4286,8,2020,4653.16
2680088723548370432,4926,7,4286,9,2020,3041.25
2680088723548370432,4926,7,4286,10,2020,3700.36
2680088723548370432,4926,7,4286,11,2020,220.68
2680088723548370432,4926,7,4286,12,2020,1714.03
2681304642267265024,1225,9,57310,1,2020,5569.2
2681304642267265024,1225,9,57310,2,2020,3469.78
2681304642267265024,1225,9,57310,3,2020,9985.01
2681304642267265024,1225,9,57310,4,2020,10988.87
2681304642267265024,1225,9,57310,5,2020,10273.83
2681304642267265024,1225,9,57310,6,2020,11438.82
2681304642267265024,1225,9,57310,7,2020,9593.58
2681304642267265024,1225,9,57310,8,2020,9408.6
2681304642267265024,1225,9,57310,9,2020,7835.4
2681304642267265024,1225,9,57310,10,2020,7488.18
2681304642267265024,1225,9,57310,11,2020,6984.59
2681304642267265024,1225,9,57310,12,2020,10786.3
268158553332792224,694,6,36566,1,2020,-3610.17
268158553332792224,694,6,36566,2,2020,-1856.23
268158553332792224,694,6,36566,3,2020,-7829.09
268158553332792224,694,6,36566,4,2020,-9310.81
268158553332792224,694,6,36566,5,2020,-10438.77
268158553332792224,694,6,36566,6,2020,-17363.84
268158553332792224,694,6,36566,7,2020,-13197.96
268158553332792224,694,6,36566,8,2020,-10698.62
268158553332792224,694,6,36566,9,2020,-8773.46
268158553332792224,694,6,36566,10,2020,-8884.41
268158553332792224,694,6,36566,11,2020,-6334.02
268158553332792224,694,6,36566,12,2020,-3286.57
2683849568717477888,6105,4,88039,1,2020,-3339.62
2683849568717477888,6105,4,88039,2,2020,-5001.08
2683849568717477888,6105,4,88039,3,2020,-1328.82
2683849568717477888,6105,4,88039,4,2020,-4473.94
2683849568717477888,6105,4,88039,5,2020,-5860.17
2683849568717477888,6105,4,88039,6,2020,-5109.7
2683849568717477888,6105,4,88039,7,2020,-7312.47
2683849568717477888,6105,4,88039,8,2020,-14942.24
2683849568717477888,6105,4,88039,9,2020,-7826.38
2683849568717477888,6105,4,88039,10,2020,-7692.74
2683849568717477888,6105,4,88039,11,2020,-10552.12
2683849568717477888,6105,4,88039,12,2020,-12047.8
2684344566867357696,1667,1,36247,1,2020,2791.11
2684344566867357696,1667,1,36247,2,2020,2051.69
2684344566867357696,1667,1,36247,3,2020,-3877.52
2684344566867357696,1667,1,36247,4,2020,-5720.89
2684344566867357696,1667,1,36247,5,2020,-1440.04
2684344566867357696,1667,1,36247,6,2020,4406.93
2684344566867357696,1667,1,36247,7,2020,4419.12
2684344566867357696,1667,1,36247,8,2020,7637.92
2684344566867357696,1667,1,36247,9,2020,9916.88
2684344566867357696,1667,1,36247,10,2020,8250.49
2684344566867357696,1667,1,36247,11,2020,12814.05
2684344566867357696,1667,1,36247,12,2020,16306.39
2684657256168998400,5176,7,28423,1,2020,-2843.39
2684657256168998400,5176,7,28423,2,2020,-1815.2
2684657256168998400,5176,7,28423,3,2020,4126.05
2684657256168998400,5176,7,28423,4,2020,944.38
2684657256168998400,5176,7,28423,5,2020,-1839.61
2684657256168998400,5176,7,28423,6,2020,2971.73
2684657256168998400,5176,7,28423,7,2020,6851.25
2684657256168998400,5176,7,28423,8,2020,9852.01
2684657256168998400,5176,7,28423,9,2020,11946.66
2684657256168998400,5176,7,28423,10,2020,9570.72
2684657256168998400,5176,7,28423,11,2020,15462.06
2684657256168998400,5176,7,28423,12,2020,15319.39
2684720646873596928,2478,1,69119,1,2020,-153.89
2684720646873596928,2478,1,69119,2,2020,-632.86
2684720646873596928,2478,1,69119,3,2020,-1994.69
2684720646873596928,2478,1,69119,4,2020,-3563.08
2684720646873596928,2478,1,69119,5,2020,-6637.57
2684720646873596928,2478,1,69119,6,2020,-6591.5
2684720646873596928,2478,1,69119,7,2020,-4746.58
2684720646873596928,2478,1,69119,8,2020,-5210.59
2684720646873596928,2478,1,69119,9,2020,-3655.89
2684720646873596928,2478,1,69119,10,2020,-2906.18
2684720646873596928,2478,1,69119,11,2020,-5822.35
2684720646873596928,2478,1,69119,12,2020,-7248.39
2685239022619780096,2532,7,59527,1,2020,5148.78
2685239022619780096,2532,7,59527,2,2020,6800.43
2685239022619780096,2532,7,59527,3,2020,660.46
2685239022619780096,2532,7,59527,4,2020,4776.59
2685239022619780096,2532,7,59527,5,2020,7151.2
2685239022619780096,2532,7,59527,6,2020,4494.43
2685239022619780096,2532,7,59527,7,2020,6913.55
2685239022619780096,2532,7,59527,8,2020,5558.48
2685239022619780096,2532,7,59527,9,2020,8006.3
2685239022619780096,2532,7,59527,10,2020,5565.21
2685239022619780096,2532,7,59527,11,2020,3414.04
2685239022619780096,2532,7,59527,12,2020,2940.98
2685455547278109184,9408,3,63321,1,2020,5197.14
2685455547278109184,9408,3,63321,2,2020,5757.9
2685455547278109184,9408,3,63321,3,2020,6161.06
2685455547278109184,9408,3,63321,4,2020,4381.35
2685455547278109184,9408,3,63321,5,2020,9918.47
2685455547278109184,9408,3,63321,6,2020,12777.19
2685455547278109184,9408,3,63321,7,2020,17476.05
2685455547278109184,9408,3,63321,8,2020,22045.84
2685455547278109184,9408,3,63321,9,2020,22662.46
2685455547278109184,9408,3,63321,10,2020,24663.96
2685455547278109184,9408,3,63321,11,2020,23221.71
2685455547278109184,9408,3,63321,12,2020,22153.3
2685809573926179328,9108,6,57718,1,2020,-332.32
2685809573926179328,9108,6,57718,2,2020,2214.8
2685809573926179328,9108,6,57718,3,2020,3287.07
2685809573926179328,9108,6,57718,4,2020,74.63
2685809573926179328,9108,6,57718,5,2020,-8771.1
2685809573926179328,9108,6,57718,6,2020,-12227.91
2685809573926179328,9108,6,57718,7,2020,-11485.67
2685809573926179328,9108,6,57718,8,2020,-8330.15
2685809573926179328,9108,6,57718,9,2020,-11142.4
2685809573926179328,9108,6,57718,10,2020,-8015.13
2685809573926179328,9108,6,57718,11,2020,-8164.19
2685809573926179328,9108,6,57718,12,2020,-8957.62
2687881507357235200,2055,3,2115,1,2020,1198.91
2687881507357235200,2055,3,2115,2,2020,-3445.35
2687881507357235200,2055,3,2115,3,2020,-6146.72
2687881507357235200,2055,3,2115,4,2020,-5538.52
2687881507357235200,2055,3,2115,5,2020,-6498.84
2687881507357235200,2055,3,2115,6,2020,-6326.84
2687881507357235200,2055,3,2115,7,2020,-6886.63
2687881507357235200,2055,3,2115,8,2020,-4251.36
2687881507357235200,2055,3,2115,9,2020,922.29
2687881507357235200,2055,3,2115,10,2020,132.61
2687881507357235200,2055,3,2115,11,2020,-3074.54
2687881507357235200,2055,3,2115,12,2020,-6698.71
2689228755605244928,2339,1,26830,1,2020,-381.96
2689228755605244928,2339,1,26830,2,2020,-10084.74
2689228755605244928,2339,1,26830,3,2020,-2524.23
2689228755605244928,2339,1,26830,4,2020,-6478.75
2689228755605244928,2339,1,26830,5,2020,-6191.28
2689228755605244928,2339,1,26830,6,2020,-3671.23
2689228755605244928,2339,1,26830,7,2020,-326.74
2689228755605244928,2339,1,26830,8,2020,-2403.97
2689228755605244928,2339,1,26830,9,2020,-2557.47
2689228755605244928,2339,1,26830,10,2020,2658.25
2689228755605244928,2339,1,26830,11,2020,2579.6
2689228755605244928,2339,1,26830,12,2020,1295.96
2689271315799784448,5728,0,17450,1,2020,-1596.32
2689271315799784448,5728,0,17450,2,2020,-989.03
2689271315799784448,5728,0,17450,3,2020,-1360.33
2689271315799784448,5728,0,17450,4,2020,-638.53
2689271315799784448,5728,0,17450,5,2020,-630.4
2689271315799784448,5728,0,17450,6,2020,-1112.32
2689271315799784448,5728,0,17450,7,2020,-3930.9
2689271315799784448,5728,0,17450,8,2020,-4756.53
2689271315799784448,5728,0,17450,9,2020,-1980.84
2689271315799784448,5728,0,17450,10,2020,231.53
2689271315799784448,5728,0,17450,11,2020,4494.81
2689271315799784448,5728,0,17450,12,2020,6843.37
2690457117327715328,8253,6,26218,1,2020,-640.68
2690457117327715328,8253,6,26218,2,2020,-4501.27
2690457117327715328,8253,6,26218,3,2020,-4742.79
2690457117327715328,8253,6,26218,4,2020,3541.52
2690457117327715328,8253,6,26218,5,2020,-6007.34
