414105220864039104,6440,8,92893,9,2020,-7801.89
414105220864039104,6440,8,92893,10,2020,-4459.86
414105220864039104,6440,8,92893,11,2020,-3014.8
414105220864039104,6440,8,92893,12,2020,-2737.91
415426529295164864,3322,5,20933,1,2020,700.01
415426529295164864,3322,5,20933,2,2020,4524.61
415426529295164864,3322,5,20933,3,2020,-3519.05
415426529295164864,3322,5,20933,4,2020,-6777.44
415426529295164864,3322,5,20933,5,2020,-7514.57
415426529295164864,3322,5,20933,6,2020,-1817.38
415426529295164864,3322,5,20933,7,2020,-9579.17
415426529295164864,3322,5,20933,8,2020,-17125.7
415426529295164864,3322,5,20933,9,2020,-21702.0
415426529295164864,3322,5,20933,10,2020,-18440.58
415426529295164864,3322,5,20933,11,2020,-14023.21
415426529295164864,3322,5,20933,12,2020,-1824.38
415575203974362880,4639,6,231,1,2020,-3688.81
415575203974362880,4639,6,231,2,2020,-12739.56
415575203974362880,4639,6,231,3,2020,-8348.35
415575203974362880,4639,6,231,4,2020,-11420.42
415575203974362880,4639,6,231,5,2020,-7633.77
415575203974362880,4639,6,231,6,2020,-8171.9
415575203974362880,4639,6,231,7,2020,-2329.56
415575203974362880,4639,6,231,8,2020,-3193.56
415575203974362880,4639,6,231,9,2020,-1051.47
415575203974362880,4639,6,231,10,2020,-1623.03
415575203974362880,4639,6,231,11,2020,1837.69
415575203974362880,4639,6,231,12,2020,2579.23
415760475173559616,7685,2,74703,1,2020,-3586.15
415760475173559616,7685,2,74703,2,2020,-8534.6
415760475173559616,7685,2,74703,3,2020,-5747.4
415760475173559616,7685,2,74703,4,2020,-4746.07
415760475173559616,7685,2,74703,5,2020,-1844.67
415760475173559616,7685,2,74703,6,2020,-4004.41
415760475173559616,7685,2,74703,7,2020,-4372.66
415760475173559616,7685,2,74703,8,2020,-9552.44
415760475173559616,7685,2,74703,9,2020,-12119.03
415760475173559616,7685,2,74703,10,2020,-14036.7
415760475173559616,7685,2,74703,11,2020,-14110.37
415760475173559616,7685,2,74703,12,2020,-16103.32
415879294451173440,3830,3,23308,1,2020,5269.4
415879294451173440,3830,3,23308,2,2020,8186.45
415879294451173440,3830,3,23308,3,2020,-5340.18
415879294451173440,3830,3,23308,4,2020,-448.21
415879294451173440,3830,3,23308,5,2020,-4493.34
415879294451173440,3830,3,23308,6,2020,-15567.55
415879294451173440,3830,3,23308,7,2020,-17698.44
415879294451173440,3830,3,23308,8,2020,-16371.86
415879294451173440,3830,3,23308,9,2020,-10264.31
415879294451173440,3830,3,23308,10,2020,-2318.16
415879294451173440,3830,3,23308,11,2020,-960.21
415879294451173440,3830,3,23308,12,2020,4746.24
416408915126889984,8062,3,51771,1,2020,849.5
416408915126889984,8062,3,51771,2,2020,-433.81
416408915126889984,8062,3,51771,3,2020,3055.47
416408915126889984,8062,3,51771,4,2020,7271.14
416408915126889984,8062,3,51771,5,2020,9019.27
416408915126889984,8062,3,51771,6,2020,9247.5
416408915126889984,8062,3,51771,7,2020,6027.03
416408915126889984,8062,3,51771,8,2020,11308.99
416408915126889984,8062,3,51771,9,2020,10995.04
416408915126889984,8062,3,51771,10,2020,15567.55
416408915126889984,8062,3,51771,11,2020,9863.05
416408915126889984,8062,3,51771,12,2020,6453.18
416637332398514880,4452,6,76362,1,2020,-5222.41
416637332398514880,4452,6,76362,2,2020,-299.2
416637332398514880,4452,6,76362,3,2020,-6224.33
416637332398514880,4452,6,76362,4,2020,-4736.49
416637332398514880,4452,6,76362,5,2020,-6748.12
416637332398514880,4452,6,76362,6,2020,-8641.43
416637332398514880,4452,6,76362,7,2020,-6220.04
416637332398514880,4452,6,76362,8,2020,-9268.29
416637332398514880,4452,6,76362,9,2020,-2634.86
416637332398514880,4452,6,76362,10,2020,-5204.09
416637332398514880,4452,6,76362,11,2020,-2584.66
416637332398514880,4452,6,76362,12,2020,4213.78
419405365099104064,6911,5,35101,1,2020,-1545.51
419405365099104064,6911,5,35101,2,2020,-4982.49
419405365099104064,6911,5,35101,3,2020,-3804.6
419405365099104064,6911,5,35101,4,2020,-6279.03
419405365099104064,6911,5,35101,5,2020,-10743.63
419405365099104064,6911,5,35101,6,2020,-13269.6
419405365099104064,6911,5,35101,7,2020,-15248.77
419405365099104064,6911,5,35101,8,2020,-13369.22
419405365099104064,6911,5,35101,9,2020,-12211.62
419405365099104064,6911,5,35101,10,2020,-13328.73
419405365099104064,6911,5,35101,11,2020,-12297.78
419405365099104064,6911,5,35101,12,2020,-13153.83
419613626378195200,9596,1,53199,1,2020,-3420.5
419613626378195200,9596,1,53199,2,2020,2503.42
419613626378195200,9596,1,53199,3,2020,5675.82
419613626378195200,9596,1,53199,4,2020,-71.27
419613626378195200,9596,1,53199,5,2020,-3293.63
419613626378195200,9596,1,53199,6,2020,-3172.56
419613626378195200,9596,1,53199,7,2020,-10633.64
419613626378195200,9596,1,53199,8,2020,-18753.75
419613626378195200,9596,1,53199,9,2020,-18886.54
419613626378195200,9596,1,53199,10,2020,-13939.89
419613626378195200,9596,1,53199,11,2020,-11122.16
419613626378195200,9596,1,53199,12,2020,-9444.1
420685843884275776,1619,4,71514,1,2020,1134.5
420685843884275776,1619,4,71514,2,2020,4192.93
420685843884275776,1619,4,71514,3,2020,2870.21
420685843884275776,1619,4,71514,4,2020,5033.82
420685843884275776,1619,4,71514,5,2020,6911.11
420685843884275776,1619,4,71514,6,2020,6243.61
420685843884275776,1619,4,71514,7,2020,2365.16
420685843884275776,1619,4,71514,8,2020,3196.58
420685843884275776,1619,4,71514,9,2020,1239.47
420685843884275776,1619,4,71514,10,2020,-2528.56
420685843884275776,1619,4,71514,11,2020,-4331.76
420685843884275776,1619,4,71514,12,2020,-8119.47
42124548604720824,8601,5,16148,1,2020,-2711.57
42124548604720824,8601,5,16148,2,2020,384.78
42124548604720824,8601,5,16148,3,2020,-3802.58
42124548604720824,8601,5,16148,4,2020,-3589.4
42124548604720824,8601,5,16148,5,2020,1530.2
42124548604720824,8601,5,16148,6,2020,-200.4
42124548604720824,8601,5,16148,7,2020,1389.67
42124548604720824,8601,5,16148,8,2020,1972.4
42124548604720824,8601,5,16148,9,2020,5150.99
42124548604720824,8601,5,16148,10,2020,4266.61
42124548604720824,8601,5,16148,11,2020,5091.07
42124548604720824,8601,5,16148,12,2020,9272.46
424055309582882496,8473,1,9951,1,2020,124.5
424055309582882496,8473,1,9951,2,2020,1320.36
424055309582882496,8473,1,9951,3,2020,1320.36
424055309582882496,8473,1,9951,4,2020,1592.47
424055309582882496,8473,1,9951,5,2020,1592.47
424055309582882496,8473,1,9951,6,2020,5261.61
424055309582882496,8473,1,9951,7,2020,3392.74
424055309582882496,8473,1,9951,8,2020,5489.22
424055309582882496,8473,1,9951,9,2020,5489.22
424055309582882496,8473,1,9951,10,2020,5489.22
424055309582882496,8473,1,9951,11,2020,6201.04
424055309582882496,8473,1,9951,12,2020,8714.77
424123839978554304,2773,5,67778,1,2020,-2214.22
424123839978554304,2773,5,67778,2,2020,468.71
424123839978554304,2773,5,67778,3,2020,4400.59
424123839978554304,2773,5,67778,4,2020,-4941.43
424123839978554304,2773,5,67778,5,2020,-2334.65
424123839978554304,2773,5,67778,6,2020,-8017.46
424123839978554304,2773,5,67778,7,2020,-10541.25
424123839978554304,2773,5,67778,8,2020,-14469.09
424123839978554304,2773,5,67778,9,2020,-16528.46
424123839978554304,2773,5,67778,10,2020,-17277.84
424123839978554304,2773,5,67778,11,2020,-5642.33
424123839978554304,2773,5,67778,12,2020,-6831.22
424351189316723328,3370,5,95817,1,2020,-7723.56
424351189316723328,3370,5,95817,2,2020,-8065.13
424351189316723328,3370,5,95817,3,2020,-7234.19
424351189316723328,3370,5,95817,4,2020,-5884.84
424351189316723328,3370,5,95817,5,2020,-17430.32
424351189316723328,3370,5,95817,6,2020,-18402.48
424351189316723328,3370,5,95817,7,2020,-22796.05
424351189316723328,3370,5,95817,8,2020,-23915.76
424351189316723328,3370,5,95817,9,2020,-25529.42
424351189316723328,3370,5,95817,10,2020,-19123.35
424351189316723328,3370,5,95817,11,2020,-17719.01
424351189316723328,3370,5,95817,12,2020,-17087.49
425353278362828544,8746,2,11273,1,2020,0.0
425353278362828544,8746,2,11273,2,2020,-397.37
425353278362828544,8746,2,11273,3,2020,-397.37
425353278362828544,8746,2,11273,4,2020,-397.37
425353278362828544,8746,2,11273,5,2020,-397.37
425353278362828544,8746,2,11273,6,2020,-397.37
425353278362828544,8746,2,11273,7,2020,-397.37
425353278362828544,8746,2,11273,8,2020,715.63
425353278362828544,8746,2,11273,9,2020,2249.01
425353278362828544,8746,2,11273,10,2020,2249.01
425353278362828544,8746,2,11273,11,2020,2249.01
425353278362828544,8746,2,11273,12,2020,2249.01
425737514827690816,3422,4,71942,1,2020,-896.78
425737514827690816,3422,4,71942,2,2020,-4096.1
425737514827690816,3422,4,71942,3,2020,-4597.71
425737514827690816,3422,4,71942,4,2020,-110.63
425737514827690816,3422,4,71942,5,2020,-223.0
425737514827690816,3422,4,71942,6,2020,-1013.05
425737514827690816,3422,4,71942,7,2020,-4168.29
425737514827690816,3422,4,71942,8,2020,-2372.04
425737514827690816,3422,4,71942,9,2020,8609.78
425737514827690816,3422,4,71942,10,2020,5891.25
425737514827690816,3422,4,71942,11,2020,2638.0
425737514827690816,3422,4,71942,12,2020,4316.62
426846944565154816,8797,3,21116,1,2020,2990.6
426846944565154816,8797,3,21116,2,2020,-5744.12
426846944565154816,8797,3,21116,3,2020,-13371.25
426846944565154816,8797,3,21116,4,2020,-15984.19
426846944565154816,8797,3,21116,5,2020,-13189.59
426846944565154816,8797,3,21116,6,2020,-14625.62
426846944565154816,8797,3,21116,7,2020,-6194.1
426846944565154816,8797,3,21116,8,2020,-10793.13
426846944565154816,8797,3,21116,9,2020,-15894.64
426846944565154816,8797,3,21116,10,2020,-14026.17
426846944565154816,8797,3,21116,11,2020,-15307.71
426846944565154816,8797,3,21116,12,2020,-13203.37
426865777950081216,7995,7,91154,1,2020,-3995.35
426865777950081216,7995,7,91154,2,2020,-2001.48
426865777950081216,7995,7,91154,3,2020,842.09
426865777950081216,7995,7,91154,4,2020,9594.23
426865777950081216,7995,7,91154,5,2020,9398.63
426865777950081216,7995,7,91154,6,2020,11066.46
426865777950081216,7995,7,91154,7,2020,16087.57
426865777950081216,7995,7,91154,8,2020,15463.26
426865777950081216,7995,7,91154,9,2020,-1570.05
426865777950081216,7995,7,91154,10,2020,-5330.7
426865777950081216,7995,7,91154,11,2020,-10427.66
426865777950081216,7995,7,91154,12,2020,-11950.62
430647964639544512,9350,7,53073,1,2020,-1530.72
430647964639544512,9350,7,53073,2,2020,-2648.56
430647964639544512,9350,7,53073,3,2020,-7815.99
430647964639544512,9350,7,53073,4,2020,-12199.77
430647964639544512,9350,7,53073,5,2020,-22712.8
430647964639544512,9350,7,53073,6,2020,-25171.57
430647964639544512,9350,7,53073,7,2020,-27495.78
430647964639544512,9350,7,53073,8,2020,-23111.66
430647964639544512,9350,7,53073,9,2020,-22318.11
430647964639544512,9350,7,53073,10,2020,-22429.17
430647964639544512,9350,7,53073,11,2020,-23402.84
430647964639544512,9350,7,53073,12,2020,-21397.21
430932338007923648,6438,4,63,1,2020,4414.84
430932338007923648,6438,4,63,2,2020,5209.25
430932338007923648,6438,4,63,3,2020,7195.78
430932338007923648,6438,4,63,4,2020,8740.19
430932338007923648,6438,4,63,5,2020,7341.45
430932338007923648,6438,4,63,6,2020,7399.59
430932338007923648,6438,4,63,7,2020,4805.24
430932338007923648,6438,4,63,8,2020,8438.5
430932338007923648,6438,4,63,9,2020,6543.52
430932338007923648,6438,4,63,10,2020,8621.92
430932338007923648,6438,4,63,11,2020,1582.8
430932338007923648,6438,4,63,12,2020,-3310.18
431174637164708160,111,4,17341,1,2020,1656.98
431174637164708160,111,4,17341,2,2020,-1447.92
431174637164708160,111,4,17341,3,2020,2608.38
431174637164708160,111,4,17341,4,2020,247.48
431174637164708160,111,4,17341,5,2020,1428.44
431174637164708160,111,4,17341,6,2020,-2207.45
431174637164708160,111,4,17341,7,2020,-287.0
431174637164708160,111,4,17341,8,2020,3173.96
