281777638972504992,8494,7,79585,7,2020,23550.72
281777638972504992,8494,7,79585,8,2020,23768.07
281777638972504992,8494,7,79585,9,2020,30620.67
281777638972504992,8494,7,79585,10,2020,31627.94
281777638972504992,8494,7,79585,11,2020,35899.76
281777638972504992,8494,7,79585,12,2020,36683.75
281850747470688608,399,0,98357,1,2020,-14569.57
281850747470688608,399,0,98357,2,2020,-17491.74
281850747470688608,399,0,98357,3,2020,-10603.06
281850747470688608,399,0,98357,4,2020,-21694.85
281850747470688608,399,0,98357,5,2020,-19303.07
281850747470688608,399,0,98357,6,2020,-17555.97
281850747470688608,399,0,98357,7,2020,-16647.02
281850747470688608,399,0,98357,8,2020,-21751.59
281850747470688608,399,0,98357,9,2020,-13951.68
281850747470688608,399,0,98357,10,2020,-19604.91
281850747470688608,399,0,98357,11,2020,-17650.36
281850747470688608,399,0,98357,12,2020,-10681.29
2819171372174669312,5012,6,16574,1,2020,-4804.96
2819171372174669312,5012,6,16574,2,2020,2095.85
2819171372174669312,5012,6,16574,3,2020,864.0
2819171372174669312,5012,6,16574,4,2020,1325.23
2819171372174669312,5012,6,16574,5,2020,220.47
2819171372174669312,5012,6,16574,6,2020,-418.49
2819171372174669312,5012,6,16574,7,2020,1284.28
2819171372174669312,5012,6,16574,8,2020,-1685.99
2819171372174669312,5012,6,16574,9,2020,-2766.25
2819171372174669312,5012,6,16574,10,2020,-4928.86
2819171372174669312,5012,6,16574,11,2020,349.58
2819171372174669312,5012,6,16574,12,2020,-449.66
2820194418703611392,814,1,4003,1,2020,-2678.19
2820194418703611392,814,1,4003,2,2020,-658.89
2820194418703611392,814,1,4003,3,2020,-7533.97
2820194418703611392,814,1,4003,4,2020,-13411.88
2820194418703611392,814,1,4003,5,2020,-20120.05
2820194418703611392,814,1,4003,6,2020,-10792.65
2820194418703611392,814,1,4003,7,2020,-8709.42
2820194418703611392,814,1,4003,8,2020,-13922.78
2820194418703611392,814,1,4003,9,2020,-15430.58
2820194418703611392,814,1,4003,10,2020,-17416.61
2820194418703611392,814,1,4003,11,2020,-13778.09
2820194418703611392,814,1,4003,12,2020,-12049.71
2820695089055158272,6961,4,18957,1,2020,-336.4
2820695089055158272,6961,4,18957,2,2020,-224.91
2820695089055158272,6961,4,18957,3,2020,2912.01
2820695089055158272,6961,4,18957,4,2020,5410.02
2820695089055158272,6961,4,18957,5,2020,5929.3
2820695089055158272,6961,4,18957,6,2020,6093.56
2820695089055158272,6961,4,18957,7,2020,5429.72
2820695089055158272,6961,4,18957,8,2020,3121.93
2820695089055158272,6961,4,18957,9,2020,4329.72
2820695089055158272,6961,4,18957,10,2020,3102.9
2820695089055158272,6961,4,18957,11,2020,6135.74
2820695089055158272,6961,4,18957,12,2020,5201.72
2820708475048207872,8248,1,64663,1,2020,-4453.48
2820708475048207872,8248,1,64663,2,2020,-8410.57
2820708475048207872,8248,1,64663,3,2020,-11855.04
2820708475048207872,8248,1,64663,4,2020,-9694.22
2820708475048207872,8248,1,64663,5,2020,-17611.89
2820708475048207872,8248,1,64663,6,2020,-20836.98
2820708475048207872,8248,1,64663,7,2020,-26583.83
2820708475048207872,8248,1,64663,8,2020,-32946.02
2820708475048207872,8248,1,64663,9,2020,-39211.57
2820708475048207872,8248,1,64663,10,2020,-37848.8
2820708475048207872,8248,1,64663,11,2020,-42243.63
2820708475048207872,8248,1,64663,12,2020,-41910.65
2821261360232965632,9959,1,52087,1,2020,4272.26
2821261360232965632,9959,1,52087,2,2020,2003.04
2821261360232965632,9959,1,52087,3,2020,472.03
2821261360232965632,9959,1,52087,4,2020,3683.97
2821261360232965632,9959,1,52087,5,2020,5589.74
2821261360232965632,9959,1,52087,6,2020,10401.46
2821261360232965632,9959,1,52087,7,2020,3451.3
2821261360232965632,9959,1,52087,8,2020,3684.34
2821261360232965632,9959,1,52087,9,2020,5875.97
2821261360232965632,9959,1,52087,10,2020,8994.23
2821261360232965632,9959,1,52087,11,2020,9450.38
2821261360232965632,9959,1,52087,12,2020,14104.1
2822610918274823680,6961,2,13870,1,2020,-5293.34
2822610918274823680,6961,2,13870,2,2020,-1203.22
2822610918274823680,6961,2,13870,3,2020,-6678.76
2822610918274823680,6961,2,13870,4,2020,-2704.71
2822610918274823680,6961,2,13870,5,2020,-12374.67
2822610918274823680,6961,2,13870,6,2020,-17610.63
2822610918274823680,6961,2,13870,7,2020,-17432.33
2822610918274823680,6961,2,13870,8,2020,-8365.2
2822610918274823680,6961,2,13870,9,2020,-9014.81
2822610918274823680,6961,2,13870,10,2020,-8868.81
2822610918274823680,6961,2,13870,11,2020,-6500.79
2822610918274823680,6961,2,13870,12,2020,-11840.28
2823771744268697600,9469,5,10199,1,2020,-3430.71
2823771744268697600,9469,5,10199,2,2020,-4812.8
2823771744268697600,9469,5,10199,3,2020,-2348.6
2823771744268697600,9469,5,10199,4,2020,1270.08
2823771744268697600,9469,5,10199,5,2020,3468.91
2823771744268697600,9469,5,10199,6,2020,228.19
2823771744268697600,9469,5,10199,7,2020,916.18
2823771744268697600,9469,5,10199,8,2020,-2684.23
2823771744268697600,9469,5,10199,9,2020,2952.78
2823771744268697600,9469,5,10199,10,2020,5752.55
2823771744268697600,9469,5,10199,11,2020,7055.35
2823771744268697600,9469,5,10199,12,2020,13525.79
2823874219133574656,1596,9,28559,1,2020,0.0
2823874219133574656,1596,9,28559,2,2020,3880.35
2823874219133574656,1596,9,28559,3,2020,3476.74
2823874219133574656,1596,9,28559,4,2020,-1629.37
2823874219133574656,1596,9,28559,5,2020,-1032.37
2823874219133574656,1596,9,28559,6,2020,-1291.75
2823874219133574656,1596,9,28559,7,2020,-1746.68
2823874219133574656,1596,9,28559,8,2020,-3940.21
2823874219133574656,1596,9,28559,9,2020,-5691.95
2823874219133574656,1596,9,28559,10,2020,-5691.95
2823874219133574656,1596,9,28559,11,2020,-4434.21
2823874219133574656,1596,9,28559,12,2020,-6760.28
2824922589514879488,1179,4,33267,1,2020,-3151.84
2824922589514879488,1179,4,33267,2,2020,-9520.39
2824922589514879488,1179,4,33267,3,2020,-21224.68
2824922589514879488,1179,4,33267,4,2020,-11725.24
2824922589514879488,1179,4,33267,5,2020,-9080.0
2824922589514879488,1179,4,33267,6,2020,-4554.81
2824922589514879488,1179,4,33267,7,2020,-796.51
2824922589514879488,1179,4,33267,8,2020,-2667.8
2824922589514879488,1179,4,33267,9,2020,707.44
2824922589514879488,1179,4,33267,10,2020,-6317.99
2824922589514879488,1179,4,33267,11,2020,-4481.59
2824922589514879488,1179,4,33267,12,2020,1088.61
2825108722071619072,5294,7,31143,1,2020,4650.8
2825108722071619072,5294,7,31143,2,2020,7697.75
2825108722071619072,5294,7,31143,3,2020,8390.97
2825108722071619072,5294,7,31143,4,2020,4036.47
2825108722071619072,5294,7,31143,5,2020,4005.93
2825108722071619072,5294,7,31143,6,2020,4753.92
2825108722071619072,5294,7,31143,7,2020,4865.13
2825108722071619072,5294,7,31143,8,2020,4171.68
2825108722071619072,5294,7,31143,9,2020,1489.72
2825108722071619072,5294,7,31143,10,2020,3314.13
2825108722071619072,5294,7,31143,11,2020,5652.24
2825108722071619072,5294,7,31143,12,2020,1174.9
282741193551172448,8885,1,20993,1,2020,-6030.67
282741193551172448,8885,1,20993,2,2020,-12749.14
282741193551172448,8885,1,20993,3,2020,-11409.85
282741193551172448,8885,1,20993,4,2020,-2511.23
282741193551172448,8885,1,20993,5,2020,-1310.35
282741193551172448,8885,1,20993,6,2020,3123.83
282741193551172448,8885,1,20993,7,2020,10159.88
282741193551172448,8885,1,20993,8,2020,6571.9
282741193551172448,8885,1,20993,9,2020,9200.72
282741193551172448,8885,1,20993,10,2020,7712.02
282741193551172448,8885,1,20993,11,2020,7983.69
282741193551172448,8885,1,20993,12,2020,-512.87
2827728647200184832,572,1,66217,1,2020,1470.7
2827728647200184832,572,1,66217,2,2020,2653.07
2827728647200184832,572,1,66217,3,2020,2916.86
2827728647200184832,572,1,66217,4,2020,3687.55
2827728647200184832,572,1,66217,5,2020,548.7
2827728647200184832,572,1,66217,6,2020,-2267.83
2827728647200184832,572,1,66217,7,2020,-2940.97
2827728647200184832,572,1,66217,8,2020,-2256.5
2827728647200184832,572,1,66217,9,2020,-1497.8
2827728647200184832,572,1,66217,10,2020,-5611.69
2827728647200184832,572,1,66217,11,2020,-2934.09
2827728647200184832,572,1,66217,12,2020,-1593.61
2830172995669207552,3218,8,76827,1,2020,-622.16
2830172995669207552,3218,8,76827,2,2020,-1045.43
2830172995669207552,3218,8,76827,3,2020,-295.04
2830172995669207552,3218,8,76827,4,2020,2802.64
2830172995669207552,3218,8,76827,5,2020,6340.88
2830172995669207552,3218,8,76827,6,2020,2953.65
2830172995669207552,3218,8,76827,7,2020,5702.16
2830172995669207552,3218,8,76827,8,2020,5135.9
2830172995669207552,3218,8,76827,9,2020,4626.29
2830172995669207552,3218,8,76827,10,2020,5351.48
2830172995669207552,3218,8,76827,11,2020,5761.71
2830172995669207552,3218,8,76827,12,2020,4691.05
2831015709035262464,2882,6,98069,1,2020,-1279.62
2831015709035262464,2882,6,98069,2,2020,-2571.46
2831015709035262464,2882,6,98069,3,2020,632.1
2831015709035262464,2882,6,98069,4,2020,-1940.89
2831015709035262464,2882,6,98069,5,2020,740.0
2831015709035262464,2882,6,98069,6,2020,-109.73
2831015709035262464,2882,6,98069,7,2020,6110.01
2831015709035262464,2882,6,98069,8,2020,8003.9
2831015709035262464,2882,6,98069,9,2020,7747.16
2831015709035262464,2882,6,98069,10,2020,2421.65
2831015709035262464,2882,6,98069,11,2020,1679.7
2831015709035262464,2882,6,98069,12,2020,962.6
2831394230411572224,4902,1,71553,1,2020,3502.75
2831394230411572224,4902,1,71553,2,2020,3341.32
2831394230411572224,4902,1,71553,3,2020,861.82
2831394230411572224,4902,1,71553,4,2020,4980.65
2831394230411572224,4902,1,71553,5,2020,3689.88
2831394230411572224,4902,1,71553,6,2020,-1412.63
2831394230411572224,4902,1,71553,7,2020,-710.96
2831394230411572224,4902,1,71553,8,2020,-4945.76
2831394230411572224,4902,1,71553,9,2020,-11402.33
2831394230411572224,4902,1,71553,10,2020,-11483.76
2831394230411572224,4902,1,71553,11,2020,-17423.79
2831394230411572224,4902,1,71553,12,2020,-3341.13
2831445867419248640,3497,0,54617,1,2020,-495.61
2831445867419248640,3497,0,54617,2,2020,348.38
2831445867419248640,3497,0,54617,3,2020,1585.63
2831445867419248640,3497,0,54617,4,2020,2315.34
2831445867419248640,3497,0,54617,5,2020,1115.96
2831445867419248640,3497,0,54617,6,2020,662.05
2831445867419248640,3497,0,54617,7,2020,-232.08
2831445867419248640,3497,0,54617,8,2020,-1060.05
2831445867419248640,3497,0,54617,9,2020,-4228.79
2831445867419248640,3497,0,54617,10,2020,-4924.46
2831445867419248640,3497,0,54617,11,2020,-6001.63
2831445867419248640,3497,0,54617,12,2020,-5946.01
2832719307688005632,7208,2,87010,1,2020,-1232.91
2832719307688005632,7208,2,87010,2,2020,-1883.87
2832719307688005632,7208,2,87010,3,2020,-2435.6
2832719307688005632,7208,2,87010,4,2020,-2435.6
2832719307688005632,7208,2,87010,5,2020,-4092.58
2832719307688005632,7208,2,87010,6,2020,-2358.98
2832719307688005632,7208,2,87010,7,2020,-82.05
2832719307688005632,7208,2,87010,8,2020,-82.05
2832719307688005632,7208,2,87010,9,2020,-1754.19
2832719307688005632,7208,2,87010,10,2020,-1754.19
2832719307688005632,7208,2,87010,11,2020,2139.61
2832719307688005632,7208,2,87010,12,2020,3956.38
2832944143158805504,4248,9,64332,1,2020,-6057.29
2832944143158805504,4248,9,64332,2,2020,494.72
2832944143158805504,4248,9,64332,3,2020,-3453.25
2832944143158805504,4248,9,64332,4,2020,-9323.47
2832944143158805504,4248,9,64332,5,2020,-10052.1
2832944143158805504,4248,9,64332,6,2020,-13507.15
2832944143158805504,4248,9,64332,7,2020,-14977.41
2832944143158805504,4248,9,64332,8,2020,-16027.69
2832944143158805504,4248,9,64332,9,2020,-11948.64
2832944143158805504,4248,9,64332,10,2020,-20276.04
2832944143158805504,4248,9,64332,11,2020,-25358.68
2832944143158805504,4248,9,64332,12,2020,-23002.98
2837456309828851200,6663,9,44554,1,2020,1023.59
2837456309828851200,6663,9,44554,2,2020,-118.0
2837456309828851200,6663,9,44554,3,2020,1837.99
2837456309828851200,6663,9,44554,4,2020,5127.44
2837456309828851200,6663,9,44554,5,2020,6458.55
2837456309828851200,6663,9,44554,6,2020,8128.11
