671085368658041344,5559,0,91083,6,2020,-1235.48
671085368658041344,5559,0,91083,7,2020,1864.88
671085368658041344,5559,0,91083,8,2020,4861.96
671085368658041344,5559,0,91083,9,2020,6513.08
671085368658041344,5559,0,91083,10,2020,10419.12
671085368658041344,5559,0,91083,11,2020,10185.01
671085368658041344,5559,0,91083,12,2020,6741.67
672886094509137792,2363,4,55488,1,2020,7585.0
672886094509137792,2363,4,55488,2,2020,8155.27
672886094509137792,2363,4,55488,3,2020,11019.46
672886094509137792,2363,4,55488,4,2020,14895.26
672886094509137792,2363,4,55488,5,2020,16055.67
672886094509137792,2363,4,55488,6,2020,19217.92
672886094509137792,2363,4,55488,7,2020,14538.13
672886094509137792,2363,4,55488,8,2020,11951.96
672886094509137792,2363,4,55488,9,2020,22841.78
672886094509137792,2363,4,55488,10,2020,23208.34
672886094509137792,2363,4,55488,11,2020,24874.41
672886094509137792,2363,4,55488,12,2020,28206.9
6731171884115662,2578,6,98114,1,2020,4343.97
6731171884115662,2578,6,98114,2,2020,356.5
6731171884115662,2578,6,98114,3,2020,3725.1
6731171884115662,2578,6,98114,4,2020,1270.28
6731171884115662,2578,6,98114,5,2020,2938.24
6731171884115662,2578,6,98114,6,2020,-5358.5
6731171884115662,2578,6,98114,7,2020,-4354.69
6731171884115662,2578,6,98114,8,2020,-11989.37
6731171884115662,2578,6,98114,9,2020,-10271.03
6731171884115662,2578,6,98114,10,2020,-18256.01
6731171884115662,2578,6,98114,11,2020,-25545.65
6731171884115662,2578,6,98114,12,2020,-20829.16
673400190950103808,9129,5,46465,1,2020,-4610.7
673400190950103808,9129,5,46465,2,2020,-8016.46
673400190950103808,9129,5,46465,3,2020,-1950.4
673400190950103808,9129,5,46465,4,2020,10092.41
673400190950103808,9129,5,46465,5,2020,12292.35
673400190950103808,9129,5,46465,6,2020,24823.89
673400190950103808,9129,5,46465,7,2020,23445.51
673400190950103808,9129,5,46465,8,2020,31051.68
673400190950103808,9129,5,46465,9,2020,27830.04
673400190950103808,9129,5,46465,10,2020,30892.62
673400190950103808,9129,5,46465,11,2020,24761.71
673400190950103808,9129,5,46465,12,2020,22044.17
674566305036026112,7131,8,78622,1,2020,-1477.96
674566305036026112,7131,8,78622,2,2020,-2583.7
674566305036026112,7131,8,78622,3,2020,1158.9
674566305036026112,7131,8,78622,4,2020,3899.15
674566305036026112,7131,8,78622,5,2020,-1303.61
674566305036026112,7131,8,78622,6,2020,2642.58
674566305036026112,7131,8,78622,7,2020,-428.5
674566305036026112,7131,8,78622,8,2020,-8205.77
674566305036026112,7131,8,78622,9,2020,-10297.52
674566305036026112,7131,8,78622,10,2020,96.73
674566305036026112,7131,8,78622,11,2020,2822.48
674566305036026112,7131,8,78622,12,2020,-1349.85
674961947612972032,6840,4,59131,1,2020,1587.75
674961947612972032,6840,4,59131,2,2020,7969.47
674961947612972032,6840,4,59131,3,2020,6755.84
674961947612972032,6840,4,59131,4,2020,6425.69
674961947612972032,6840,4,59131,5,2020,9611.48
674961947612972032,6840,4,59131,6,2020,17439.21
674961947612972032,6840,4,59131,7,2020,19546.69
674961947612972032,6840,4,59131,8,2020,26829.62
674961947612972032,6840,4,59131,9,2020,23477.43
674961947612972032,6840,4,59131,10,2020,22569.6
674961947612972032,6840,4,59131,11,2020,26786.49
674961947612972032,6840,4,59131,12,2020,27858.96
6754575908057409,5141,7,29416,1,2020,5780.74
6754575908057409,5141,7,29416,2,2020,814.95
6754575908057409,5141,7,29416,3,2020,-253.3
6754575908057409,5141,7,29416,4,2020,-2159.87
6754575908057409,5141,7,29416,5,2020,-2881.77
6754575908057409,5141,7,29416,6,2020,-1096.03
6754575908057409,5141,7,29416,7,2020,-4885.79
6754575908057409,5141,7,29416,8,2020,-4611.7
6754575908057409,5141,7,29416,9,2020,-5029.24
6754575908057409,5141,7,29416,10,2020,-6175.9
6754575908057409,5141,7,29416,11,2020,-5810.64
6754575908057409,5141,7,29416,12,2020,-5824.61
6759884497455352,7234,9,32282,1,2020,2766.18
6759884497455352,7234,9,32282,2,2020,3346.42
6759884497455352,7234,9,32282,3,2020,714.19
6759884497455352,7234,9,32282,4,2020,-1102.36
6759884497455352,7234,9,32282,5,2020,-2884.88
6759884497455352,7234,9,32282,6,2020,-2613.8
6759884497455352,7234,9,32282,7,2020,-1290.99
6759884497455352,7234,9,32282,8,2020,-5329.73
6759884497455352,7234,9,32282,9,2020,954.94
6759884497455352,7234,9,32282,10,2020,3325.92
6759884497455352,7234,9,32282,11,2020,4247.4
6759884497455352,7234,9,32282,12,2020,5363.49
676925913577993984,9515,7,63253,1,2020,-2287.1
676925913577993984,9515,7,63253,2,2020,-8923.99
676925913577993984,9515,7,63253,3,2020,-6758.81
676925913577993984,9515,7,63253,4,2020,-13319.03
676925913577993984,9515,7,63253,5,2020,-19704.68
676925913577993984,9515,7,63253,6,2020,-17607.23
676925913577993984,9515,7,63253,7,2020,-14756.17
676925913577993984,9515,7,63253,8,2020,-16704.52
676925913577993984,9515,7,63253,9,2020,-14890.08
676925913577993984,9515,7,63253,10,2020,-12424.75
676925913577993984,9515,7,63253,11,2020,-8882.53
676925913577993984,9515,7,63253,12,2020,-6174.16
67693573615959560,2056,5,16998,1,2020,-1695.96
67693573615959560,2056,5,16998,2,2020,-3226.01
67693573615959560,2056,5,16998,3,2020,-2867.29
67693573615959560,2056,5,16998,4,2020,-2792.6
67693573615959560,2056,5,16998,5,2020,-4865.47
67693573615959560,2056,5,16998,6,2020,-6653.96
67693573615959560,2056,5,16998,7,2020,-3531.65
67693573615959560,2056,5,16998,8,2020,-3081.85
67693573615959560,2056,5,16998,9,2020,-2887.69
67693573615959560,2056,5,16998,10,2020,-4770.05
67693573615959560,2056,5,16998,11,2020,-3636.57
67693573615959560,2056,5,16998,12,2020,-4814.83
676998197234032896,3240,0,28273,1,2020,1160.0
676998197234032896,3240,0,28273,2,2020,2937.86
676998197234032896,3240,0,28273,3,2020,6050.33
676998197234032896,3240,0,28273,4,2020,5033.1
676998197234032896,3240,0,28273,5,2020,3597.46
676998197234032896,3240,0,28273,6,2020,2612.13
676998197234032896,3240,0,28273,7,2020,1344.54
676998197234032896,3240,0,28273,8,2020,2882.13
676998197234032896,3240,0,28273,9,2020,4998.45
676998197234032896,3240,0,28273,10,2020,5312.92
676998197234032896,3240,0,28273,11,2020,3890.23
676998197234032896,3240,0,28273,12,2020,6596.67
677922494510791040,8443,2,68848,1,2020,536.86
677922494510791040,8443,2,68848,2,2020,2230.24
677922494510791040,8443,2,68848,3,2020,4119.84
677922494510791040,8443,2,68848,4,2020,4965.89
677922494510791040,8443,2,68848,5,2020,4687.72
677922494510791040,8443,2,68848,6,2020,1498.94
677922494510791040,8443,2,68848,7,2020,1093.85
677922494510791040,8443,2,68848,8,2020,2528.71
677922494510791040,8443,2,68848,9,2020,2446.93
677922494510791040,8443,2,68848,10,2020,4489.53
677922494510791040,8443,2,68848,11,2020,-3817.65
677922494510791040,8443,2,68848,12,2020,-7473.51
67851450228682136,9117,4,94143,1,2020,-5380.79
67851450228682136,9117,4,94143,2,2020,600.51
67851450228682136,9117,4,94143,3,2020,6111.79
67851450228682136,9117,4,94143,4,2020,11180.32
67851450228682136,9117,4,94143,5,2020,12772.72
67851450228682136,9117,4,94143,6,2020,12570.35
67851450228682136,9117,4,94143,7,2020,9027.63
67851450228682136,9117,4,94143,8,2020,16847.52
67851450228682136,9117,4,94143,9,2020,13874.91
67851450228682136,9117,4,94143,10,2020,18064.24
67851450228682136,9117,4,94143,11,2020,23008.25
67851450228682136,9117,4,94143,12,2020,19847.37
678847529372377728,6965,6,5329,1,2020,-2197.23
678847529372377728,6965,6,5329,2,2020,4466.36
678847529372377728,6965,6,5329,3,2020,1695.97
678847529372377728,6965,6,5329,4,2020,2104.38
678847529372377728,6965,6,5329,5,2020,4769.56
678847529372377728,6965,6,5329,6,2020,10769.08
678847529372377728,6965,6,5329,7,2020,3236.87
678847529372377728,6965,6,5329,8,2020,9059.3
678847529372377728,6965,6,5329,9,2020,6489.61
678847529372377728,6965,6,5329,10,2020,3640.4
678847529372377728,6965,6,5329,11,2020,6910.59
678847529372377728,6965,6,5329,12,2020,-5963.39
68010319064394392,2967,2,73241,1,2020,-3084.14
68010319064394392,2967,2,73241,2,2020,5011.78
68010319064394392,2967,2,73241,3,2020,2676.82
68010319064394392,2967,2,73241,4,2020,79.37
68010319064394392,2967,2,73241,5,2020,-2343.37
68010319064394392,2967,2,73241,6,2020,-6707.02
68010319064394392,2967,2,73241,7,2020,-2064.08
68010319064394392,2967,2,73241,8,2020,611.62
68010319064394392,2967,2,73241,9,2020,-778.37
68010319064394392,2967,2,73241,10,2020,9623.58
68010319064394392,2967,2,73241,11,2020,13502.35
68010319064394392,2967,2,73241,12,2020,12530.27
68064537055543456,7387,2,1870,1,2020,-4881.45
68064537055543456,7387,2,1870,2,2020,-9179.08
68064537055543456,7387,2,1870,3,2020,-17631.57
68064537055543456,7387,2,1870,4,2020,-18069.42
68064537055543456,7387,2,1870,5,2020,-24088.62
68064537055543456,7387,2,1870,6,2020,-21357.71
68064537055543456,7387,2,1870,7,2020,-18927.54
68064537055543456,7387,2,1870,8,2020,-25697.42
68064537055543456,7387,2,1870,9,2020,-33668.2
68064537055543456,7387,2,1870,10,2020,-33262.71
68064537055543456,7387,2,1870,11,2020,-27716.04
68064537055543456,7387,2,1870,12,2020,-21622.36
680992238827492480,1783,8,6452,1,2020,3127.97
680992238827492480,1783,8,6452,2,2020,3933.12
680992238827492480,1783,8,6452,3,2020,2265.32
680992238827492480,1783,8,6452,4,2020,-3065.25
680992238827492480,1783,8,6452,5,2020,-8544.05
680992238827492480,1783,8,6452,6,2020,-8956.02
680992238827492480,1783,8,6452,7,2020,-4150.43
680992238827492480,1783,8,6452,8,2020,2155.77
680992238827492480,1783,8,6452,9,2020,2447.9
680992238827492480,1783,8,6452,10,2020,-737.37
680992238827492480,1783,8,6452,11,2020,2764.7
680992238827492480,1783,8,6452,12,2020,9285.44
681435645132419968,2476,9,77389,1,2020,1432.11
681435645132419968,2476,9,77389,2,2020,3522.24
681435645132419968,2476,9,77389,3,2020,5816.52
681435645132419968,2476,9,77389,4,2020,3660.61
681435645132419968,2476,9,77389,5,2020,-2137.3
681435645132419968,2476,9,77389,6,2020,-2105.88
681435645132419968,2476,9,77389,7,2020,-5822.28
681435645132419968,2476,9,77389,8,2020,-8012.86
681435645132419968,2476,9,77389,9,2020,-12410.14
681435645132419968,2476,9,77389,10,2020,-5928.13
681435645132419968,2476,9,77389,11,2020,-10684.13
681435645132419968,2476,9,77389,12,2020,-11482.31
68149436618038848,7339,2,16174,1,2020,3855.28
68149436618038848,7339,2,16174,2,2020,-1093.33
68149436618038848,7339,2,16174,3,2020,-1426.79
68149436618038848,7339,2,16174,4,2020,-822.77
68149436618038848,7339,2,16174,5,2020,-11597.42
68149436618038848,7339,2,16174,6,2020,-8768.47
68149436618038848,7339,2,16174,7,2020,-12852.37
68149436618038848,7339,2,16174,8,2020,-9961.79
68149436618038848,7339,2,16174,9,2020,-16058.0
68149436618038848,7339,2,16174,10,2020,-17371.27
68149436618038848,7339,2,16174,11,2020,-27314.08
68149436618038848,7339,2,16174,12,2020,-27630.84
683207827649773440,4900,6,74122,1,2020,-625.86
683207827649773440,4900,6,74122,2,2020,4691.26
683207827649773440,4900,6,74122,3,2020,4731.27
683207827649773440,4900,6,74122,4,2020,635.58
683207827649773440,4900,6,74122,5,2020,4497.18
683207827649773440,4900,6,74122,6,2020,2939.69
683207827649773440,4900,6,74122,7,2020,352.18
683207827649773440,4900,6,74122,8,2020,-4270.87
683207827649773440,4900,6,74122,9,2020,-3540.1
683207827649773440,4900,6,74122,10,2020,-1249.02
683207827649773440,4900,6,74122,11,2020,-2754.25
683207827649773440,4900,6,74122,12,2020,-8236.44
683613755888436608,4758,5,75109,1,2020,-1433.55
683613755888436608,4758,5,75109,2,2020,3748.44
