2499438733042070016,6475,6,28423,6,2020,13393.77
2499438733042070016,6475,6,28423,7,2020,10363.71
2499438733042070016,6475,6,28423,8,2020,10578.63
2499438733042070016,6475,6,28423,9,2020,15119.99
2499438733042070016,6475,6,28423,10,2020,17556.91
2499438733042070016,6475,6,28423,11,2020,14941.36
2499438733042070016,6475,6,28423,12,2020,16454.95
2502213148701882368,4562,5,54399,1,2020,3879.87
2502213148701882368,4562,5,54399,2,2020,670.92
2502213148701882368,4562,5,54399,3,2020,-4989.61
2502213148701882368,4562,5,54399,4,2020,-6159.53
2502213148701882368,4562,5,54399,5,2020,-13494.0
2502213148701882368,4562,5,54399,6,2020,-17899.47
2502213148701882368,4562,5,54399,7,2020,-9139.82
2502213148701882368,4562,5,54399,8,2020,-7046.38
2502213148701882368,4562,5,54399,9,2020,-7758.03
2502213148701882368,4562,5,54399,10,2020,-5496.05
2502213148701882368,4562,5,54399,11,2020,-5510.06
2502213148701882368,4562,5,54399,12,2020,-8698.78
2503059792963657216,7261,5,49482,1,2020,864.34
2503059792963657216,7261,5,49482,2,2020,3422.23
2503059792963657216,7261,5,49482,3,2020,155.05
2503059792963657216,7261,5,49482,4,2020,-3270.14
2503059792963657216,7261,5,49482,5,2020,3156.14
2503059792963657216,7261,5,49482,6,2020,2789.24
2503059792963657216,7261,5,49482,7,2020,5668.76
2503059792963657216,7261,5,49482,8,2020,8903.98
2503059792963657216,7261,5,49482,9,2020,6328.53
2503059792963657216,7261,5,49482,10,2020,5442.06
2503059792963657216,7261,5,49482,11,2020,5281.59
2503059792963657216,7261,5,49482,12,2020,2824.49
2505040563256064512,5594,2,37533,1,2020,359.41
2505040563256064512,5594,2,37533,2,2020,5552.43
2505040563256064512,5594,2,37533,3,2020,5406.3
2505040563256064512,5594,2,37533,4,2020,2226.74
2505040563256064512,5594,2,37533,5,2020,-3793.3
2505040563256064512,5594,2,37533,6,2020,-2463.7
2505040563256064512,5594,2,37533,7,2020,-5567.57
2505040563256064512,5594,2,37533,8,2020,-4991.88
2505040563256064512,5594,2,37533,9,2020,-6535.58
2505040563256064512,5594,2,37533,10,2020,-426.17
2505040563256064512,5594,2,37533,11,2020,-865.2
2505040563256064512,5594,2,37533,12,2020,2798.1
2505071035958950912,3231,3,46495,1,2020,11992.06
2505071035958950912,3231,3,46495,2,2020,16435.32
2505071035958950912,3231,3,46495,3,2020,17115.89
2505071035958950912,3231,3,46495,4,2020,13967.45
2505071035958950912,3231,3,46495,5,2020,10962.28
2505071035958950912,3231,3,46495,6,2020,19766.77
2505071035958950912,3231,3,46495,7,2020,17641.44
2505071035958950912,3231,3,46495,8,2020,18130.97
2505071035958950912,3231,3,46495,9,2020,20386.89
2505071035958950912,3231,3,46495,10,2020,18654.7
2505071035958950912,3231,3,46495,11,2020,9616.66
2505071035958950912,3231,3,46495,12,2020,16885.97
2508123703158604800,715,8,64381,1,2020,3434.18
2508123703158604800,715,8,64381,2,2020,-4246.53
2508123703158604800,715,8,64381,3,2020,-4128.46
2508123703158604800,715,8,64381,4,2020,-7305.94
2508123703158604800,715,8,64381,5,2020,-7962.67
2508123703158604800,715,8,64381,6,2020,-11752.12
2508123703158604800,715,8,64381,7,2020,-10469.59
2508123703158604800,715,8,64381,8,2020,-18436.58
2508123703158604800,715,8,64381,9,2020,-18315.25
2508123703158604800,715,8,64381,10,2020,-24327.66
2508123703158604800,715,8,64381,11,2020,-23055.25
2508123703158604800,715,8,64381,12,2020,-26112.05
2508177670293161472,1737,7,96473,1,2020,3403.95
2508177670293161472,1737,7,96473,2,2020,3403.95
2508177670293161472,1737,7,96473,3,2020,2047.12
2508177670293161472,1737,7,96473,4,2020,2259.14
2508177670293161472,1737,7,96473,5,2020,3363.83
2508177670293161472,1737,7,96473,6,2020,4423.56
2508177670293161472,1737,7,96473,7,2020,1097.64
2508177670293161472,1737,7,96473,8,2020,683.81
2508177670293161472,1737,7,96473,9,2020,-4014.14
2508177670293161472,1737,7,96473,10,2020,-3695.96
2508177670293161472,1737,7,96473,11,2020,-3954.71
2508177670293161472,1737,7,96473,12,2020,-6983.26
2508452975988294656,4577,2,26241,1,2020,681.74
2508452975988294656,4577,2,26241,2,2020,3568.07
2508452975988294656,4577,2,26241,3,2020,1583.07
2508452975988294656,4577,2,26241,4,2020,1583.07
2508452975988294656,4577,2,26241,5,2020,1583.07
2508452975988294656,4577,2,26241,6,2020,50.95
2508452975988294656,4577,2,26241,7,2020,50.95
2508452975988294656,4577,2,26241,8,2020,3662.88
2508452975988294656,4577,2,26241,9,2020,7382.58
2508452975988294656,4577,2,26241,10,2020,7567.79
2508452975988294656,4577,2,26241,11,2020,3515.3
2508452975988294656,4577,2,26241,12,2020,4956.36
2509044017768216064,3569,9,50119,1,2020,2726.44
2509044017768216064,3569,9,50119,2,2020,5802.21
2509044017768216064,3569,9,50119,3,2020,-1974.78
2509044017768216064,3569,9,50119,4,2020,60.13
2509044017768216064,3569,9,50119,5,2020,-806.05
2509044017768216064,3569,9,50119,6,2020,-1611.31
2509044017768216064,3569,9,50119,7,2020,-1606.05
2509044017768216064,3569,9,50119,8,2020,-1560.43
2509044017768216064,3569,9,50119,9,2020,7487.67
2509044017768216064,3569,9,50119,10,2020,19907.59
2509044017768216064,3569,9,50119,11,2020,18223.48
2509044017768216064,3569,9,50119,12,2020,10735.1
2509625348641090560,3450,5,56907,1,2020,-785.26
2509625348641090560,3450,5,56907,2,2020,1882.58
2509625348641090560,3450,5,56907,3,2020,1882.58
2509625348641090560,3450,5,56907,4,2020,2032.28
2509625348641090560,3450,5,56907,5,2020,1591.71
2509625348641090560,3450,5,56907,6,2020,-212.95
2509625348641090560,3450,5,56907,7,2020,1680.38
2509625348641090560,3450,5,56907,8,2020,4069.61
2509625348641090560,3450,5,56907,9,2020,5563.21
2509625348641090560,3450,5,56907,10,2020,5290.38
2509625348641090560,3450,5,56907,11,2020,5290.38
2509625348641090560,3450,5,56907,12,2020,5554.97
2512295669710043648,595,4,13490,1,2020,1004.71
2512295669710043648,595,4,13490,2,2020,7161.81
2512295669710043648,595,4,13490,3,2020,5232.84
2512295669710043648,595,4,13490,4,2020,6295.14
2512295669710043648,595,4,13490,5,2020,4565.84
2512295669710043648,595,4,13490,6,2020,1495.52
2512295669710043648,595,4,13490,7,2020,435.87
2512295669710043648,595,4,13490,8,2020,-4701.49
2512295669710043648,595,4,13490,9,2020,-11833.17
2512295669710043648,595,4,13490,10,2020,-4889.67
2512295669710043648,595,4,13490,11,2020,-8258.03
2512295669710043648,595,4,13490,12,2020,-5027.88
2512424601511661568,4576,5,49129,1,2020,-8854.35
2512424601511661568,4576,5,49129,2,2020,-4848.78
2512424601511661568,4576,5,49129,3,2020,-10372.96
2512424601511661568,4576,5,49129,4,2020,-7125.01
2512424601511661568,4576,5,49129,5,2020,-16391.87
2512424601511661568,4576,5,49129,6,2020,-14691.44
2512424601511661568,4576,5,49129,7,2020,-11210.01
2512424601511661568,4576,5,49129,8,2020,-7370.22
2512424601511661568,4576,5,49129,9,2020,-7946.1
2512424601511661568,4576,5,49129,10,2020,-6198.87
2512424601511661568,4576,5,49129,11,2020,2279.13
2512424601511661568,4576,5,49129,12,2020,4505.85
2512523023886599680,2247,0,51362,1,2020,-7265.67
2512523023886599680,2247,0,51362,2,2020,-9200.48
2512523023886599680,2247,0,51362,3,2020,-11744.44
2512523023886599680,2247,0,51362,4,2020,-11520.54
2512523023886599680,2247,0,51362,5,2020,-12288.19
2512523023886599680,2247,0,51362,6,2020,-8566.4
2512523023886599680,2247,0,51362,7,2020,-12956.34
2512523023886599680,2247,0,51362,8,2020,-10347.14
2512523023886599680,2247,0,51362,9,2020,-10273.41
2512523023886599680,2247,0,51362,10,2020,-8563.71
2512523023886599680,2247,0,51362,11,2020,-12158.58
2512523023886599680,2247,0,51362,12,2020,-6993.7
2512689003952169984,2005,7,45381,1,2020,-955.02
2512689003952169984,2005,7,45381,2,2020,4069.51
2512689003952169984,2005,7,45381,3,2020,670.53
2512689003952169984,2005,7,45381,4,2020,-6289.49
2512689003952169984,2005,7,45381,5,2020,-10843.76
2512689003952169984,2005,7,45381,6,2020,-1789.12
2512689003952169984,2005,7,45381,7,2020,-4242.04
2512689003952169984,2005,7,45381,8,2020,2135.46
2512689003952169984,2005,7,45381,9,2020,6055.36
2512689003952169984,2005,7,45381,10,2020,2330.58
2512689003952169984,2005,7,45381,11,2020,-3366.37
2512689003952169984,2005,7,45381,12,2020,-5419.91
2514662167952148480,9902,6,93173,1,2020,-1804.32
2514662167952148480,9902,6,93173,2,2020,-1767.97
2514662167952148480,9902,6,93173,3,2020,-3401.44
2514662167952148480,9902,6,93173,4,2020,-4058.33
2514662167952148480,9902,6,93173,5,2020,-2348.87
2514662167952148480,9902,6,93173,6,2020,-4361.15
2514662167952148480,9902,6,93173,7,2020,-820.61
2514662167952148480,9902,6,93173,8,2020,-3267.1
2514662167952148480,9902,6,93173,9,2020,-4142.99
2514662167952148480,9902,6,93173,10,2020,-2411.76
2514662167952148480,9902,6,93173,11,2020,-5055.11
2514662167952148480,9902,6,93173,12,2020,-594.99
2518140210842141696,5235,9,31334,1,2020,2220.7
2518140210842141696,5235,9,31334,2,2020,1893.09
2518140210842141696,5235,9,31334,3,2020,-1529.41
2518140210842141696,5235,9,31334,4,2020,1030.01
2518140210842141696,5235,9,31334,5,2020,270.4
2518140210842141696,5235,9,31334,6,2020,132.47
2518140210842141696,5235,9,31334,7,2020,2657.59
2518140210842141696,5235,9,31334,8,2020,2735.21
2518140210842141696,5235,9,31334,9,2020,3320.08
2518140210842141696,5235,9,31334,10,2020,3647.42
2518140210842141696,5235,9,31334,11,2020,3184.78
2518140210842141696,5235,9,31334,12,2020,-528.95
2520475293467082240,9481,4,91295,1,2020,-8182.15
2520475293467082240,9481,4,91295,2,2020,-7033.42
2520475293467082240,9481,4,91295,3,2020,-12542.52
2520475293467082240,9481,4,91295,4,2020,-10834.19
2520475293467082240,9481,4,91295,5,2020,-5442.39
2520475293467082240,9481,4,91295,6,2020,-9727.18
2520475293467082240,9481,4,91295,7,2020,-8620.55
2520475293467082240,9481,4,91295,8,2020,-9712.55
2520475293467082240,9481,4,91295,9,2020,-9628.81
2520475293467082240,9481,4,91295,10,2020,-9275.6
2520475293467082240,9481,4,91295,11,2020,-9548.92
2520475293467082240,9481,4,91295,12,2020,-4796.85
2521077763586844672,3770,9,95889,1,2020,6057.82
2521077763586844672,3770,9,95889,2,2020,2850.88
2521077763586844672,3770,9,95889,3,2020,-2652.44
2521077763586844672,3770,9,95889,4,2020,-4944.89
2521077763586844672,3770,9,95889,5,2020,556.41
2521077763586844672,3770,9,95889,6,2020,-413.73
2521077763586844672,3770,9,95889,7,2020,-32.72
2521077763586844672,3770,9,95889,8,2020,-2573.59
2521077763586844672,3770,9,95889,9,2020,2887.83
2521077763586844672,3770,9,95889,10,2020,-3364.9
2521077763586844672,3770,9,95889,11,2020,-8158.29
2521077763586844672,3770,9,95889,12,2020,-12221.42
2521372665041312256,4539,8,20111,1,2020,-1361.12
2521372665041312256,4539,8,20111,2,2020,581.99
2521372665041312256,4539,8,20111,3,2020,545.3
2521372665041312256,4539,8,20111,4,2020,732.0
2521372665041312256,4539,8,20111,5,2020,837.56
2521372665041312256,4539,8,20111,6,2020,2485.88
2521372665041312256,4539,8,20111,7,2020,1437.34
2521372665041312256,4539,8,20111,8,2020,-2112.94
2521372665041312256,4539,8,20111,9,2020,-1337.39
2521372665041312256,4539,8,20111,10,2020,3414.67
2521372665041312256,4539,8,20111,11,2020,3905.57
2521372665041312256,4539,8,20111,12,2020,-4610.6
2522306679096314880,4785,5,95757,1,2020,-4102.38
2522306679096314880,4785,5,95757,2,2020,-2979.98
2522306679096314880,4785,5,95757,3,2020,-2718.89
2522306679096314880,4785,5,95757,4,2020,-800.87
2522306679096314880,4785,5,95757,5,2020,2583.01
2522306679096314880,4785,5,95757,6,2020,-4992.48
2522306679096314880,4785,5,95757,7,2020,-8937.01
2522306679096314880,4785,5,95757,8,2020,-13354.78
2522306679096314880,4785,5,95757,9,2020,-5581.34
2522306679096314880,4785,5,95757,10,2020,1278.58
2522306679096314880,4785,5,95757,11,2020,2216.59
2522306679096314880,4785,5,95757,12,2020,972.78
2525992995438121472,1269,8,60991,1,2020,-3792.91
2525992995438121472,1269,8,60991,2,2020,-5565.03
2525992995438121472,1269,8,60991,3,2020,-4907.17
2525992995438121472,1269,8,60991,4,2020,-3666.56
2525992995438121472,1269,8,60991,5,2020,734.49
