649267614396044160,1742,7,70629,4,2020,-1220.94
649267614396044160,1742,7,70629,5,2020,786.31
649267614396044160,1742,7,70629,6,2020,1420.13
649267614396044160,1742,7,70629,7,2020,1420.13
649267614396044160,1742,7,70629,8,2020,2883.15
649267614396044160,1742,7,70629,9,2020,3783.17
649267614396044160,1742,7,70629,10,2020,3363.28
649267614396044160,1742,7,70629,11,2020,3040.93
649267614396044160,1742,7,70629,12,2020,3040.93
650591056051212160,8930,0,29456,1,2020,2295.4
650591056051212160,8930,0,29456,2,2020,-755.93
650591056051212160,8930,0,29456,3,2020,-7697.15
650591056051212160,8930,0,29456,4,2020,-3939.78
650591056051212160,8930,0,29456,5,2020,-4443.94
650591056051212160,8930,0,29456,6,2020,-5296.87
650591056051212160,8930,0,29456,7,2020,-8424.56
650591056051212160,8930,0,29456,8,2020,-7579.9
650591056051212160,8930,0,29456,9,2020,-6035.62
650591056051212160,8930,0,29456,10,2020,167.91
650591056051212160,8930,0,29456,11,2020,-3564.71
650591056051212160,8930,0,29456,12,2020,5009.8
652203124043357824,9817,1,16140,1,2020,2093.0
652203124043357824,9817,1,16140,2,2020,3469.08
652203124043357824,9817,1,16140,3,2020,5802.83
652203124043357824,9817,1,16140,4,2020,1087.12
652203124043357824,9817,1,16140,5,2020,-2005.2
652203124043357824,9817,1,16140,6,2020,-3851.55
652203124043357824,9817,1,16140,7,2020,-4666.6
652203124043357824,9817,1,16140,8,2020,-5284.47
652203124043357824,9817,1,16140,9,2020,-5284.47
652203124043357824,9817,1,16140,10,2020,-4304.75
652203124043357824,9817,1,16140,11,2020,-3626.71
652203124043357824,9817,1,16140,12,2020,-4776.64
65271295181741864,5634,8,42062,1,2020,1945.21
65271295181741864,5634,8,42062,2,2020,5396.19
65271295181741864,5634,8,42062,3,2020,9814.02
65271295181741864,5634,8,42062,4,2020,6106.58
65271295181741864,5634,8,42062,5,2020,-1184.57
65271295181741864,5634,8,42062,6,2020,762.48
65271295181741864,5634,8,42062,7,2020,3000.83
65271295181741864,5634,8,42062,8,2020,1100.62
65271295181741864,5634,8,42062,9,2020,-196.0
65271295181741864,5634,8,42062,10,2020,2929.19
65271295181741864,5634,8,42062,11,2020,8067.57
65271295181741864,5634,8,42062,12,2020,6657.9
654299418757323520,2198,4,23306,1,2020,5476.05
654299418757323520,2198,4,23306,2,2020,11517.61
654299418757323520,2198,4,23306,3,2020,7344.19
654299418757323520,2198,4,23306,4,2020,8242.41
654299418757323520,2198,4,23306,5,2020,9773.4
654299418757323520,2198,4,23306,6,2020,13187.86
654299418757323520,2198,4,23306,7,2020,13731.63
654299418757323520,2198,4,23306,8,2020,11523.22
654299418757323520,2198,4,23306,9,2020,15623.83
654299418757323520,2198,4,23306,10,2020,3917.2
654299418757323520,2198,4,23306,11,2020,7710.68
654299418757323520,2198,4,23306,12,2020,11684.14
655689399278278016,7731,3,88632,1,2020,-341.92
655689399278278016,7731,3,88632,2,2020,736.49
655689399278278016,7731,3,88632,3,2020,2642.87
655689399278278016,7731,3,88632,4,2020,5570.51
655689399278278016,7731,3,88632,5,2020,2813.17
655689399278278016,7731,3,88632,6,2020,-935.73
655689399278278016,7731,3,88632,7,2020,-4107.72
655689399278278016,7731,3,88632,8,2020,-5660.41
655689399278278016,7731,3,88632,9,2020,-5890.73
655689399278278016,7731,3,88632,10,2020,-4824.04
655689399278278016,7731,3,88632,11,2020,-3579.48
655689399278278016,7731,3,88632,12,2020,-1657.53
655704141481812608,1509,7,24297,1,2020,-1382.91
655704141481812608,1509,7,24297,2,2020,1391.12
655704141481812608,1509,7,24297,3,2020,-1234.54
655704141481812608,1509,7,24297,4,2020,-5504.03
655704141481812608,1509,7,24297,5,2020,-12001.93
655704141481812608,1509,7,24297,6,2020,-10963.62
655704141481812608,1509,7,24297,7,2020,-13330.81
655704141481812608,1509,7,24297,8,2020,-9356.83
655704141481812608,1509,7,24297,9,2020,-13111.1
655704141481812608,1509,7,24297,10,2020,-13111.41
655704141481812608,1509,7,24297,11,2020,-12742.39
655704141481812608,1509,7,24297,12,2020,-11451.4
656002510307174656,9586,9,47280,1,2020,1158.35
656002510307174656,9586,9,47280,2,2020,4064.93
656002510307174656,9586,9,47280,3,2020,-2895.29
656002510307174656,9586,9,47280,4,2020,1056.29
656002510307174656,9586,9,47280,5,2020,4782.68
656002510307174656,9586,9,47280,6,2020,746.64
656002510307174656,9586,9,47280,7,2020,5244.78
656002510307174656,9586,9,47280,8,2020,6059.64
656002510307174656,9586,9,47280,9,2020,9658.47
656002510307174656,9586,9,47280,10,2020,3944.15
656002510307174656,9586,9,47280,11,2020,3305.87
656002510307174656,9586,9,47280,12,2020,2412.56
656099507429390592,4820,4,20474,1,2020,620.16
656099507429390592,4820,4,20474,2,2020,-2055.85
656099507429390592,4820,4,20474,3,2020,-15.24
656099507429390592,4820,4,20474,4,2020,1879.11
656099507429390592,4820,4,20474,5,2020,2267.72
656099507429390592,4820,4,20474,6,2020,347.06
656099507429390592,4820,4,20474,7,2020,447.99
656099507429390592,4820,4,20474,8,2020,556.43
656099507429390592,4820,4,20474,9,2020,-3458.24
656099507429390592,4820,4,20474,10,2020,-1701.77
656099507429390592,4820,4,20474,11,2020,-2266.09
656099507429390592,4820,4,20474,12,2020,6813.05
656257590608910464,424,8,23778,1,2020,-4083.22
656257590608910464,424,8,23778,2,2020,-3333.26
656257590608910464,424,8,23778,3,2020,3449.18
656257590608910464,424,8,23778,4,2020,443.54
656257590608910464,424,8,23778,5,2020,1713.57
656257590608910464,424,8,23778,6,2020,278.95
656257590608910464,424,8,23778,7,2020,-3972.38
656257590608910464,424,8,23778,8,2020,-8320.96
656257590608910464,424,8,23778,9,2020,-6301.84
656257590608910464,424,8,23778,10,2020,-1098.27
656257590608910464,424,8,23778,11,2020,-1919.53
656257590608910464,424,8,23778,12,2020,-4331.73
656405596143303040,8112,7,46682,1,2020,-3572.92
656405596143303040,8112,7,46682,2,2020,7103.01
656405596143303040,8112,7,46682,3,2020,11381.78
656405596143303040,8112,7,46682,4,2020,7895.54
656405596143303040,8112,7,46682,5,2020,15751.47
656405596143303040,8112,7,46682,6,2020,21073.02
656405596143303040,8112,7,46682,7,2020,29596.85
656405596143303040,8112,7,46682,8,2020,31413.24
656405596143303040,8112,7,46682,9,2020,31079.04
656405596143303040,8112,7,46682,10,2020,28669.63
656405596143303040,8112,7,46682,11,2020,34364.53
656405596143303040,8112,7,46682,12,2020,36097.63
657292760310745856,7410,1,34691,1,2020,-1668.13
657292760310745856,7410,1,34691,2,2020,3754.01
657292760310745856,7410,1,34691,3,2020,2526.67
657292760310745856,7410,1,34691,4,2020,2306.33
657292760310745856,7410,1,34691,5,2020,4897.03
657292760310745856,7410,1,34691,6,2020,5364.4
657292760310745856,7410,1,34691,7,2020,2198.23
657292760310745856,7410,1,34691,8,2020,2139.33
657292760310745856,7410,1,34691,9,2020,2372.03
657292760310745856,7410,1,34691,10,2020,5414.84
657292760310745856,7410,1,34691,11,2020,2803.53
657292760310745856,7410,1,34691,12,2020,1770.19
657901889542576768,5271,3,86931,1,2020,1250.95
657901889542576768,5271,3,86931,2,2020,-137.74
657901889542576768,5271,3,86931,3,2020,7585.48
657901889542576768,5271,3,86931,4,2020,3846.57
657901889542576768,5271,3,86931,5,2020,1081.35
657901889542576768,5271,3,86931,6,2020,1441.62
657901889542576768,5271,3,86931,7,2020,-40.3
657901889542576768,5271,3,86931,8,2020,-3241.46
657901889542576768,5271,3,86931,9,2020,968.22
657901889542576768,5271,3,86931,10,2020,3233.93
657901889542576768,5271,3,86931,11,2020,1368.66
657901889542576768,5271,3,86931,12,2020,-2774.26
658054685253660800,5676,5,62891,1,2020,1349.59
658054685253660800,5676,5,62891,2,2020,563.41
658054685253660800,5676,5,62891,3,2020,3884.72
658054685253660800,5676,5,62891,4,2020,6315.07
658054685253660800,5676,5,62891,5,2020,3588.98
658054685253660800,5676,5,62891,6,2020,3689.76
658054685253660800,5676,5,62891,7,2020,1964.35
658054685253660800,5676,5,62891,8,2020,2870.76
658054685253660800,5676,5,62891,9,2020,-431.93
658054685253660800,5676,5,62891,10,2020,-2210.14
658054685253660800,5676,5,62891,11,2020,-2939.66
658054685253660800,5676,5,62891,12,2020,-2128.27
659134324062715264,5651,0,49208,1,2020,4360.38
659134324062715264,5651,0,49208,2,2020,3592.33
659134324062715264,5651,0,49208,3,2020,2972.93
659134324062715264,5651,0,49208,4,2020,1589.66
659134324062715264,5651,0,49208,5,2020,2165.12
659134324062715264,5651,0,49208,6,2020,1703.43
659134324062715264,5651,0,49208,7,2020,1212.52
659134324062715264,5651,0,49208,8,2020,2674.61
659134324062715264,5651,0,49208,9,2020,2592.05
659134324062715264,5651,0,49208,10,2020,1442.73
659134324062715264,5651,0,49208,11,2020,4644.76
659134324062715264,5651,0,49208,12,2020,7509.98
660185041243099648,9099,6,95538,1,2020,1254.89
660185041243099648,9099,6,95538,2,2020,-556.84
660185041243099648,9099,6,95538,3,2020,4108.06
660185041243099648,9099,6,95538,4,2020,-536.6
660185041243099648,9099,6,95538,5,2020,-3700.48
660185041243099648,9099,6,95538,6,2020,1680.17
660185041243099648,9099,6,95538,7,2020,6297.24
660185041243099648,9099,6,95538,8,2020,7380.91
660185041243099648,9099,6,95538,9,2020,10013.74
660185041243099648,9099,6,95538,10,2020,7268.72
660185041243099648,9099,6,95538,11,2020,14047.46
660185041243099648,9099,6,95538,12,2020,13498.29
660430009504909696,3756,7,11914,1,2020,90.99
660430009504909696,3756,7,11914,2,2020,3887.27
660430009504909696,3756,7,11914,3,2020,2890.29
660430009504909696,3756,7,11914,4,2020,11547.0
660430009504909696,3756,7,11914,5,2020,9789.47
660430009504909696,3756,7,11914,6,2020,6531.05
660430009504909696,3756,7,11914,7,2020,1213.64
660430009504909696,3756,7,11914,8,2020,2424.9
660430009504909696,3756,7,11914,9,2020,3252.0
660430009504909696,3756,7,11914,10,2020,915.69
660430009504909696,3756,7,11914,11,2020,4115.73
660430009504909696,3756,7,11914,12,2020,4327.04
660477289778632704,4603,7,99520,1,2020,108.4
660477289778632704,4603,7,99520,2,2020,642.82
660477289778632704,4603,7,99520,3,2020,-1871.9
660477289778632704,4603,7,99520,4,2020,-1054.49
660477289778632704,4603,7,99520,5,2020,-208.34
660477289778632704,4603,7,99520,6,2020,-1151.26
660477289778632704,4603,7,99520,7,2020,-1742.59
660477289778632704,4603,7,99520,8,2020,-1171.2
660477289778632704,4603,7,99520,9,2020,-786.19
660477289778632704,4603,7,99520,10,2020,-233.74
660477289778632704,4603,7,99520,11,2020,-233.74
660477289778632704,4603,7,99520,12,2020,1751.15
661110642365853952,7558,2,70406,1,2020,-1016.39
661110642365853952,7558,2,70406,2,2020,-536.29
661110642365853952,7558,2,70406,3,2020,7869.68
661110642365853952,7558,2,70406,4,2020,8527.53
661110642365853952,7558,2,70406,5,2020,3846.55
661110642365853952,7558,2,70406,6,2020,-1957.41
661110642365853952,7558,2,70406,7,2020,1601.64
661110642365853952,7558,2,70406,8,2020,4572.99
661110642365853952,7558,2,70406,9,2020,986.26
661110642365853952,7558,2,70406,10,2020,-3972.15
661110642365853952,7558,2,70406,11,2020,-967.49
661110642365853952,7558,2,70406,12,2020,3485.64
661988884283212544,7718,7,79820,1,2020,-744.85
661988884283212544,7718,7,79820,2,2020,-7940.84
661988884283212544,7718,7,79820,3,2020,9525.71
661988884283212544,7718,7,79820,4,2020,14306.95
661988884283212544,7718,7,79820,5,2020,18805.03
661988884283212544,7718,7,79820,6,2020,21739.01
661988884283212544,7718,7,79820,7,2020,21983.46
661988884283212544,7718,7,79820,8,2020,21651.79
661988884283212544,7718,7,79820,9,2020,19477.14
661988884283212544,7718,7,79820,10,2020,25867.25
661988884283212544,7718,7,79820,11,2020,22973.51
661988884283212544,7718,7,79820,12,2020,21107.71
662267027644877312,1664,2,36582,1,2020,0.0
662267027644877312,1664,2,36582,2,2020,0.0
662267027644877312,1664,2,36582,3,2020,0.0
662267027644877312,1664,2,36582,4,2020,-1899.67
