931345824574781824,9282,7,75577,1,2020,0.0
931345824574781824,9282,7,75577,2,2020,0.0
931345824574781824,9282,7,75577,3,2020,0.0
931345824574781824,9282,7,75577,4,2020,-1446.0
931345824574781824,9282,7,75577,5,2020,-888.18
931345824574781824,9282,7,75577,6,2020,-888.18
931345824574781824,9282,7,75577,7,2020,-1385.53
931345824574781824,9282,7,75577,8,2020,-1385.53
931345824574781824,9282,7,75577,9,2020,-2942.13
931345824574781824,9282,7,75577,10,2020,-2942.13
931345824574781824,9282,7,75577,11,2020,-2925.09
931345824574781824,9282,7,75577,12,2020,-2925.09
931982956664958976,7544,8,80524,1,2020,-1042.2
931982956664958976,7544,8,80524,2,2020,-7430.62
931982956664958976,7544,8,80524,3,2020,-8368.76
931982956664958976,7544,8,80524,4,2020,-10870.9
931982956664958976,7544,8,80524,5,2020,-10252.98
931982956664958976,7544,8,80524,6,2020,-5425.35
931982956664958976,7544,8,80524,7,2020,-4582.96
931982956664958976,7544,8,80524,8,2020,-8376.9
931982956664958976,7544,8,80524,9,2020,-2927.18
931982956664958976,7544,8,80524,10,2020,-2273.27
931982956664958976,7544,8,80524,11,2020,-5849.12
931982956664958976,7544,8,80524,12,2020,-13820.5
934563843065259264,8549,8,66505,1,2020,3517.7
934563843065259264,8549,8,66505,2,2020,455.22
934563843065259264,8549,8,66505,3,2020,-1257.55
934563843065259264,8549,8,66505,4,2020,-407.54
934563843065259264,8549,8,66505,5,2020,949.19
934563843065259264,8549,8,66505,6,2020,-5058.23
934563843065259264,8549,8,66505,7,2020,-6307.04
934563843065259264,8549,8,66505,8,2020,-4612.47
934563843065259264,8549,8,66505,9,2020,-5405.42
934563843065259264,8549,8,66505,10,2020,-9962.73
934563843065259264,8549,8,66505,11,2020,-12875.21
934563843065259264,8549,8,66505,12,2020,-17803.78
936279715235170944,1973,9,82103,1,2020,-5058.05
936279715235170944,1973,9,82103,2,2020,-3284.22
936279715235170944,1973,9,82103,3,2020,-656.14
936279715235170944,1973,9,82103,4,2020,3030.7
936279715235170944,1973,9,82103,5,2020,-113.48
936279715235170944,1973,9,82103,6,2020,2583.21
936279715235170944,1973,9,82103,7,2020,1473.07
936279715235170944,1973,9,82103,8,2020,773.03
936279715235170944,1973,9,82103,9,2020,955.51
936279715235170944,1973,9,82103,10,2020,1479.65
936279715235170944,1973,9,82103,11,2020,-131.27
936279715235170944,1973,9,82103,12,2020,-2983.62
936338353803221760,6444,9,71655,1,2020,5295.73
936338353803221760,6444,9,71655,2,2020,9402.55
936338353803221760,6444,9,71655,3,2020,8359.25
936338353803221760,6444,9,71655,4,2020,9279.83
936338353803221760,6444,9,71655,5,2020,7090.4
936338353803221760,6444,9,71655,6,2020,9536.11
936338353803221760,6444,9,71655,7,2020,7255.84
936338353803221760,6444,9,71655,8,2020,3366.62
936338353803221760,6444,9,71655,9,2020,10723.86
936338353803221760,6444,9,71655,10,2020,6164.48
936338353803221760,6444,9,71655,11,2020,5202.0
936338353803221760,6444,9,71655,12,2020,4618.51
936615659675202944,7385,0,67050,1,2020,-886.41
936615659675202944,7385,0,67050,2,2020,1757.14
936615659675202944,7385,0,67050,3,2020,6163.42
936615659675202944,7385,0,67050,4,2020,4504.44
936615659675202944,7385,0,67050,5,2020,11210.76
936615659675202944,7385,0,67050,6,2020,22210.49
936615659675202944,7385,0,67050,7,2020,16780.32
936615659675202944,7385,0,67050,8,2020,17671.52
936615659675202944,7385,0,67050,9,2020,17718.87
936615659675202944,7385,0,67050,10,2020,19213.97
936615659675202944,7385,0,67050,11,2020,17407.61
936615659675202944,7385,0,67050,12,2020,14199.33
936626657150739072,4487,1,79042,1,2020,-2712.7
936626657150739072,4487,1,79042,2,2020,-9070.29
936626657150739072,4487,1,79042,3,2020,-10390.89
936626657150739072,4487,1,79042,4,2020,-1644.84
936626657150739072,4487,1,79042,5,2020,-4025.47
936626657150739072,4487,1,79042,6,2020,-4496.92
936626657150739072,4487,1,79042,7,2020,-5273.25
936626657150739072,4487,1,79042,8,2020,-9645.64
936626657150739072,4487,1,79042,9,2020,-6619.29
936626657150739072,4487,1,79042,10,2020,-274.97
936626657150739072,4487,1,79042,11,2020,5116.46
936626657150739072,4487,1,79042,12,2020,-2352.17
936883919113072640,7672,9,34613,1,2020,58.27
936883919113072640,7672,9,34613,2,2020,692.16
936883919113072640,7672,9,34613,3,2020,-247.12
936883919113072640,7672,9,34613,4,2020,4776.06
936883919113072640,7672,9,34613,5,2020,4704.56
936883919113072640,7672,9,34613,6,2020,4077.9
936883919113072640,7672,9,34613,7,2020,8983.96
936883919113072640,7672,9,34613,8,2020,9428.84
936883919113072640,7672,9,34613,9,2020,12595.86
936883919113072640,7672,9,34613,10,2020,14020.87
936883919113072640,7672,9,34613,11,2020,13548.17
936883919113072640,7672,9,34613,12,2020,15229.0
938506678720623104,3836,9,43401,1,2020,-768.62
938506678720623104,3836,9,43401,2,2020,4006.76
938506678720623104,3836,9,43401,3,2020,3341.83
938506678720623104,3836,9,43401,4,2020,8002.34
938506678720623104,3836,9,43401,5,2020,5293.42
938506678720623104,3836,9,43401,6,2020,3689.83
938506678720623104,3836,9,43401,7,2020,-75.0
938506678720623104,3836,9,43401,8,2020,1180.33
938506678720623104,3836,9,43401,9,2020,-4838.74
938506678720623104,3836,9,43401,10,2020,827.54
938506678720623104,3836,9,43401,11,2020,2098.93
938506678720623104,3836,9,43401,12,2020,11468.36
938559518834567680,50,4,21439,1,2020,-351.53
938559518834567680,50,4,21439,2,2020,1627.59
938559518834567680,50,4,21439,3,2020,-38.7
938559518834567680,50,4,21439,4,2020,-38.7
938559518834567680,50,4,21439,5,2020,1812.11
938559518834567680,50,4,21439,6,2020,1427.26
938559518834567680,50,4,21439,7,2020,362.11
938559518834567680,50,4,21439,8,2020,795.62
938559518834567680,50,4,21439,9,2020,2737.66
938559518834567680,50,4,21439,10,2020,256.97
938559518834567680,50,4,21439,11,2020,878.85
938559518834567680,50,4,21439,12,2020,2124.85
940325328642454912,4749,8,30414,1,2020,3332.92
940325328642454912,4749,8,30414,2,2020,6570.8
940325328642454912,4749,8,30414,3,2020,8860.27
940325328642454912,4749,8,30414,4,2020,8005.27
940325328642454912,4749,8,30414,5,2020,16389.05
940325328642454912,4749,8,30414,6,2020,8736.27
940325328642454912,4749,8,30414,7,2020,11105.67
940325328642454912,4749,8,30414,8,2020,14881.61
940325328642454912,4749,8,30414,9,2020,13630.96
940325328642454912,4749,8,30414,10,2020,17885.41
940325328642454912,4749,8,30414,11,2020,15394.0
940325328642454912,4749,8,30414,12,2020,10580.22
940459974548197632,7817,0,36721,1,2020,3845.0
940459974548197632,7817,0,36721,2,2020,-4312.57
940459974548197632,7817,0,36721,3,2020,-4583.07
940459974548197632,7817,0,36721,4,2020,-7440.86
940459974548197632,7817,0,36721,5,2020,-9421.1
940459974548197632,7817,0,36721,6,2020,-7650.21
940459974548197632,7817,0,36721,7,2020,-15662.27
940459974548197632,7817,0,36721,8,2020,-19855.88
940459974548197632,7817,0,36721,9,2020,-18288.77
940459974548197632,7817,0,36721,10,2020,-15245.6
940459974548197632,7817,0,36721,11,2020,-18342.46
940459974548197632,7817,0,36721,12,2020,-14233.37
940491575691385728,3024,5,64280,1,2020,-2092.76
940491575691385728,3024,5,64280,2,2020,3336.09
940491575691385728,3024,5,64280,3,2020,1040.2
940491575691385728,3024,5,64280,4,2020,-800.63
940491575691385728,3024,5,64280,5,2020,-4537.2
940491575691385728,3024,5,64280,6,2020,-9459.46
940491575691385728,3024,5,64280,7,2020,-16991.23
940491575691385728,3024,5,64280,8,2020,-16319.93
940491575691385728,3024,5,64280,9,2020,-19528.52
940491575691385728,3024,5,64280,10,2020,-24740.61
940491575691385728,3024,5,64280,11,2020,-25206.69
940491575691385728,3024,5,64280,12,2020,-27616.95
940584506958261760,4266,0,2011,1,2020,13175.1
940584506958261760,4266,0,2011,2,2020,16871.2
940584506958261760,4266,0,2011,3,2020,16655.81
940584506958261760,4266,0,2011,4,2020,9747.56
940584506958261760,4266,0,2011,5,2020,8752.48
940584506958261760,4266,0,2011,6,2020,18029.42
940584506958261760,4266,0,2011,7,2020,30713.32
940584506958261760,4266,0,2011,8,2020,26255.16
940584506958261760,4266,0,2011,9,2020,24958.81
940584506958261760,4266,0,2011,10,2020,24637.8
940584506958261760,4266,0,2011,11,2020,23908.62
940584506958261760,4266,0,2011,12,2020,32666.61
942492472658605568,7995,7,58198,1,2020,4405.42
942492472658605568,7995,7,58198,2,2020,9282.57
942492472658605568,7995,7,58198,3,2020,16320.25
942492472658605568,7995,7,58198,4,2020,12931.48
942492472658605568,7995,7,58198,5,2020,13969.59
942492472658605568,7995,7,58198,6,2020,14879.03
942492472658605568,7995,7,58198,7,2020,10379.44
942492472658605568,7995,7,58198,8,2020,6171.61
942492472658605568,7995,7,58198,9,2020,2119.52
942492472658605568,7995,7,58198,10,2020,8787.23
942492472658605568,7995,7,58198,11,2020,15474.79
942492472658605568,7995,7,58198,12,2020,11535.02
942804929525905664,7906,0,36447,1,2020,-7631.93
942804929525905664,7906,0,36447,2,2020,-4996.25
942804929525905664,7906,0,36447,3,2020,-4249.92
942804929525905664,7906,0,36447,4,2020,-7523.9
942804929525905664,7906,0,36447,5,2020,-9316.12
942804929525905664,7906,0,36447,6,2020,-9560.75
942804929525905664,7906,0,36447,7,2020,-2395.62
942804929525905664,7906,0,36447,8,2020,-7114.29
942804929525905664,7906,0,36447,9,2020,-7496.46
942804929525905664,7906,0,36447,10,2020,-5814.61
942804929525905664,7906,0,36447,11,2020,-2658.31
942804929525905664,7906,0,36447,12,2020,-3741.53
942891636501228288,2909,4,11102,1,2020,2823.75
942891636501228288,2909,4,11102,2,2020,992.27
942891636501228288,2909,4,11102,3,2020,2059.49
942891636501228288,2909,4,11102,4,2020,1539.21
942891636501228288,2909,4,11102,5,2020,-0.49
942891636501228288,2909,4,11102,6,2020,825.83
942891636501228288,2909,4,11102,7,2020,-3300.92
942891636501228288,2909,4,11102,8,2020,-4321.44
942891636501228288,2909,4,11102,9,2020,-7615.88
942891636501228288,2909,4,11102,10,2020,-9282.56
942891636501228288,2909,4,11102,11,2020,-10911.05
942891636501228288,2909,4,11102,12,2020,-8591.99
942983680103115008,6614,6,13360,1,2020,-635.34
942983680103115008,6614,6,13360,2,2020,-1002.13
942983680103115008,6614,6,13360,3,2020,889.78
942983680103115008,6614,6,13360,4,2020,-1.69
942983680103115008,6614,6,13360,5,2020,-2402.04
942983680103115008,6614,6,13360,6,2020,-3225.4
942983680103115008,6614,6,13360,7,2020,-3108.2
942983680103115008,6614,6,13360,8,2020,340.57
942983680103115008,6614,6,13360,9,2020,-1927.84
942983680103115008,6614,6,13360,10,2020,-3365.63
942983680103115008,6614,6,13360,11,2020,-7620.07
942983680103115008,6614,6,13360,12,2020,-5778.78
94380364718482864,4867,3,39608,1,2020,675.03
94380364718482864,4867,3,39608,2,2020,-1706.1
94380364718482864,4867,3,39608,3,2020,1138.5
94380364718482864,4867,3,39608,4,2020,4582.94
94380364718482864,4867,3,39608,5,2020,7037.48
94380364718482864,4867,3,39608,6,2020,15130.03
94380364718482864,4867,3,39608,7,2020,21773.86
94380364718482864,4867,3,39608,8,2020,18596.96
94380364718482864,4867,3,39608,9,2020,30020.96
94380364718482864,4867,3,39608,10,2020,28443.71
94380364718482864,4867,3,39608,11,2020,29709.05
94380364718482864,4867,3,39608,12,2020,27393.18
944591087401571968,8151,8,33539,1,2020,2578.07
944591087401571968,8151,8,33539,2,2020,1466.96
944591087401571968,8151,8,33539,3,2020,6225.36
944591087401571968,8151,8,33539,4,2020,10057.29
944591087401571968,8151,8,33539,5,2020,9155.76
944591087401571968,8151,8,33539,6,2020,13362.94
944591087401571968,8151,8,33539,7,2020,13574.72
944591087401571968,8151,8,33539,8,2020,7622.84
944591087401571968,8151,8,33539,9,2020,16434.23
