520469234068772928,4619,4,75531,10,2020,16581.75
520469234068772928,4619,4,75531,11,2020,14747.52
520469234068772928,4619,4,75531,12,2020,16433.59
522127749674748928,9414,7,18407,1,2020,-1953.49
522127749674748928,9414,7,18407,2,2020,-5512.01
522127749674748928,9414,7,18407,3,2020,-7345.97
522127749674748928,9414,7,18407,4,2020,-11423.13
522127749674748928,9414,7,18407,5,2020,-7886.49
522127749674748928,9414,7,18407,6,2020,-10308.17
522127749674748928,9414,7,18407,7,2020,-10308.17
522127749674748928,9414,7,18407,8,2020,-10957.72
522127749674748928,9414,7,18407,9,2020,-17956.49
522127749674748928,9414,7,18407,10,2020,-14660.99
522127749674748928,9414,7,18407,11,2020,-15360.3
522127749674748928,9414,7,18407,12,2020,-10917.72
523565090658612800,5831,4,36048,1,2020,268.63
523565090658612800,5831,4,36048,2,2020,-6272.93
523565090658612800,5831,4,36048,3,2020,-8414.1
523565090658612800,5831,4,36048,4,2020,-4679.04
523565090658612800,5831,4,36048,5,2020,-8744.26
523565090658612800,5831,4,36048,6,2020,-9859.25
523565090658612800,5831,4,36048,7,2020,-5392.63
523565090658612800,5831,4,36048,8,2020,-4196.69
523565090658612800,5831,4,36048,9,2020,-7506.27
523565090658612800,5831,4,36048,10,2020,-3656.63
523565090658612800,5831,4,36048,11,2020,-6569.07
523565090658612800,5831,4,36048,12,2020,-8459.16
523746572221879360,8756,5,45594,1,2020,-2453.41
523746572221879360,8756,5,45594,2,2020,906.58
523746572221879360,8756,5,45594,3,2020,-3435.11
523746572221879360,8756,5,45594,4,2020,-3553.47
523746572221879360,8756,5,45594,5,2020,-10989.29
523746572221879360,8756,5,45594,6,2020,-10726.25
523746572221879360,8756,5,45594,7,2020,-7932.96
523746572221879360,8756,5,45594,8,2020,-11663.63
523746572221879360,8756,5,45594,9,2020,-11728.1
523746572221879360,8756,5,45594,10,2020,-6761.93
523746572221879360,8756,5,45594,11,2020,-2298.39
523746572221879360,8756,5,45594,12,2020,-10652.27
524012769305319680,4241,0,41862,1,2020,2901.37
524012769305319680,4241,0,41862,2,2020,2154.38
524012769305319680,4241,0,41862,3,2020,3136.02
524012769305319680,4241,0,41862,4,2020,2696.09
524012769305319680,4241,0,41862,5,2020,8067.1
524012769305319680,4241,0,41862,6,2020,4057.33
524012769305319680,4241,0,41862,7,2020,890.39
524012769305319680,4241,0,41862,8,2020,-700.38
524012769305319680,4241,0,41862,9,2020,-2891.83
524012769305319680,4241,0,41862,10,2020,-5968.93
524012769305319680,4241,0,41862,11,2020,-7717.97
524012769305319680,4241,0,41862,12,2020,-8961.41
524158651130532608,539,3,23492,1,2020,253.8
524158651130532608,539,3,23492,2,2020,4060.72
524158651130532608,539,3,23492,3,2020,1211.29
524158651130532608,539,3,23492,4,2020,-3724.23
524158651130532608,539,3,23492,5,2020,-198.24
524158651130532608,539,3,23492,6,2020,4422.64
524158651130532608,539,3,23492,7,2020,6142.19
524158651130532608,539,3,23492,8,2020,9937.26
524158651130532608,539,3,23492,9,2020,9123.89
524158651130532608,539,3,23492,10,2020,12619.16
524158651130532608,539,3,23492,11,2020,16185.11
524158651130532608,539,3,23492,12,2020,12593.86
524668001368069696,8482,1,84807,1,2020,3174.83
524668001368069696,8482,1,84807,2,2020,5946.44
524668001368069696,8482,1,84807,3,2020,7932.31
524668001368069696,8482,1,84807,4,2020,12347.5
524668001368069696,8482,1,84807,5,2020,8960.25
524668001368069696,8482,1,84807,6,2020,9821.14
524668001368069696,8482,1,84807,7,2020,7278.95
524668001368069696,8482,1,84807,8,2020,7724.07
524668001368069696,8482,1,84807,9,2020,9598.42
524668001368069696,8482,1,84807,10,2020,9455.62
524668001368069696,8482,1,84807,11,2020,5177.26
524668001368069696,8482,1,84807,12,2020,-4960.48
525135461365961280,3443,4,3863,1,2020,1243.29
525135461365961280,3443,4,3863,2,2020,1358.87
525135461365961280,3443,4,3863,3,2020,-1485.0
525135461365961280,3443,4,3863,4,2020,-1059.76
525135461365961280,3443,4,3863,5,2020,76.66
525135461365961280,3443,4,3863,6,2020,-14.43
525135461365961280,3443,4,3863,7,2020,-1331.08
525135461365961280,3443,4,3863,8,2020,-128.16
525135461365961280,3443,4,3863,9,2020,-1615.73
525135461365961280,3443,4,3863,10,2020,2807.32
525135461365961280,3443,4,3863,11,2020,3941.44
525135461365961280,3443,4,3863,12,2020,3327.31
526034664785966912,6688,8,89170,1,2020,4742.79
526034664785966912,6688,8,89170,2,2020,5587.0
526034664785966912,6688,8,89170,3,2020,4065.35
526034664785966912,6688,8,89170,4,2020,6561.35
526034664785966912,6688,8,89170,5,2020,3183.39
526034664785966912,6688,8,89170,6,2020,10937.87
526034664785966912,6688,8,89170,7,2020,12244.0
526034664785966912,6688,8,89170,8,2020,11630.2
526034664785966912,6688,8,89170,9,2020,12062.62
526034664785966912,6688,8,89170,10,2020,8191.43
526034664785966912,6688,8,89170,11,2020,8701.36
526034664785966912,6688,8,89170,12,2020,8526.52
526589291777107520,6976,4,96627,1,2020,3048.73
526589291777107520,6976,4,96627,2,2020,5520.89
526589291777107520,6976,4,96627,3,2020,4156.41
526589291777107520,6976,4,96627,4,2020,4156.41
526589291777107520,6976,4,96627,5,2020,3988.17
526589291777107520,6976,4,96627,6,2020,4036.41
526589291777107520,6976,4,96627,7,2020,4474.62
526589291777107520,6976,4,96627,8,2020,5851.86
526589291777107520,6976,4,96627,9,2020,8937.46
526589291777107520,6976,4,96627,10,2020,10156.66
526589291777107520,6976,4,96627,11,2020,9758.55
526589291777107520,6976,4,96627,12,2020,10334.26
526635455802388864,6285,0,63577,1,2020,124.6
526635455802388864,6285,0,63577,2,2020,2363.85
526635455802388864,6285,0,63577,3,2020,5829.15
526635455802388864,6285,0,63577,4,2020,8714.0
526635455802388864,6285,0,63577,5,2020,5232.07
526635455802388864,6285,0,63577,6,2020,13676.96
526635455802388864,6285,0,63577,7,2020,17315.85
526635455802388864,6285,0,63577,8,2020,16160.2
526635455802388864,6285,0,63577,9,2020,14746.44
526635455802388864,6285,0,63577,10,2020,14527.1
526635455802388864,6285,0,63577,11,2020,13215.77
526635455802388864,6285,0,63577,12,2020,15711.03
527035049282656064,2888,2,90454,1,2020,-3830.41
527035049282656064,2888,2,90454,2,2020,-1458.86
527035049282656064,2888,2,90454,3,2020,-312.75
527035049282656064,2888,2,90454,4,2020,-2555.51
527035049282656064,2888,2,90454,5,2020,-499.71
527035049282656064,2888,2,90454,6,2020,1243.27
527035049282656064,2888,2,90454,7,2020,-3839.33
527035049282656064,2888,2,90454,8,2020,-5871.23
527035049282656064,2888,2,90454,9,2020,-10887.23
527035049282656064,2888,2,90454,10,2020,-13546.74
527035049282656064,2888,2,90454,11,2020,-6666.24
527035049282656064,2888,2,90454,12,2020,-8921.34
528537702869016256,4485,1,29900,1,2020,3263.08
528537702869016256,4485,1,29900,2,2020,2714.96
528537702869016256,4485,1,29900,3,2020,2080.84
528537702869016256,4485,1,29900,4,2020,4992.67
528537702869016256,4485,1,29900,5,2020,7016.12
528537702869016256,4485,1,29900,6,2020,2044.6
528537702869016256,4485,1,29900,7,2020,-3987.89
528537702869016256,4485,1,29900,8,2020,-7127.41
528537702869016256,4485,1,29900,9,2020,-3559.61
528537702869016256,4485,1,29900,10,2020,-3045.32
528537702869016256,4485,1,29900,11,2020,-220.21
528537702869016256,4485,1,29900,12,2020,3490.43
530850461994106496,3755,0,38272,1,2020,-10171.1
530850461994106496,3755,0,38272,2,2020,-14984.98
530850461994106496,3755,0,38272,3,2020,-9364.35
530850461994106496,3755,0,38272,4,2020,-2028.01
530850461994106496,3755,0,38272,5,2020,7579.66
530850461994106496,3755,0,38272,6,2020,8694.74
530850461994106496,3755,0,38272,7,2020,8378.05
530850461994106496,3755,0,38272,8,2020,7775.98
530850461994106496,3755,0,38272,9,2020,6569.69
530850461994106496,3755,0,38272,10,2020,12022.02
530850461994106496,3755,0,38272,11,2020,16858.85
530850461994106496,3755,0,38272,12,2020,17208.26
532651509225740672,2863,4,12115,1,2020,-1563.86
532651509225740672,2863,4,12115,2,2020,-4209.2
532651509225740672,2863,4,12115,3,2020,-4509.27
532651509225740672,2863,4,12115,4,2020,-5727.47
532651509225740672,2863,4,12115,5,2020,-9429.66
532651509225740672,2863,4,12115,6,2020,-5185.85
532651509225740672,2863,4,12115,7,2020,-4738.64
532651509225740672,2863,4,12115,8,2020,-5908.74
532651509225740672,2863,4,12115,9,2020,-6131.52
532651509225740672,2863,4,12115,10,2020,-6905.67
532651509225740672,2863,4,12115,11,2020,-8374.27
532651509225740672,2863,4,12115,12,2020,-8353.89
532727482664064192,4127,6,51876,1,2020,-3042.23
532727482664064192,4127,6,51876,2,2020,-2315.03
532727482664064192,4127,6,51876,3,2020,173.93
532727482664064192,4127,6,51876,4,2020,-2536.76
532727482664064192,4127,6,51876,5,2020,-4168.31
532727482664064192,4127,6,51876,6,2020,-4327.98
532727482664064192,4127,6,51876,7,2020,-4098.29
532727482664064192,4127,6,51876,8,2020,-6106.73
532727482664064192,4127,6,51876,9,2020,-6615.98
532727482664064192,4127,6,51876,10,2020,-8138.67
532727482664064192,4127,6,51876,11,2020,-5013.98
532727482664064192,4127,6,51876,12,2020,-1360.97
534452015751000640,6548,4,40147,1,2020,-8426.15
534452015751000640,6548,4,40147,2,2020,-11365.55
534452015751000640,6548,4,40147,3,2020,-10108.82
534452015751000640,6548,4,40147,4,2020,-13997.46
534452015751000640,6548,4,40147,5,2020,-21546.7
534452015751000640,6548,4,40147,6,2020,-17015.84
534452015751000640,6548,4,40147,7,2020,-10842.94
534452015751000640,6548,4,40147,8,2020,-12153.58
534452015751000640,6548,4,40147,9,2020,-15272.46
534452015751000640,6548,4,40147,10,2020,-18245.78
534452015751000640,6548,4,40147,11,2020,-15724.97
534452015751000640,6548,4,40147,12,2020,-12370.81
534977583101047744,6422,5,19578,1,2020,-3.76
534977583101047744,6422,5,19578,2,2020,-3114.03
534977583101047744,6422,5,19578,3,2020,298.9
534977583101047744,6422,5,19578,4,2020,-2370.23
534977583101047744,6422,5,19578,5,2020,-1526.11
534977583101047744,6422,5,19578,6,2020,244.74
534977583101047744,6422,5,19578,7,2020,-7374.71
534977583101047744,6422,5,19578,8,2020,-631.43
534977583101047744,6422,5,19578,9,2020,1004.28
534977583101047744,6422,5,19578,10,2020,6193.71
534977583101047744,6422,5,19578,11,2020,6327.21
534977583101047744,6422,5,19578,12,2020,15072.17
537186534353290240,618,4,36546,1,2020,1525.29
537186534353290240,618,4,36546,2,2020,313.35
537186534353290240,618,4,36546,3,2020,-284.79
537186534353290240,618,4,36546,4,2020,-2158.06
537186534353290240,618,4,36546,5,2020,-1644.82
537186534353290240,618,4,36546,6,2020,-480.91
537186534353290240,618,4,36546,7,2020,-841.55
537186534353290240,618,4,36546,8,2020,556.81
537186534353290240,618,4,36546,9,2020,92.48
537186534353290240,618,4,36546,10,2020,2605.35
537186534353290240,618,4,36546,11,2020,5235.26
537186534353290240,618,4,36546,12,2020,5235.26
537628398804455168,1183,3,46005,1,2020,-1019.27
537628398804455168,1183,3,46005,2,2020,-5220.24
537628398804455168,1183,3,46005,3,2020,-10622.13
537628398804455168,1183,3,46005,4,2020,-4540.41
537628398804455168,1183,3,46005,5,2020,-4857.6
537628398804455168,1183,3,46005,6,2020,1554.25
537628398804455168,1183,3,46005,7,2020,6.46
537628398804455168,1183,3,46005,8,2020,-313.18
537628398804455168,1183,3,46005,9,2020,6676.68
537628398804455168,1183,3,46005,10,2020,13819.39
537628398804455168,1183,3,46005,11,2020,18074.94
537628398804455168,1183,3,46005,12,2020,18491.88
538277553418866048,2958,0,28078,1,2020,-1451.43
538277553418866048,2958,0,28078,2,2020,-711.45
538277553418866048,2958,0,28078,3,2020,4064.89
538277553418866048,2958,0,28078,4,2020,4054.07
