2443537054824091136,7476,4,7212,9,2020,-8120.26
2443537054824091136,7476,4,7212,10,2020,-12847.52
2443537054824091136,7476,4,7212,11,2020,-21848.93
2443537054824091136,7476,4,7212,12,2020,-21267.63
2443864586893059584,7674,9,96659,1,2020,-2109.56
2443864586893059584,7674,9,96659,2,2020,811.77
2443864586893059584,7674,9,96659,3,2020,-4930.27
2443864586893059584,7674,9,96659,4,2020,-8192.66
2443864586893059584,7674,9,96659,5,2020,-9547.12
2443864586893059584,7674,9,96659,6,2020,-8338.86
2443864586893059584,7674,9,96659,7,2020,-12015.95
2443864586893059584,7674,9,96659,8,2020,-11494.24
2443864586893059584,7674,9,96659,9,2020,-11720.31
2443864586893059584,7674,9,96659,10,2020,-8286.4
2443864586893059584,7674,9,96659,11,2020,-11591.16
2443864586893059584,7674,9,96659,12,2020,-14404.62
244418242287710496,9088,6,85431,1,2020,2087.85
244418242287710496,9088,6,85431,2,2020,480.87
244418242287710496,9088,6,85431,3,2020,-430.85
244418242287710496,9088,6,85431,4,2020,-1421.31
244418242287710496,9088,6,85431,5,2020,-966.26
244418242287710496,9088,6,85431,6,2020,-284.79
244418242287710496,9088,6,85431,7,2020,-3247.5
244418242287710496,9088,6,85431,8,2020,-3675.2
244418242287710496,9088,6,85431,9,2020,-4488.86
244418242287710496,9088,6,85431,10,2020,-2672.03
244418242287710496,9088,6,85431,11,2020,-4298.11
244418242287710496,9088,6,85431,12,2020,-9690.4
2444429128914176512,9070,6,85144,1,2020,7407.37
2444429128914176512,9070,6,85144,2,2020,7052.11
2444429128914176512,9070,6,85144,3,2020,2399.85
2444429128914176512,9070,6,85144,4,2020,83.9
2444429128914176512,9070,6,85144,5,2020,-3804.16
2444429128914176512,9070,6,85144,6,2020,-3897.24
2444429128914176512,9070,6,85144,7,2020,-5923.55
2444429128914176512,9070,6,85144,8,2020,-5835.96
2444429128914176512,9070,6,85144,9,2020,-6438.61
2444429128914176512,9070,6,85144,10,2020,-7315.11
2444429128914176512,9070,6,85144,11,2020,-8149.15
2444429128914176512,9070,6,85144,12,2020,-7913.87
2445753135704350208,9250,2,44362,1,2020,4497.94
2445753135704350208,9250,2,44362,2,2020,9400.41
2445753135704350208,9250,2,44362,3,2020,10129.53
2445753135704350208,9250,2,44362,4,2020,13741.48
2445753135704350208,9250,2,44362,5,2020,15558.14
2445753135704350208,9250,2,44362,6,2020,12446.44
2445753135704350208,9250,2,44362,7,2020,8011.99
2445753135704350208,9250,2,44362,8,2020,9984.62
2445753135704350208,9250,2,44362,9,2020,13019.89
2445753135704350208,9250,2,44362,10,2020,17594.97
2445753135704350208,9250,2,44362,11,2020,13112.15
2445753135704350208,9250,2,44362,12,2020,16805.05
2446071462309766656,6963,9,75344,1,2020,1929.29
2446071462309766656,6963,9,75344,2,2020,-995.25
2446071462309766656,6963,9,75344,3,2020,-6683.04
2446071462309766656,6963,9,75344,4,2020,-4243.61
2446071462309766656,6963,9,75344,5,2020,-590.92
2446071462309766656,6963,9,75344,6,2020,-1349.46
2446071462309766656,6963,9,75344,7,2020,-3691.66
2446071462309766656,6963,9,75344,8,2020,7638.02
2446071462309766656,6963,9,75344,9,2020,1390.24
2446071462309766656,6963,9,75344,10,2020,4793.03
2446071462309766656,6963,9,75344,11,2020,10778.12
2446071462309766656,6963,9,75344,12,2020,14729.22
2447240902433615872,8201,9,48193,1,2020,-994.4
2447240902433615872,8201,9,48193,2,2020,-6236.65
2447240902433615872,8201,9,48193,3,2020,2367.3
2447240902433615872,8201,9,48193,4,2020,4013.88
2447240902433615872,8201,9,48193,5,2020,5117.09
2447240902433615872,8201,9,48193,6,2020,3525.06
2447240902433615872,8201,9,48193,7,2020,995.27
2447240902433615872,8201,9,48193,8,2020,5025.65
2447240902433615872,8201,9,48193,9,2020,-4107.16
2447240902433615872,8201,9,48193,10,2020,-6500.61
2447240902433615872,8201,9,48193,11,2020,-8885.03
2447240902433615872,8201,9,48193,12,2020,-13421.34
2448216857522249216,7736,4,87727,1,2020,-8248.75
2448216857522249216,7736,4,87727,2,2020,-6574.37
2448216857522249216,7736,4,87727,3,2020,-8155.42
2448216857522249216,7736,4,87727,4,2020,-9907.0
2448216857522249216,7736,4,87727,5,2020,-13345.26
2448216857522249216,7736,4,87727,6,2020,-12132.09
2448216857522249216,7736,4,87727,7,2020,-6605.83
2448216857522249216,7736,4,87727,8,2020,-8837.45
2448216857522249216,7736,4,87727,9,2020,-2867.67
2448216857522249216,7736,4,87727,10,2020,-7330.89
2448216857522249216,7736,4,87727,11,2020,-11055.59
2448216857522249216,7736,4,87727,12,2020,-9227.58
2448617330691642880,4158,2,74681,1,2020,906.71
2448617330691642880,4158,2,74681,2,2020,3603.51
2448617330691642880,4158,2,74681,3,2020,3222.77
2448617330691642880,4158,2,74681,4,2020,5432.06
2448617330691642880,4158,2,74681,5,2020,5432.06
2448617330691642880,4158,2,74681,6,2020,1632.04
2448617330691642880,4158,2,74681,7,2020,1557.21
2448617330691642880,4158,2,74681,8,2020,3003.24
2448617330691642880,4158,2,74681,9,2020,2588.56
2448617330691642880,4158,2,74681,10,2020,2473.5
2448617330691642880,4158,2,74681,11,2020,2176.25
2448617330691642880,4158,2,74681,12,2020,-567.2
2449631801509896704,9754,4,1860,1,2020,2899.15
2449631801509896704,9754,4,1860,2,2020,97.59
2449631801509896704,9754,4,1860,3,2020,-2524.65
2449631801509896704,9754,4,1860,4,2020,-4018.25
2449631801509896704,9754,4,1860,5,2020,-4437.74
2449631801509896704,9754,4,1860,6,2020,-1878.65
2449631801509896704,9754,4,1860,7,2020,603.81
2449631801509896704,9754,4,1860,8,2020,4979.36
2449631801509896704,9754,4,1860,9,2020,8458.8
2449631801509896704,9754,4,1860,10,2020,7792.66
2449631801509896704,9754,4,1860,11,2020,10933.17
2449631801509896704,9754,4,1860,12,2020,12452.48
2449964319529063936,554,0,25239,1,2020,1672.04
2449964319529063936,554,0,25239,2,2020,599.97
2449964319529063936,554,0,25239,3,2020,-7400.15
2449964319529063936,554,0,25239,4,2020,-6988.98
2449964319529063936,554,0,25239,5,2020,-4019.78
2449964319529063936,554,0,25239,6,2020,-9846.25
2449964319529063936,554,0,25239,7,2020,-8683.96
2449964319529063936,554,0,25239,8,2020,-10206.89
2449964319529063936,554,0,25239,9,2020,-4029.86
2449964319529063936,554,0,25239,10,2020,-2848.59
2449964319529063936,554,0,25239,11,2020,-6738.26
2449964319529063936,554,0,25239,12,2020,-11850.7
2451573179479930368,3909,4,86871,1,2020,2613.64
2451573179479930368,3909,4,86871,2,2020,3195.56
2451573179479930368,3909,4,86871,3,2020,6584.02
2451573179479930368,3909,4,86871,4,2020,10613.18
2451573179479930368,3909,4,86871,5,2020,7031.46
2451573179479930368,3909,4,86871,6,2020,7821.53
2451573179479930368,3909,4,86871,7,2020,12183.57
2451573179479930368,3909,4,86871,8,2020,15936.07
2451573179479930368,3909,4,86871,9,2020,18510.86
2451573179479930368,3909,4,86871,10,2020,23357.78
2451573179479930368,3909,4,86871,11,2020,25282.73
2451573179479930368,3909,4,86871,12,2020,17372.5
2452542950164127744,7056,5,19672,1,2020,253.16
2452542950164127744,7056,5,19672,2,2020,-367.82
2452542950164127744,7056,5,19672,3,2020,2681.24
2452542950164127744,7056,5,19672,4,2020,3598.7
2452542950164127744,7056,5,19672,5,2020,8606.95
2452542950164127744,7056,5,19672,6,2020,6153.85
2452542950164127744,7056,5,19672,7,2020,3702.62
2452542950164127744,7056,5,19672,8,2020,2039.86
2452542950164127744,7056,5,19672,9,2020,-353.03
2452542950164127744,7056,5,19672,10,2020,-4189.44
2452542950164127744,7056,5,19672,11,2020,-1137.04
2452542950164127744,7056,5,19672,12,2020,-2803.75
2453721962201389568,8070,1,44267,1,2020,-1689.76
2453721962201389568,8070,1,44267,2,2020,-3301.07
2453721962201389568,8070,1,44267,3,2020,-8668.6
2453721962201389568,8070,1,44267,4,2020,-10786.05
2453721962201389568,8070,1,44267,5,2020,-8528.87
2453721962201389568,8070,1,44267,6,2020,-14815.47
2453721962201389568,8070,1,44267,7,2020,-20842.82
2453721962201389568,8070,1,44267,8,2020,-22915.35
2453721962201389568,8070,1,44267,9,2020,-20658.04
2453721962201389568,8070,1,44267,10,2020,-22073.78
2453721962201389568,8070,1,44267,11,2020,-17448.85
2453721962201389568,8070,1,44267,12,2020,-14808.18
2455754279210200576,1554,3,55976,1,2020,1128.93
2455754279210200576,1554,3,55976,2,2020,1431.09
2455754279210200576,1554,3,55976,3,2020,-2753.0
2455754279210200576,1554,3,55976,4,2020,-4613.25
2455754279210200576,1554,3,55976,5,2020,-1826.55
2455754279210200576,1554,3,55976,6,2020,-2666.29
2455754279210200576,1554,3,55976,7,2020,2532.72
2455754279210200576,1554,3,55976,8,2020,1828.66
2455754279210200576,1554,3,55976,9,2020,1122.25
2455754279210200576,1554,3,55976,10,2020,1386.73
2455754279210200576,1554,3,55976,11,2020,966.41
2455754279210200576,1554,3,55976,12,2020,2472.95
2456179963177216512,9024,4,93451,1,2020,-1371.58
2456179963177216512,9024,4,93451,2,2020,-1125.54
2456179963177216512,9024,4,93451,3,2020,6917.42
2456179963177216512,9024,4,93451,4,2020,12168.61
2456179963177216512,9024,4,93451,5,2020,10990.55
2456179963177216512,9024,4,93451,6,2020,11477.48
2456179963177216512,9024,4,93451,7,2020,10165.3
2456179963177216512,9024,4,93451,8,2020,11972.74
2456179963177216512,9024,4,93451,9,2020,11665.68
2456179963177216512,9024,4,93451,10,2020,17349.53
2456179963177216512,9024,4,93451,11,2020,20565.85
2456179963177216512,9024,4,93451,12,2020,18798.83
2458189260299062784,1803,1,8331,1,2020,1783.36
2458189260299062784,1803,1,8331,2,2020,-4515.36
2458189260299062784,1803,1,8331,3,2020,-8554.68
2458189260299062784,1803,1,8331,4,2020,-13654.68
2458189260299062784,1803,1,8331,5,2020,-16628.78
2458189260299062784,1803,1,8331,6,2020,-8857.88
2458189260299062784,1803,1,8331,7,2020,-16461.96
2458189260299062784,1803,1,8331,8,2020,-17175.18
2458189260299062784,1803,1,8331,9,2020,-23725.53
2458189260299062784,1803,1,8331,10,2020,-23755.52
2458189260299062784,1803,1,8331,11,2020,-22332.7
2458189260299062784,1803,1,8331,12,2020,-18859.59
2458398993874955264,2867,4,61557,1,2020,-4967.34
2458398993874955264,2867,4,61557,2,2020,-3987.81
2458398993874955264,2867,4,61557,3,2020,-3605.2
2458398993874955264,2867,4,61557,4,2020,-3462.17
2458398993874955264,2867,4,61557,5,2020,-4486.31
2458398993874955264,2867,4,61557,6,2020,-4004.63
2458398993874955264,2867,4,61557,7,2020,-4345.46
2458398993874955264,2867,4,61557,8,2020,-2508.41
2458398993874955264,2867,4,61557,9,2020,564.88
2458398993874955264,2867,4,61557,10,2020,870.59
2458398993874955264,2867,4,61557,11,2020,-880.5
2458398993874955264,2867,4,61557,12,2020,927.96
2459312784770413568,6306,1,63503,1,2020,-5033.65
2459312784770413568,6306,1,63503,2,2020,-6391.0
2459312784770413568,6306,1,63503,3,2020,-9413.27
2459312784770413568,6306,1,63503,4,2020,-12623.32
2459312784770413568,6306,1,63503,5,2020,-16530.54
2459312784770413568,6306,1,63503,6,2020,-19641.1
2459312784770413568,6306,1,63503,7,2020,-14956.37
2459312784770413568,6306,1,63503,8,2020,-12056.75
2459312784770413568,6306,1,63503,9,2020,-16518.27
2459312784770413568,6306,1,63503,10,2020,-11989.19
2459312784770413568,6306,1,63503,11,2020,-12144.56
2459312784770413568,6306,1,63503,12,2020,-15059.82
2460081654671506944,7536,6,89597,1,2020,822.03
2460081654671506944,7536,6,89597,2,2020,-2385.18
2460081654671506944,7536,6,89597,3,2020,-9495.12
2460081654671506944,7536,6,89597,4,2020,-11214.79
2460081654671506944,7536,6,89597,5,2020,-5912.62
2460081654671506944,7536,6,89597,6,2020,-1124.18
2460081654671506944,7536,6,89597,7,2020,7867.24
2460081654671506944,7536,6,89597,8,2020,11935.22
2460081654671506944,7536,6,89597,9,2020,12043.83
2460081654671506944,7536,6,89597,10,2020,14206.07
2460081654671506944,7536,6,89597,11,2020,24277.36
2460081654671506944,7536,6,89597,12,2020,28509.79
2460237543256058880,2724,7,64860,1,2020,659.86
2460237543256058880,2724,7,64860,2,2020,3398.49
2460237543256058880,2724,7,64860,3,2020,3286.26
2460237543256058880,2724,7,64860,4,2020,-110.58
2460237543256058880,2724,7,64860,5,2020,-4885.66
2460237543256058880,2724,7,64860,6,2020,-8928.08
2460237543256058880,2724,7,64860,7,2020,-6404.25
2460237543256058880,2724,7,64860,8,2020,-10475.17
2460237543256058880,2724,7,64860,9,2020,-14119.94
2460237543256058880,2724,7,64860,10,2020,-13057.59
2460237543256058880,2724,7,64860,11,2020,-13467.84
