3396831123317009408,2421,4,17,8,2020,-12055.59
3396831123317009408,2421,4,17,9,2020,-12863.78
3396831123317009408,2421,4,17,10,2020,-14929.46
3396831123317009408,2421,4,17,11,2020,-11745.7
3396831123317009408,2421,4,17,12,2020,-10600.57
3398938011292177408,2930,0,7154,1,2020,5191.43
3398938011292177408,2930,0,7154,2,2020,671.14
3398938011292177408,2930,0,7154,3,2020,7034.39
3398938011292177408,2930,0,7154,4,2020,7780.95
3398938011292177408,2930,0,7154,5,2020,8792.42
3398938011292177408,2930,0,7154,6,2020,7925.99
3398938011292177408,2930,0,7154,7,2020,11522.19
3398938011292177408,2930,0,7154,8,2020,17279.21
3398938011292177408,2930,0,7154,9,2020,17435.63
3398938011292177408,2930,0,7154,10,2020,14882.83
3398938011292177408,2930,0,7154,11,2020,10972.57
3398938011292177408,2930,0,7154,12,2020,13748.56
3399289871416729600,5760,6,57170,1,2020,-5377.41
3399289871416729600,5760,6,57170,2,2020,-12456.06
3399289871416729600,5760,6,57170,3,2020,-8690.41
3399289871416729600,5760,6,57170,4,2020,-6161.97
3399289871416729600,5760,6,57170,5,2020,-6831.31
3399289871416729600,5760,6,57170,6,2020,-8917.86
3399289871416729600,5760,6,57170,7,2020,-8609.89
3399289871416729600,5760,6,57170,8,2020,-12285.23
3399289871416729600,5760,6,57170,9,2020,-8751.38
3399289871416729600,5760,6,57170,10,2020,-7779.33
3399289871416729600,5760,6,57170,11,2020,2709.53
3399289871416729600,5760,6,57170,12,2020,1105.64
3399600764927357440,3093,9,20665,1,2020,-513.8
3399600764927357440,3093,9,20665,2,2020,-1318.99
3399600764927357440,3093,9,20665,3,2020,-4341.95
3399600764927357440,3093,9,20665,4,2020,-4341.95
3399600764927357440,3093,9,20665,5,2020,-3982.54
3399600764927357440,3093,9,20665,6,2020,-3982.54
3399600764927357440,3093,9,20665,7,2020,-1661.79
3399600764927357440,3093,9,20665,8,2020,-2218.81
3399600764927357440,3093,9,20665,9,2020,-1348.14
3399600764927357440,3093,9,20665,10,2020,-2202.76
3399600764927357440,3093,9,20665,11,2020,-349.17
3399600764927357440,3093,9,20665,12,2020,-349.17
3400124156894274560,4304,9,8524,1,2020,-608.29
3400124156894274560,4304,9,8524,2,2020,-1968.78
3400124156894274560,4304,9,8524,3,2020,-1650.52
3400124156894274560,4304,9,8524,4,2020,-2475.48
3400124156894274560,4304,9,8524,5,2020,-6073.01
3400124156894274560,4304,9,8524,6,2020,-180.33
3400124156894274560,4304,9,8524,7,2020,-384.56
3400124156894274560,4304,9,8524,8,2020,854.54
3400124156894274560,4304,9,8524,9,2020,3455.53
3400124156894274560,4304,9,8524,10,2020,4446.66
3400124156894274560,4304,9,8524,11,2020,-877.83
3400124156894274560,4304,9,8524,12,2020,1671.18
3400652106661595648,6154,1,39757,1,2020,-2461.13
3400652106661595648,6154,1,39757,2,2020,-419.05
3400652106661595648,6154,1,39757,3,2020,-3320.54
3400652106661595648,6154,1,39757,4,2020,-3544.87
3400652106661595648,6154,1,39757,5,2020,4414.02
3400652106661595648,6154,1,39757,6,2020,5621.63
3400652106661595648,6154,1,39757,7,2020,7462.58
3400652106661595648,6154,1,39757,8,2020,7688.6
3400652106661595648,6154,1,39757,9,2020,8870.76
3400652106661595648,6154,1,39757,10,2020,10158.08
3400652106661595648,6154,1,39757,11,2020,15150.04
3400652106661595648,6154,1,39757,12,2020,12725.98
340126008310351488,9777,5,63412,1,2020,-1635.56
340126008310351488,9777,5,63412,2,2020,-652.31
340126008310351488,9777,5,63412,3,2020,1877.45
340126008310351488,9777,5,63412,4,2020,-752.74
340126008310351488,9777,5,63412,5,2020,-2493.76
340126008310351488,9777,5,63412,6,2020,-4002.13
340126008310351488,9777,5,63412,7,2020,-1556.37
340126008310351488,9777,5,63412,8,2020,-2925.35
340126008310351488,9777,5,63412,9,2020,-33.88
340126008310351488,9777,5,63412,10,2020,-1137.91
340126008310351488,9777,5,63412,11,2020,-2885.61
340126008310351488,9777,5,63412,12,2020,-4613.3
3401319746738791424,1920,0,72078,1,2020,0.0
3401319746738791424,1920,0,72078,2,2020,0.0
3401319746738791424,1920,0,72078,3,2020,-1008.17
3401319746738791424,1920,0,72078,4,2020,-1008.17
3401319746738791424,1920,0,72078,5,2020,-1008.17
3401319746738791424,1920,0,72078,6,2020,-2932.45
3401319746738791424,1920,0,72078,7,2020,-2932.45
3401319746738791424,1920,0,72078,8,2020,-2932.45
3401319746738791424,1920,0,72078,9,2020,-2932.45
3401319746738791424,1920,0,72078,10,2020,-2932.45
3401319746738791424,1920,0,72078,11,2020,-2932.45
3401319746738791424,1920,0,72078,12,2020,-2932.45
3401644032600548864,173,3,46608,1,2020,5045.72
3401644032600548864,173,3,46608,2,2020,8336.47
3401644032600548864,173,3,46608,3,2020,-1875.78
3401644032600548864,173,3,46608,4,2020,-2129.58
3401644032600548864,173,3,46608,5,2020,-1418.92
3401644032600548864,173,3,46608,6,2020,-12583.61
3401644032600548864,173,3,46608,7,2020,-2625.55
3401644032600548864,173,3,46608,8,2020,1814.58
3401644032600548864,173,3,46608,9,2020,-274.91
3401644032600548864,173,3,46608,10,2020,899.23
3401644032600548864,173,3,46608,11,2020,4064.75
3401644032600548864,173,3,46608,12,2020,6854.28
3402047266755723264,1365,4,30727,1,2020,426.27
3402047266755723264,1365,4,30727,2,2020,-504.85
3402047266755723264,1365,4,30727,3,2020,-5322.26
3402047266755723264,1365,4,30727,4,2020,-8716.28
3402047266755723264,1365,4,30727,5,2020,-10211.26
3402047266755723264,1365,4,30727,6,2020,-12098.57
3402047266755723264,1365,4,30727,7,2020,-10871.45
3402047266755723264,1365,4,30727,8,2020,-14532.8
3402047266755723264,1365,4,30727,9,2020,-15660.17
3402047266755723264,1365,4,30727,10,2020,-17822.37
3402047266755723264,1365,4,30727,11,2020,-21084.62
3402047266755723264,1365,4,30727,12,2020,-16862.64
3402164927390067200,4928,4,25114,1,2020,729.04
3402164927390067200,4928,4,25114,2,2020,3967.21
3402164927390067200,4928,4,25114,3,2020,-111.09
3402164927390067200,4928,4,25114,4,2020,4424.59
3402164927390067200,4928,4,25114,5,2020,3581.15
3402164927390067200,4928,4,25114,6,2020,2007.95
3402164927390067200,4928,4,25114,7,2020,429.93
3402164927390067200,4928,4,25114,8,2020,-5210.58
3402164927390067200,4928,4,25114,9,2020,-7865.84
3402164927390067200,4928,4,25114,10,2020,-6873.71
3402164927390067200,4928,4,25114,11,2020,-7506.66
3402164927390067200,4928,4,25114,12,2020,-6912.08
3402757528457126912,796,9,15542,1,2020,-820.02
3402757528457126912,796,9,15542,2,2020,-729.96
3402757528457126912,796,9,15542,3,2020,-943.7
3402757528457126912,796,9,15542,4,2020,105.07
3402757528457126912,796,9,15542,5,2020,-1227.11
3402757528457126912,796,9,15542,6,2020,808.17
3402757528457126912,796,9,15542,7,2020,4672.64
3402757528457126912,796,9,15542,8,2020,3268.18
3402757528457126912,796,9,15542,9,2020,4564.07
3402757528457126912,796,9,15542,10,2020,2616.05
3402757528457126912,796,9,15542,11,2020,2616.05
3402757528457126912,796,9,15542,12,2020,3218.01
34042653646113448,9239,6,37901,1,2020,-222.61
34042653646113448,9239,6,37901,2,2020,1139.13
34042653646113448,9239,6,37901,3,2020,941.57
34042653646113448,9239,6,37901,4,2020,1115.75
34042653646113448,9239,6,37901,5,2020,8635.55
34042653646113448,9239,6,37901,6,2020,4805.85
34042653646113448,9239,6,37901,7,2020,7858.55
34042653646113448,9239,6,37901,8,2020,5890.33
34042653646113448,9239,6,37901,9,2020,6062.63
34042653646113448,9239,6,37901,10,2020,11944.08
34042653646113448,9239,6,37901,11,2020,10038.08
34042653646113448,9239,6,37901,12,2020,9125.06
343573136843501632,4032,7,84822,1,2020,4127.23
343573136843501632,4032,7,84822,2,2020,14395.77
343573136843501632,4032,7,84822,3,2020,16079.88
343573136843501632,4032,7,84822,4,2020,9543.68
343573136843501632,4032,7,84822,5,2020,9396.97
343573136843501632,4032,7,84822,6,2020,15277.86
343573136843501632,4032,7,84822,7,2020,19179.74
343573136843501632,4032,7,84822,8,2020,19490.88
343573136843501632,4032,7,84822,9,2020,13742.91
343573136843501632,4032,7,84822,10,2020,13676.52
343573136843501632,4032,7,84822,11,2020,15045.08
343573136843501632,4032,7,84822,12,2020,15386.59
34732358252147868,7449,3,10923,1,2020,4876.12
34732358252147868,7449,3,10923,2,2020,5527.75
34732358252147868,7449,3,10923,3,2020,7422.69
34732358252147868,7449,3,10923,4,2020,9413.36
34732358252147868,7449,3,10923,5,2020,8812.7
34732358252147868,7449,3,10923,6,2020,6754.59
34732358252147868,7449,3,10923,7,2020,5174.26
34732358252147868,7449,3,10923,8,2020,4642.55
34732358252147868,7449,3,10923,9,2020,6937.32
34732358252147868,7449,3,10923,10,2020,1841.51
34732358252147868,7449,3,10923,11,2020,2917.28
34732358252147868,7449,3,10923,12,2020,-607.14
34733646243686796,4556,3,24413,1,2020,124.31
34733646243686796,4556,3,24413,2,2020,-3317.35
34733646243686796,4556,3,24413,3,2020,-1191.12
34733646243686796,4556,3,24413,4,2020,-507.96
34733646243686796,4556,3,24413,5,2020,-1962.23
34733646243686796,4556,3,24413,6,2020,-4259.72
34733646243686796,4556,3,24413,7,2020,-4928.66
34733646243686796,4556,3,24413,8,2020,-4928.66
34733646243686796,4556,3,24413,9,2020,-4928.66
34733646243686796,4556,3,24413,10,2020,-6176.93
34733646243686796,4556,3,24413,11,2020,-5885.07
34733646243686796,4556,3,24413,12,2020,-5210.53
348105534425728320,4457,4,66495,1,2020,690.23
348105534425728320,4457,4,66495,2,2020,265.31
348105534425728320,4457,4,66495,3,2020,-2043.21
348105534425728320,4457,4,66495,4,2020,-666.64
348105534425728320,4457,4,66495,5,2020,-637.95
348105534425728320,4457,4,66495,6,2020,149.25
348105534425728320,4457,4,66495,7,2020,-748.88
348105534425728320,4457,4,66495,8,2020,738.12
348105534425728320,4457,4,66495,9,2020,1583.36
348105534425728320,4457,4,66495,10,2020,2169.32
348105534425728320,4457,4,66495,11,2020,1615.26
348105534425728320,4457,4,66495,12,2020,620.92
348683043896683520,2564,8,56731,1,2020,-2010.83
348683043896683520,2564,8,56731,2,2020,-2453.36
348683043896683520,2564,8,56731,3,2020,-7033.08
348683043896683520,2564,8,56731,4,2020,-4635.59
348683043896683520,2564,8,56731,5,2020,-9224.94
348683043896683520,2564,8,56731,6,2020,-5809.25
348683043896683520,2564,8,56731,7,2020,-719.51
348683043896683520,2564,8,56731,8,2020,-1214.29
348683043896683520,2564,8,56731,9,2020,-1048.53
348683043896683520,2564,8,56731,10,2020,-943.16
348683043896683520,2564,8,56731,11,2020,-1012.31
348683043896683520,2564,8,56731,12,2020,1197.84
350794635095767552,1804,1,33681,1,2020,-5953.94
350794635095767552,1804,1,33681,2,2020,120.58
350794635095767552,1804,1,33681,3,2020,-11300.44
350794635095767552,1804,1,33681,4,2020,-15196.55
350794635095767552,1804,1,33681,5,2020,-10817.02
350794635095767552,1804,1,33681,6,2020,-5876.55
350794635095767552,1804,1,33681,7,2020,-4619.69
350794635095767552,1804,1,33681,8,2020,-7208.4
350794635095767552,1804,1,33681,9,2020,-6808.83
350794635095767552,1804,1,33681,10,2020,-7079.7
350794635095767552,1804,1,33681,11,2020,-7800.4
350794635095767552,1804,1,33681,12,2020,-6633.3
350938169589381312,7650,3,63454,1,2020,-3555.09
350938169589381312,7650,3,63454,2,2020,-4986.82
350938169589381312,7650,3,63454,3,2020,406.81
350938169589381312,7650,3,63454,4,2020,-1730.84
350938169589381312,7650,3,63454,5,2020,-565.44
350938169589381312,7650,3,63454,6,2020,-5046.45
350938169589381312,7650,3,63454,7,2020,4092.62
350938169589381312,7650,3,63454,8,2020,2060.92
350938169589381312,7650,3,63454,9,2020,8836.62
350938169589381312,7650,3,63454,10,2020,6936.85
350938169589381312,7650,3,63454,11,2020,11823.13
350938169589381312,7650,3,63454,12,2020,16130.81
353258440400004480,2142,4,19081,1,2020,-526.1
353258440400004480,2142,4,19081,2,2020,1059.79
353258440400004480,2142,4,19081,3,2020,-3407.62
353258440400004480,2142,4,19081,4,2020,268.78
353258440400004480,2142,4,19081,5,2020,-8434.51
353258440400004480,2142,4,19081,6,2020,-9551.86
353258440400004480,2142,4,19081,7,2020,-10009.82
