2725594378771988992,5213,5,38041,4,2020,1865.07
2725594378771988992,5213,5,38041,5,2020,-1729.96
2725594378771988992,5213,5,38041,6,2020,-9771.64
2725594378771988992,5213,5,38041,7,2020,-12982.7
2725594378771988992,5213,5,38041,8,2020,-13919.17
2725594378771988992,5213,5,38041,9,2020,-10504.3
2725594378771988992,5213,5,38041,10,2020,-9392.9
2725594378771988992,5213,5,38041,11,2020,-13906.9
2725594378771988992,5213,5,38041,12,2020,-10524.89
2725834529701381120,453,4,31065,1,2020,2007.5
2725834529701381120,453,4,31065,2,2020,51.19
2725834529701381120,453,4,31065,3,2020,-1035.13
2725834529701381120,453,4,31065,4,2020,-902.46
2725834529701381120,453,4,31065,5,2020,831.49
2725834529701381120,453,4,31065,6,2020,-2596.7
2725834529701381120,453,4,31065,7,2020,-8888.3
2725834529701381120,453,4,31065,8,2020,-8551.3
2725834529701381120,453,4,31065,9,2020,-9701.88
2725834529701381120,453,4,31065,10,2020,-10432.53
2725834529701381120,453,4,31065,11,2020,-5251.14
2725834529701381120,453,4,31065,12,2020,-12010.45
2726244005006798336,4736,6,63798,1,2020,-1346.74
2726244005006798336,4736,6,63798,2,2020,-269.9
2726244005006798336,4736,6,63798,3,2020,-3190.31
2726244005006798336,4736,6,63798,4,2020,-167.38
2726244005006798336,4736,6,63798,5,2020,-1138.25
2726244005006798336,4736,6,63798,6,2020,-2245.29
2726244005006798336,4736,6,63798,7,2020,-4516.83
2726244005006798336,4736,6,63798,8,2020,-3975.33
2726244005006798336,4736,6,63798,9,2020,-8674.69
2726244005006798336,4736,6,63798,10,2020,-8243.57
2726244005006798336,4736,6,63798,11,2020,-8485.59
2726244005006798336,4736,6,63798,12,2020,-5733.68
2728377282182425088,8188,7,32669,1,2020,5115.36
2728377282182425088,8188,7,32669,2,2020,14491.96
2728377282182425088,8188,7,32669,3,2020,15724.12
2728377282182425088,8188,7,32669,4,2020,13430.6
2728377282182425088,8188,7,32669,5,2020,18742.9
2728377282182425088,8188,7,32669,6,2020,14782.78
2728377282182425088,8188,7,32669,7,2020,13273.68
2728377282182425088,8188,7,32669,8,2020,18049.51
2728377282182425088,8188,7,32669,9,2020,22652.57
2728377282182425088,8188,7,32669,10,2020,19542.41
2728377282182425088,8188,7,32669,11,2020,16181.42
2728377282182425088,8188,7,32669,12,2020,19759.14
2729991315204087808,7283,1,83707,1,2020,9165.85
2729991315204087808,7283,1,83707,2,2020,5672.58
2729991315204087808,7283,1,83707,3,2020,5136.73
2729991315204087808,7283,1,83707,4,2020,8445.57
2729991315204087808,7283,1,83707,5,2020,10584.12
2729991315204087808,7283,1,83707,6,2020,13385.74
2729991315204087808,7283,1,83707,7,2020,14385.06
2729991315204087808,7283,1,83707,8,2020,12609.44
2729991315204087808,7283,1,83707,9,2020,14619.47
2729991315204087808,7283,1,83707,10,2020,19733.6
2729991315204087808,7283,1,83707,11,2020,15512.46
2729991315204087808,7283,1,83707,12,2020,11070.56
2732329515840476672,5891,1,85703,1,2020,4393.07
2732329515840476672,5891,1,85703,2,2020,954.3
2732329515840476672,5891,1,85703,3,2020,-515.33
2732329515840476672,5891,1,85703,4,2020,-5096.67
2732329515840476672,5891,1,85703,5,2020,-6278.76
2732329515840476672,5891,1,85703,6,2020,-7045.79
2732329515840476672,5891,1,85703,7,2020,-4331.36
2732329515840476672,5891,1,85703,8,2020,-6855.17
2732329515840476672,5891,1,85703,9,2020,-4222.76
2732329515840476672,5891,1,85703,10,2020,-6226.72
2732329515840476672,5891,1,85703,11,2020,-3002.11
2732329515840476672,5891,1,85703,12,2020,-2907.77
2732612839591134720,8376,1,43620,1,2020,-6353.0
2732612839591134720,8376,1,43620,2,2020,-11767.5
2732612839591134720,8376,1,43620,3,2020,-13263.91
2732612839591134720,8376,1,43620,4,2020,-12896.9
2732612839591134720,8376,1,43620,5,2020,-15434.03
2732612839591134720,8376,1,43620,6,2020,-13075.84
2732612839591134720,8376,1,43620,7,2020,-11053.4
2732612839591134720,8376,1,43620,8,2020,-15883.1
2732612839591134720,8376,1,43620,9,2020,-21424.04
2732612839591134720,8376,1,43620,10,2020,-20736.98
2732612839591134720,8376,1,43620,11,2020,-22647.99
2732612839591134720,8376,1,43620,12,2020,-26845.67
2733291530620530688,1995,8,91417,1,2020,-3774.98
2733291530620530688,1995,8,91417,2,2020,-5046.65
2733291530620530688,1995,8,91417,3,2020,-11785.03
2733291530620530688,1995,8,91417,4,2020,-11598.45
2733291530620530688,1995,8,91417,5,2020,-15034.54
2733291530620530688,1995,8,91417,6,2020,-9290.91
2733291530620530688,1995,8,91417,7,2020,-11429.93
2733291530620530688,1995,8,91417,8,2020,-17530.71
2733291530620530688,1995,8,91417,9,2020,-15561.53
2733291530620530688,1995,8,91417,10,2020,-17029.0
2733291530620530688,1995,8,91417,11,2020,-17112.7
2733291530620530688,1995,8,91417,12,2020,-18794.4
2733466533209110528,7661,8,24523,1,2020,83.54
2733466533209110528,7661,8,24523,2,2020,-5476.23
2733466533209110528,7661,8,24523,3,2020,3977.76
2733466533209110528,7661,8,24523,4,2020,1927.8
2733466533209110528,7661,8,24523,5,2020,-6766.67
2733466533209110528,7661,8,24523,6,2020,-9163.87
2733466533209110528,7661,8,24523,7,2020,-10100.07
2733466533209110528,7661,8,24523,8,2020,-7081.06
2733466533209110528,7661,8,24523,9,2020,-8574.54
2733466533209110528,7661,8,24523,10,2020,-8447.22
2733466533209110528,7661,8,24523,11,2020,-9641.67
2733466533209110528,7661,8,24523,12,2020,-15517.72
2734622979367848448,4258,8,16773,1,2020,3991.47
2734622979367848448,4258,8,16773,2,2020,7826.44
2734622979367848448,4258,8,16773,3,2020,11088.92
2734622979367848448,4258,8,16773,4,2020,12573.05
2734622979367848448,4258,8,16773,5,2020,12848.94
2734622979367848448,4258,8,16773,6,2020,12054.2
2734622979367848448,4258,8,16773,7,2020,5622.43
2734622979367848448,4258,8,16773,8,2020,3051.47
2734622979367848448,4258,8,16773,9,2020,-1318.71
2734622979367848448,4258,8,16773,10,2020,-7391.9
2734622979367848448,4258,8,16773,11,2020,-10148.39
2734622979367848448,4258,8,16773,12,2020,-12985.31
2734904238562079232,7826,8,46633,1,2020,1385.56
2734904238562079232,7826,8,46633,2,2020,1663.91
2734904238562079232,7826,8,46633,3,2020,5333.88
2734904238562079232,7826,8,46633,4,2020,5720.02
2734904238562079232,7826,8,46633,5,2020,4248.14
2734904238562079232,7826,8,46633,6,2020,-747.1
2734904238562079232,7826,8,46633,7,2020,2030.89
2734904238562079232,7826,8,46633,8,2020,-107.89
2734904238562079232,7826,8,46633,9,2020,-5657.27
2734904238562079232,7826,8,46633,10,2020,-2990.6
2734904238562079232,7826,8,46633,11,2020,-6540.49
2734904238562079232,7826,8,46633,12,2020,-6079.02
2735994828598838272,2986,8,75161,1,2020,-475.79
2735994828598838272,2986,8,75161,2,2020,-1069.07
2735994828598838272,2986,8,75161,3,2020,-843.6
2735994828598838272,2986,8,75161,4,2020,3614.99
2735994828598838272,2986,8,75161,5,2020,2713.01
2735994828598838272,2986,8,75161,6,2020,8527.28
2735994828598838272,2986,8,75161,7,2020,8482.36
2735994828598838272,2986,8,75161,8,2020,15554.61
2735994828598838272,2986,8,75161,9,2020,16662.54
2735994828598838272,2986,8,75161,10,2020,15555.42
2735994828598838272,2986,8,75161,11,2020,10321.48
2735994828598838272,2986,8,75161,12,2020,6715.71
2736096596525627392,9292,3,90556,1,2020,14.09
2736096596525627392,9292,3,90556,2,2020,3506.5
2736096596525627392,9292,3,90556,3,2020,6113.92
2736096596525627392,9292,3,90556,4,2020,-4268.74
2736096596525627392,9292,3,90556,5,2020,-5976.95
2736096596525627392,9292,3,90556,6,2020,-10409.01
2736096596525627392,9292,3,90556,7,2020,-10815.63
2736096596525627392,9292,3,90556,8,2020,-17102.48
2736096596525627392,9292,3,90556,9,2020,-15453.28
2736096596525627392,9292,3,90556,10,2020,-13245.3
2736096596525627392,9292,3,90556,11,2020,-17944.15
2736096596525627392,9292,3,90556,12,2020,-15026.08
2736285151783418880,55,2,47284,1,2020,-2700.51
2736285151783418880,55,2,47284,2,2020,-3280.59
2736285151783418880,55,2,47284,3,2020,-2332.31
2736285151783418880,55,2,47284,4,2020,-4977.56
2736285151783418880,55,2,47284,5,2020,-9726.11
2736285151783418880,55,2,47284,6,2020,-7040.4
2736285151783418880,55,2,47284,7,2020,-7146.55
2736285151783418880,55,2,47284,8,2020,-6622.54
2736285151783418880,55,2,47284,9,2020,-4072.9
2736285151783418880,55,2,47284,10,2020,-2404.34
2736285151783418880,55,2,47284,11,2020,-1717.78
2736285151783418880,55,2,47284,12,2020,-6638.05
2737142542405185536,9174,0,78289,1,2020,3397.62
2737142542405185536,9174,0,78289,2,2020,2670.86
2737142542405185536,9174,0,78289,3,2020,3379.42
2737142542405185536,9174,0,78289,4,2020,7131.38
2737142542405185536,9174,0,78289,5,2020,7014.24
2737142542405185536,9174,0,78289,6,2020,7122.84
2737142542405185536,9174,0,78289,7,2020,8224.48
2737142542405185536,9174,0,78289,8,2020,14125.79
2737142542405185536,9174,0,78289,9,2020,7184.08
2737142542405185536,9174,0,78289,10,2020,6489.96
2737142542405185536,9174,0,78289,11,2020,6677.83
2737142542405185536,9174,0,78289,12,2020,-246.89
2737289577272280064,6347,9,58573,1,2020,-1328.52
2737289577272280064,6347,9,58573,2,2020,-5736.87
2737289577272280064,6347,9,58573,3,2020,-2334.75
2737289577272280064,6347,9,58573,4,2020,-6099.04
2737289577272280064,6347,9,58573,5,2020,-3792.99
2737289577272280064,6347,9,58573,6,2020,-9832.9
2737289577272280064,6347,9,58573,7,2020,-6765.72
2737289577272280064,6347,9,58573,8,2020,-8922.57
2737289577272280064,6347,9,58573,9,2020,-10825.99
2737289577272280064,6347,9,58573,10,2020,-14335.49
2737289577272280064,6347,9,58573,11,2020,-17757.41
2737289577272280064,6347,9,58573,12,2020,-21275.48
2737932478567112192,9852,0,90868,1,2020,-849.12
2737932478567112192,9852,0,90868,2,2020,-849.12
2737932478567112192,9852,0,90868,3,2020,-2774.95
2737932478567112192,9852,0,90868,4,2020,-2774.95
2737932478567112192,9852,0,90868,5,2020,-2774.95
2737932478567112192,9852,0,90868,6,2020,-2774.95
2737932478567112192,9852,0,90868,7,2020,-2774.95
2737932478567112192,9852,0,90868,8,2020,-3132.79
2737932478567112192,9852,0,90868,9,2020,-4865.08
2737932478567112192,9852,0,90868,10,2020,-4008.22
2737932478567112192,9852,0,90868,11,2020,-3236.16
2737932478567112192,9852,0,90868,12,2020,-253.29
2738787417205901824,3498,3,60768,1,2020,-1759.2
2738787417205901824,3498,3,60768,2,2020,-3154.59
2738787417205901824,3498,3,60768,3,2020,-225.35
2738787417205901824,3498,3,60768,4,2020,-225.35
2738787417205901824,3498,3,60768,5,2020,-248.23
2738787417205901824,3498,3,60768,6,2020,-248.23
2738787417205901824,3498,3,60768,7,2020,1500.59
2738787417205901824,3498,3,60768,8,2020,1020.32
2738787417205901824,3498,3,60768,9,2020,2035.76
2738787417205901824,3498,3,60768,10,2020,1670.74
2738787417205901824,3498,3,60768,11,2020,1670.74
2738787417205901824,3498,3,60768,12,2020,1670.74
2740643627696656896,2190,2,52539,1,2020,2432.43
2740643627696656896,2190,2,52539,2,2020,299.27
2740643627696656896,2190,2,52539,3,2020,-6064.9
2740643627696656896,2190,2,52539,4,2020,-2490.28
2740643627696656896,2190,2,52539,5,2020,-627.24
2740643627696656896,2190,2,52539,6,2020,-5416.71
2740643627696656896,2190,2,52539,7,2020,-5760.55
2740643627696656896,2190,2,52539,8,2020,-8953.83
2740643627696656896,2190,2,52539,9,2020,-12664.13
2740643627696656896,2190,2,52539,10,2020,-12067.83
2740643627696656896,2190,2,52539,11,2020,-11959.92
2740643627696656896,2190,2,52539,12,2020,-12165.41
274201659409845376,5958,3,83275,1,2020,-1838.45
274201659409845376,5958,3,83275,2,2020,651.73
274201659409845376,5958,3,83275,3,2020,1382.13
274201659409845376,5958,3,83275,4,2020,1084.2
274201659409845376,5958,3,83275,5,2020,-1607.65
274201659409845376,5958,3,83275,6,2020,1799.28
274201659409845376,5958,3,83275,7,2020,6414.55
274201659409845376,5958,3,83275,8,2020,6534.62
274201659409845376,5958,3,83275,9,2020,5805.87
274201659409845376,5958,3,83275,10,2020,9697.34
274201659409845376,5958,3,83275,11,2020,9491.66
274201659409845376,5958,3,83275,12,2020,8766.16
2744341108562184704,3501,8,54090,1,2020,-6192.74
2744341108562184704,3501,8,54090,2,2020,-4587.53
2744341108562184704,3501,8,54090,3,2020,-8686.68
2744341108562184704,3501,8,54090,4,2020,-5947.52
