3183044580187478528,640,2,52578,8,2020,20788.98
3183044580187478528,640,2,52578,9,2020,21757.78
3183044580187478528,640,2,52578,10,2020,16071.81
3183044580187478528,640,2,52578,11,2020,16680.6
3183044580187478528,640,2,52578,12,2020,24171.16
3183618135810421760,8819,1,2293,1,2020,1197.49
3183618135810421760,8819,1,2293,2,2020,-1434.8
3183618135810421760,8819,1,2293,3,2020,-4469.13
3183618135810421760,8819,1,2293,4,2020,-8846.89
3183618135810421760,8819,1,2293,5,2020,-12734.82
3183618135810421760,8819,1,2293,6,2020,-5482.04
3183618135810421760,8819,1,2293,7,2020,-3588.79
3183618135810421760,8819,1,2293,8,2020,493.52
3183618135810421760,8819,1,2293,9,2020,-470.71
3183618135810421760,8819,1,2293,10,2020,-7861.57
3183618135810421760,8819,1,2293,11,2020,-6202.08
3183618135810421760,8819,1,2293,12,2020,-1464.1
3184840330508505600,1024,9,29546,1,2020,3160.74
3184840330508505600,1024,9,29546,2,2020,1633.63
3184840330508505600,1024,9,29546,3,2020,-1166.53
3184840330508505600,1024,9,29546,4,2020,-6761.38
3184840330508505600,1024,9,29546,5,2020,-3922.61
3184840330508505600,1024,9,29546,6,2020,-4012.33
3184840330508505600,1024,9,29546,7,2020,-2294.0
3184840330508505600,1024,9,29546,8,2020,-713.1
3184840330508505600,1024,9,29546,9,2020,-6353.08
3184840330508505600,1024,9,29546,10,2020,-6026.04
3184840330508505600,1024,9,29546,11,2020,-6497.01
3184840330508505600,1024,9,29546,12,2020,-1004.06
3185395637586934784,1545,3,80740,1,2020,0.0
3185395637586934784,1545,3,80740,2,2020,0.0
3185395637586934784,1545,3,80740,3,2020,0.0
3185395637586934784,1545,3,80740,4,2020,0.0
3185395637586934784,1545,3,80740,5,2020,0.0
3185395637586934784,1545,3,80740,6,2020,0.0
3185395637586934784,1545,3,80740,7,2020,-3358.83
3185395637586934784,1545,3,80740,8,2020,-5329.92
3185395637586934784,1545,3,80740,9,2020,-5329.92
3185395637586934784,1545,3,80740,10,2020,-5329.92
3185395637586934784,1545,3,80740,11,2020,-5329.92
3185395637586934784,1545,3,80740,12,2020,-7036.8
3186327800008138240,3655,3,29160,1,2020,1764.44
3186327800008138240,3655,3,29160,2,2020,1434.28
3186327800008138240,3655,3,29160,3,2020,2204.28
3186327800008138240,3655,3,29160,4,2020,8105.37
3186327800008138240,3655,3,29160,5,2020,9327.33
3186327800008138240,3655,3,29160,6,2020,7169.22
3186327800008138240,3655,3,29160,7,2020,7512.73
3186327800008138240,3655,3,29160,8,2020,8608.22
3186327800008138240,3655,3,29160,9,2020,15174.73
3186327800008138240,3655,3,29160,10,2020,15192.25
3186327800008138240,3655,3,29160,11,2020,27251.28
3186327800008138240,3655,3,29160,12,2020,23452.94
318763421927734400,3094,8,47185,1,2020,-5478.82
318763421927734400,3094,8,47185,2,2020,-5471.82
318763421927734400,3094,8,47185,3,2020,-6948.32
318763421927734400,3094,8,47185,4,2020,-7166.32
318763421927734400,3094,8,47185,5,2020,-11288.36
318763421927734400,3094,8,47185,6,2020,-15753.67
318763421927734400,3094,8,47185,7,2020,-19978.06
318763421927734400,3094,8,47185,8,2020,-18251.54
318763421927734400,3094,8,47185,9,2020,-19086.04
318763421927734400,3094,8,47185,10,2020,-19043.91
318763421927734400,3094,8,47185,11,2020,-17364.15
318763421927734400,3094,8,47185,12,2020,-17262.66
318786553866128256,3230,5,90820,1,2020,-14320.31
318786553866128256,3230,5,90820,2,2020,-20245.61
318786553866128256,3230,5,90820,3,2020,-19091.36
318786553866128256,3230,5,90820,4,2020,-19171.45
318786553866128256,3230,5,90820,5,2020,-24800.06
318786553866128256,3230,5,90820,6,2020,-19300.1
318786553866128256,3230,5,90820,7,2020,-11524.54
318786553866128256,3230,5,90820,8,2020,-12002.3
318786553866128256,3230,5,90820,9,2020,-15463.79
318786553866128256,3230,5,90820,10,2020,-17042.45
318786553866128256,3230,5,90820,11,2020,-16785.25
318786553866128256,3230,5,90820,12,2020,-18770.55
3190952988136160256,1097,0,98888,1,2020,-2059.4
3190952988136160256,1097,0,98888,2,2020,-5839.36
3190952988136160256,1097,0,98888,3,2020,-8559.31
3190952988136160256,1097,0,98888,4,2020,-9751.72
3190952988136160256,1097,0,98888,5,2020,-12371.77
3190952988136160256,1097,0,98888,6,2020,-16166.58
3190952988136160256,1097,0,98888,7,2020,-14454.67
3190952988136160256,1097,0,98888,8,2020,-18276.97
3190952988136160256,1097,0,98888,9,2020,-13768.93
3190952988136160256,1097,0,98888,10,2020,-10170.21
3190952988136160256,1097,0,98888,11,2020,-9409.38
3190952988136160256,1097,0,98888,12,2020,-6721.48
3191588088253289984,8736,1,36765,1,2020,2347.12
3191588088253289984,8736,1,36765,2,2020,3244.07
3191588088253289984,8736,1,36765,3,2020,-2796.66
3191588088253289984,8736,1,36765,4,2020,-3596.35
3191588088253289984,8736,1,36765,5,2020,-140.03
3191588088253289984,8736,1,36765,6,2020,905.76
3191588088253289984,8736,1,36765,7,2020,2238.29
3191588088253289984,8736,1,36765,8,2020,-7448.31
3191588088253289984,8736,1,36765,9,2020,-10520.36
3191588088253289984,8736,1,36765,10,2020,-6883.45
3191588088253289984,8736,1,36765,11,2020,-9707.73
3191588088253289984,8736,1,36765,12,2020,-6705.66
3192238570480731136,1060,5,81276,1,2020,-1077.75
3192238570480731136,1060,5,81276,2,2020,-2004.97
3192238570480731136,1060,5,81276,3,2020,-3146.34
3192238570480731136,1060,5,81276,4,2020,-1752.24
3192238570480731136,1060,5,81276,5,2020,-535.02
3192238570480731136,1060,5,81276,6,2020,-535.02
3192238570480731136,1060,5,81276,7,2020,1686.79
3192238570480731136,1060,5,81276,8,2020,1686.79
3192238570480731136,1060,5,81276,9,2020,2536.03
3192238570480731136,1060,5,81276,10,2020,3050.74
3192238570480731136,1060,5,81276,11,2020,3837.76
3192238570480731136,1060,5,81276,12,2020,2359.94
3192289455836059136,64,0,99325,1,2020,-3165.25
3192289455836059136,64,0,99325,2,2020,551.2
3192289455836059136,64,0,99325,3,2020,2077.92
3192289455836059136,64,0,99325,4,2020,-404.49
3192289455836059136,64,0,99325,5,2020,1889.08
3192289455836059136,64,0,99325,6,2020,5610.8
3192289455836059136,64,0,99325,7,2020,-2902.25
3192289455836059136,64,0,99325,8,2020,-3066.08
3192289455836059136,64,0,99325,9,2020,-8737.74
3192289455836059136,64,0,99325,10,2020,-7691.31
3192289455836059136,64,0,99325,11,2020,-10052.38
3192289455836059136,64,0,99325,12,2020,-4246.91
3192350969728391168,7909,7,42362,1,2020,-491.45
3192350969728391168,7909,7,42362,2,2020,-1784.01
3192350969728391168,7909,7,42362,3,2020,1265.78
3192350969728391168,7909,7,42362,4,2020,3177.04
3192350969728391168,7909,7,42362,5,2020,8029.44
3192350969728391168,7909,7,42362,6,2020,13782.08
3192350969728391168,7909,7,42362,7,2020,19917.25
3192350969728391168,7909,7,42362,8,2020,20249.99
3192350969728391168,7909,7,42362,9,2020,19899.7
3192350969728391168,7909,7,42362,10,2020,20037.98
3192350969728391168,7909,7,42362,11,2020,22180.15
3192350969728391168,7909,7,42362,12,2020,17603.94
3192448919187724288,6307,2,37255,1,2020,2011.53
3192448919187724288,6307,2,37255,2,2020,3118.22
3192448919187724288,6307,2,37255,3,2020,2966.74
3192448919187724288,6307,2,37255,4,2020,-1282.33
3192448919187724288,6307,2,37255,5,2020,-6563.16
3192448919187724288,6307,2,37255,6,2020,-3187.47
3192448919187724288,6307,2,37255,7,2020,930.62
3192448919187724288,6307,2,37255,8,2020,1144.65
3192448919187724288,6307,2,37255,9,2020,1095.02
3192448919187724288,6307,2,37255,10,2020,-2402.96
3192448919187724288,6307,2,37255,11,2020,-10235.15
3192448919187724288,6307,2,37255,12,2020,-9462.52
3192798944711251456,827,0,52004,1,2020,-324.1
3192798944711251456,827,0,52004,2,2020,-4888.43
3192798944711251456,827,0,52004,3,2020,-2644.69
3192798944711251456,827,0,52004,4,2020,-232.15
3192798944711251456,827,0,52004,5,2020,4598.42
3192798944711251456,827,0,52004,6,2020,538.88
3192798944711251456,827,0,52004,7,2020,-318.65
3192798944711251456,827,0,52004,8,2020,-4284.09
3192798944711251456,827,0,52004,9,2020,-5304.82
3192798944711251456,827,0,52004,10,2020,-7072.9
3192798944711251456,827,0,52004,11,2020,-8577.28
3192798944711251456,827,0,52004,12,2020,-1422.08
3193116507918286336,5307,9,22321,1,2020,3196.57
3193116507918286336,5307,9,22321,2,2020,5168.85
3193116507918286336,5307,9,22321,3,2020,6692.12
3193116507918286336,5307,9,22321,4,2020,9280.07
3193116507918286336,5307,9,22321,5,2020,14042.74
3193116507918286336,5307,9,22321,6,2020,19314.2
3193116507918286336,5307,9,22321,7,2020,21645.92
3193116507918286336,5307,9,22321,8,2020,24290.1
3193116507918286336,5307,9,22321,9,2020,22785.47
3193116507918286336,5307,9,22321,10,2020,29158.23
3193116507918286336,5307,9,22321,11,2020,30164.57
3193116507918286336,5307,9,22321,12,2020,36725.83
3193550870194018816,2233,0,28042,1,2020,2873.68
3193550870194018816,2233,0,28042,2,2020,533.15
3193550870194018816,2233,0,28042,3,2020,5989.91
3193550870194018816,2233,0,28042,4,2020,9248.2
3193550870194018816,2233,0,28042,5,2020,7668.01
3193550870194018816,2233,0,28042,6,2020,12596.2
3193550870194018816,2233,0,28042,7,2020,13549.26
3193550870194018816,2233,0,28042,8,2020,14179.2
3193550870194018816,2233,0,28042,9,2020,12305.99
3193550870194018816,2233,0,28042,10,2020,17167.84
3193550870194018816,2233,0,28042,11,2020,13923.03
3193550870194018816,2233,0,28042,12,2020,14884.71
3194180351284699648,2987,7,97887,1,2020,3640.56
3194180351284699648,2987,7,97887,2,2020,3122.8
3194180351284699648,2987,7,97887,3,2020,-800.17
3194180351284699648,2987,7,97887,4,2020,-19029.21
3194180351284699648,2987,7,97887,5,2020,-20510.97
3194180351284699648,2987,7,97887,6,2020,-21137.91
3194180351284699648,2987,7,97887,7,2020,-21550.15
3194180351284699648,2987,7,97887,8,2020,-31286.36
3194180351284699648,2987,7,97887,9,2020,-36978.02
3194180351284699648,2987,7,97887,10,2020,-38922.38
3194180351284699648,2987,7,97887,11,2020,-46315.39
3194180351284699648,2987,7,97887,12,2020,-45863.51
3195762307814375936,627,3,51992,1,2020,-1082.84
3195762307814375936,627,3,51992,2,2020,-6591.29
3195762307814375936,627,3,51992,3,2020,-5529.4
3195762307814375936,627,3,51992,4,2020,-3204.65
3195762307814375936,627,3,51992,5,2020,-1473.19
3195762307814375936,627,3,51992,6,2020,-485.74
3195762307814375936,627,3,51992,7,2020,-3157.45
3195762307814375936,627,3,51992,8,2020,2421.87
3195762307814375936,627,3,51992,9,2020,7523.74
3195762307814375936,627,3,51992,10,2020,13268.23
3195762307814375936,627,3,51992,11,2020,12180.15
3195762307814375936,627,3,51992,12,2020,12516.85
3198710661471134208,9347,2,41710,1,2020,-604.43
3198710661471134208,9347,2,41710,2,2020,3616.93
3198710661471134208,9347,2,41710,3,2020,5177.77
3198710661471134208,9347,2,41710,4,2020,9570.32
3198710661471134208,9347,2,41710,5,2020,18520.45
3198710661471134208,9347,2,41710,6,2020,19444.78
3198710661471134208,9347,2,41710,7,2020,24991.35
3198710661471134208,9347,2,41710,8,2020,23418.72
3198710661471134208,9347,2,41710,9,2020,28865.05
3198710661471134208,9347,2,41710,10,2020,25920.37
3198710661471134208,9347,2,41710,11,2020,32240.11
3198710661471134208,9347,2,41710,12,2020,32240.11
3198820889210742784,9985,7,95131,1,2020,2779.51
3198820889210742784,9985,7,95131,2,2020,1636.3
3198820889210742784,9985,7,95131,3,2020,1202.3
3198820889210742784,9985,7,95131,4,2020,157.72
3198820889210742784,9985,7,95131,5,2020,-1749.86
3198820889210742784,9985,7,95131,6,2020,-48.36
3198820889210742784,9985,7,95131,7,2020,-366.94
3198820889210742784,9985,7,95131,8,2020,-1043.77
3198820889210742784,9985,7,95131,9,2020,-1185.92
3198820889210742784,9985,7,95131,10,2020,1322.15
3198820889210742784,9985,7,95131,11,2020,-6099.02
3198820889210742784,9985,7,95131,12,2020,-2128.41
320049611818291136,9982,5,31880,1,2020,2279.56
320049611818291136,9982,5,31880,2,2020,3174.12
320049611818291136,9982,5,31880,3,2020,7053.74
320049611818291136,9982,5,31880,4,2020,7894.88
320049611818291136,9982,5,31880,5,2020,3907.12
320049611818291136,9982,5,31880,6,2020,6803.13
320049611818291136,9982,5,31880,7,2020,5786.41
320049611818291136,9982,5,31880,8,2020,8211.42
