353258440400004480,2142,4,19081,8,2020,-7429.95
353258440400004480,2142,4,19081,9,2020,-7582.22
353258440400004480,2142,4,19081,10,2020,-7292.89
353258440400004480,2142,4,19081,11,2020,-9256.99
353258440400004480,2142,4,19081,12,2020,-8633.24
35346173375634168,2678,8,87060,1,2020,2538.35
35346173375634168,2678,8,87060,2,2020,1785.57
35346173375634168,2678,8,87060,3,2020,5140.2
35346173375634168,2678,8,87060,4,2020,7097.41
35346173375634168,2678,8,87060,5,2020,4801.67
35346173375634168,2678,8,87060,6,2020,8783.22
35346173375634168,2678,8,87060,7,2020,19158.73
35346173375634168,2678,8,87060,8,2020,17479.12
35346173375634168,2678,8,87060,9,2020,18997.12
35346173375634168,2678,8,87060,10,2020,20991.83
35346173375634168,2678,8,87060,11,2020,21259.7
35346173375634168,2678,8,87060,12,2020,18195.46
353968482962785408,5215,1,87584,1,2020,-1207.33
353968482962785408,5215,1,87584,2,2020,-2908.52
353968482962785408,5215,1,87584,3,2020,-1847.3
353968482962785408,5215,1,87584,4,2020,-3020.73
353968482962785408,5215,1,87584,5,2020,-3808.69
353968482962785408,5215,1,87584,6,2020,-6687.72
353968482962785408,5215,1,87584,7,2020,-6687.72
353968482962785408,5215,1,87584,8,2020,-8074.09
353968482962785408,5215,1,87584,9,2020,-8714.84
353968482962785408,5215,1,87584,10,2020,-6852.32
353968482962785408,5215,1,87584,11,2020,-4219.96
353968482962785408,5215,1,87584,12,2020,-5959.03
354512048238236224,6571,2,66898,1,2020,-3877.34
354512048238236224,6571,2,66898,2,2020,-4750.23
354512048238236224,6571,2,66898,3,2020,-4469.46
354512048238236224,6571,2,66898,4,2020,-6162.04
354512048238236224,6571,2,66898,5,2020,-12843.69
354512048238236224,6571,2,66898,6,2020,-14172.6
354512048238236224,6571,2,66898,7,2020,-12895.82
354512048238236224,6571,2,66898,8,2020,-12712.48
354512048238236224,6571,2,66898,9,2020,-14042.24
354512048238236224,6571,2,66898,10,2020,-14110.95
354512048238236224,6571,2,66898,11,2020,-14730.65
354512048238236224,6571,2,66898,12,2020,-13208.23
35516794642511832,2805,0,1877,1,2020,2289.43
35516794642511832,2805,0,1877,2,2020,-3091.52
35516794642511832,2805,0,1877,3,2020,-646.17
35516794642511832,2805,0,1877,4,2020,-16182.68
35516794642511832,2805,0,1877,5,2020,-11990.32
35516794642511832,2805,0,1877,6,2020,-12573.84
35516794642511832,2805,0,1877,7,2020,-10799.35
35516794642511832,2805,0,1877,8,2020,-8897.02
35516794642511832,2805,0,1877,9,2020,-6907.87
35516794642511832,2805,0,1877,10,2020,-4801.0
35516794642511832,2805,0,1877,11,2020,-8463.69
35516794642511832,2805,0,1877,12,2020,-8153.02
355403862342381120,5579,9,47282,1,2020,-2714.32
355403862342381120,5579,9,47282,2,2020,-6750.43
355403862342381120,5579,9,47282,3,2020,-8937.67
355403862342381120,5579,9,47282,4,2020,-10006.65
355403862342381120,5579,9,47282,5,2020,-8611.71
355403862342381120,5579,9,47282,6,2020,-8823.38
355403862342381120,5579,9,47282,7,2020,-16002.06
355403862342381120,5579,9,47282,8,2020,-15633.05
355403862342381120,5579,9,47282,9,2020,-20939.59
355403862342381120,5579,9,47282,10,2020,-26677.13
355403862342381120,5579,9,47282,11,2020,-21872.24
355403862342381120,5579,9,47282,12,2020,-26097.38
356431126825028480,9520,1,88528,1,2020,-1100.62
356431126825028480,9520,1,88528,2,2020,2177.34
356431126825028480,9520,1,88528,3,2020,2671.43
356431126825028480,9520,1,88528,4,2020,4283.13
356431126825028480,9520,1,88528,5,2020,8913.92
356431126825028480,9520,1,88528,6,2020,10645.12
356431126825028480,9520,1,88528,7,2020,11045.65
356431126825028480,9520,1,88528,8,2020,13232.51
356431126825028480,9520,1,88528,9,2020,6801.81
356431126825028480,9520,1,88528,10,2020,13042.8
356431126825028480,9520,1,88528,11,2020,17629.85
356431126825028480,9520,1,88528,12,2020,18197.71
356665593032815360,9745,0,1049,1,2020,-2493.74
356665593032815360,9745,0,1049,2,2020,-4108.52
356665593032815360,9745,0,1049,3,2020,-10038.44
356665593032815360,9745,0,1049,4,2020,-9662.91
356665593032815360,9745,0,1049,5,2020,-5461.86
356665593032815360,9745,0,1049,6,2020,-1579.62
356665593032815360,9745,0,1049,7,2020,-1543.54
356665593032815360,9745,0,1049,8,2020,-6871.96
356665593032815360,9745,0,1049,9,2020,-11164.01
356665593032815360,9745,0,1049,10,2020,-8824.28
356665593032815360,9745,0,1049,11,2020,-15439.96
356665593032815360,9745,0,1049,12,2020,-17754.27
357531052441408000,4080,2,37797,1,2020,3068.89
357531052441408000,4080,2,37797,2,2020,-2438.35
357531052441408000,4080,2,37797,3,2020,-6169.65
357531052441408000,4080,2,37797,4,2020,-6453.9
357531052441408000,4080,2,37797,5,2020,-5866.38
357531052441408000,4080,2,37797,6,2020,1541.57
357531052441408000,4080,2,37797,7,2020,2932.16
357531052441408000,4080,2,37797,8,2020,606.15
357531052441408000,4080,2,37797,9,2020,1549.56
357531052441408000,4080,2,37797,10,2020,6901.42
357531052441408000,4080,2,37797,11,2020,5758.71
357531052441408000,4080,2,37797,12,2020,7021.31
358103633370811776,8758,1,94198,1,2020,2067.85
358103633370811776,8758,1,94198,2,2020,597.01
358103633370811776,8758,1,94198,3,2020,12.4
358103633370811776,8758,1,94198,4,2020,970.09
358103633370811776,8758,1,94198,5,2020,420.3
358103633370811776,8758,1,94198,6,2020,-4053.96
358103633370811776,8758,1,94198,7,2020,-7882.88
358103633370811776,8758,1,94198,8,2020,-9720.65
358103633370811776,8758,1,94198,9,2020,-10802.76
358103633370811776,8758,1,94198,10,2020,-8514.91
358103633370811776,8758,1,94198,11,2020,-8037.77
358103633370811776,8758,1,94198,12,2020,-11625.41
359432744376383616,9565,3,86792,1,2020,-1156.9
359432744376383616,9565,3,86792,2,2020,-1430.14
359432744376383616,9565,3,86792,3,2020,-1430.14
359432744376383616,9565,3,86792,4,2020,-1430.14
359432744376383616,9565,3,86792,5,2020,-1512.6
359432744376383616,9565,3,86792,6,2020,-1512.6
359432744376383616,9565,3,86792,7,2020,-1512.6
359432744376383616,9565,3,86792,8,2020,-960.87
359432744376383616,9565,3,86792,9,2020,141.65
359432744376383616,9565,3,86792,10,2020,-3150.57
359432744376383616,9565,3,86792,11,2020,-3636.6
359432744376383616,9565,3,86792,12,2020,-3160.8
360944201335621632,8139,1,52194,1,2020,-1273.06
360944201335621632,8139,1,52194,2,2020,-1189.41
360944201335621632,8139,1,52194,3,2020,-2945.19
360944201335621632,8139,1,52194,4,2020,262.92
360944201335621632,8139,1,52194,5,2020,1775.99
360944201335621632,8139,1,52194,6,2020,4274.11
360944201335621632,8139,1,52194,7,2020,1907.48
360944201335621632,8139,1,52194,8,2020,5473.79
360944201335621632,8139,1,52194,9,2020,8722.47
360944201335621632,8139,1,52194,10,2020,8813.06
360944201335621632,8139,1,52194,11,2020,6713.39
360944201335621632,8139,1,52194,12,2020,9346.11
361604643182903424,4748,7,90640,1,2020,-1537.06
361604643182903424,4748,7,90640,2,2020,723.86
361604643182903424,4748,7,90640,3,2020,-4775.52
361604643182903424,4748,7,90640,4,2020,826.76
361604643182903424,4748,7,90640,5,2020,4206.94
361604643182903424,4748,7,90640,6,2020,5957.27
361604643182903424,4748,7,90640,7,2020,5124.81
361604643182903424,4748,7,90640,8,2020,-1835.02
361604643182903424,4748,7,90640,9,2020,7992.19
361604643182903424,4748,7,90640,10,2020,4980.66
361604643182903424,4748,7,90640,11,2020,3611.92
361604643182903424,4748,7,90640,12,2020,9659.82
362552780560336832,9358,1,61148,1,2020,-9515.94
362552780560336832,9358,1,61148,2,2020,-11160.05
362552780560336832,9358,1,61148,3,2020,-11081.56
362552780560336832,9358,1,61148,4,2020,-6141.7
362552780560336832,9358,1,61148,5,2020,-8575.67
362552780560336832,9358,1,61148,6,2020,-9764.54
362552780560336832,9358,1,61148,7,2020,-2435.26
362552780560336832,9358,1,61148,8,2020,-5115.47
362552780560336832,9358,1,61148,9,2020,-5638.27
362552780560336832,9358,1,61148,10,2020,-8896.27
362552780560336832,9358,1,61148,11,2020,-7543.2
362552780560336832,9358,1,61148,12,2020,-9556.59
363084361693740096,248,2,72706,1,2020,2183.83
363084361693740096,248,2,72706,2,2020,3159.67
363084361693740096,248,2,72706,3,2020,2627.89
363084361693740096,248,2,72706,4,2020,504.99
363084361693740096,248,2,72706,5,2020,-3938.64
363084361693740096,248,2,72706,6,2020,-3109.53
363084361693740096,248,2,72706,7,2020,-104.5
363084361693740096,248,2,72706,8,2020,7229.43
363084361693740096,248,2,72706,9,2020,4577.76
363084361693740096,248,2,72706,10,2020,7149.63
363084361693740096,248,2,72706,11,2020,10299.91
363084361693740096,248,2,72706,12,2020,8555.17
363678894478075840,1922,3,91712,1,2020,32.54
363678894478075840,1922,3,91712,2,2020,-2649.81
363678894478075840,1922,3,91712,3,2020,-4370.89
363678894478075840,1922,3,91712,4,2020,-7666.12
363678894478075840,1922,3,91712,5,2020,-9663.82
363678894478075840,1922,3,91712,6,2020,-7927.29
363678894478075840,1922,3,91712,7,2020,-12900.83
363678894478075840,1922,3,91712,8,2020,-12131.58
363678894478075840,1922,3,91712,9,2020,-14954.97
363678894478075840,1922,3,91712,10,2020,-12844.54
363678894478075840,1922,3,91712,11,2020,-9713.85
363678894478075840,1922,3,91712,12,2020,-9709.02
363782435497340928,5613,7,49948,1,2020,-4038.6
363782435497340928,5613,7,49948,2,2020,-1959.84
363782435497340928,5613,7,49948,3,2020,-7530.06
363782435497340928,5613,7,49948,4,2020,-6929.97
363782435497340928,5613,7,49948,5,2020,-4823.11
363782435497340928,5613,7,49948,6,2020,-4864.17
363782435497340928,5613,7,49948,7,2020,-7532.8
363782435497340928,5613,7,49948,8,2020,-9128.04
363782435497340928,5613,7,49948,9,2020,-13429.48
363782435497340928,5613,7,49948,10,2020,-13365.46
363782435497340928,5613,7,49948,11,2020,-16413.98
363782435497340928,5613,7,49948,12,2020,-19175.35
364339143463862272,1761,7,41962,1,2020,-3297.05
364339143463862272,1761,7,41962,2,2020,-3228.18
364339143463862272,1761,7,41962,3,2020,-5960.57
364339143463862272,1761,7,41962,4,2020,-3448.53
364339143463862272,1761,7,41962,5,2020,-4488.11
364339143463862272,1761,7,41962,6,2020,-4175.04
364339143463862272,1761,7,41962,7,2020,-632.05
364339143463862272,1761,7,41962,8,2020,-3178.37
364339143463862272,1761,7,41962,9,2020,1104.55
364339143463862272,1761,7,41962,10,2020,4303.54
364339143463862272,1761,7,41962,11,2020,1300.47
364339143463862272,1761,7,41962,12,2020,5491.35
366164701292132608,9533,1,4655,1,2020,-3976.65
366164701292132608,9533,1,4655,2,2020,-4083.71
366164701292132608,9533,1,4655,3,2020,-4572.91
366164701292132608,9533,1,4655,4,2020,-5809.92
366164701292132608,9533,1,4655,5,2020,-7335.86
366164701292132608,9533,1,4655,6,2020,-9375.34
366164701292132608,9533,1,4655,7,2020,-2013.55
366164701292132608,9533,1,4655,8,2020,-4420.21
366164701292132608,9533,1,4655,9,2020,-537.66
366164701292132608,9533,1,4655,10,2020,-1823.01
366164701292132608,9533,1,4655,11,2020,1126.43
366164701292132608,9533,1,4655,12,2020,-8552.29
366398489645734592,7453,9,20333,1,2020,-14.24
366398489645734592,7453,9,20333,2,2020,-517.22
366398489645734592,7453,9,20333,3,2020,-7020.45
366398489645734592,7453,9,20333,4,2020,-5458.23
366398489645734592,7453,9,20333,5,2020,-9188.91
366398489645734592,7453,9,20333,6,2020,-5421.22
366398489645734592,7453,9,20333,7,2020,-6824.13
366398489645734592,7453,9,20333,8,2020,-929.14
366398489645734592,7453,9,20333,9,2020,-2669.27
366398489645734592,7453,9,20333,10,2020,390.78
366398489645734592,7453,9,20333,11,2020,-5522.33
366398489645734592,7453,9,20333,12,2020,-1587.31
366443523909551680,8740,1,73196,1,2020,460.0
366443523909551680,8740,1,73196,2,2020,-3775.57
366443523909551680,8740,1,73196,3,2020,-1470.17
366443523909551680,8740,1,73196,4,2020,-417.08
366443523909551680,8740,1,73196,5,2020,630.1
366443523909551680,8740,1,73196,6,2020,-1216.54
366443523909551680,8740,1,73196,7,2020,-4986.87
366443523909551680,8740,1,73196,8,2020,383.12
