734066197148106752,4954,1,57016,5,2020,-572.85
734066197148106752,4954,1,57016,6,2020,-1049.18
734066197148106752,4954,1,57016,7,2020,-2031.59
734066197148106752,4954,1,57016,8,2020,-2150.23
734066197148106752,4954,1,57016,9,2020,-47.71
734066197148106752,4954,1,57016,10,2020,-1808.26
734066197148106752,4954,1,57016,11,2020,-4212.48
734066197148106752,4954,1,57016,12,2020,-3741.09
734746636787840128,9981,3,91299,1,2020,329.67
734746636787840128,9981,3,91299,2,2020,4218.86
734746636787840128,9981,3,91299,3,2020,-5907.54
734746636787840128,9981,3,91299,4,2020,-6200.32
734746636787840128,9981,3,91299,5,2020,-1328.34
734746636787840128,9981,3,91299,6,2020,-1322.22
734746636787840128,9981,3,91299,7,2020,-2349.95
734746636787840128,9981,3,91299,8,2020,-3417.88
734746636787840128,9981,3,91299,9,2020,-550.16
734746636787840128,9981,3,91299,10,2020,-3539.67
734746636787840128,9981,3,91299,11,2020,-4850.21
734746636787840128,9981,3,91299,12,2020,-1175.07
735774129656159360,5711,2,28229,1,2020,-3177.54
735774129656159360,5711,2,28229,2,2020,-3177.54
735774129656159360,5711,2,28229,3,2020,-3177.54
735774129656159360,5711,2,28229,4,2020,-1444.11
735774129656159360,5711,2,28229,5,2020,1808.51
735774129656159360,5711,2,28229,6,2020,954.48
735774129656159360,5711,2,28229,7,2020,-273.09
735774129656159360,5711,2,28229,8,2020,1264.87
735774129656159360,5711,2,28229,9,2020,424.28
735774129656159360,5711,2,28229,10,2020,424.28
735774129656159360,5711,2,28229,11,2020,-1177.65
735774129656159360,5711,2,28229,12,2020,-4769.77
736177247324779136,621,6,5097,1,2020,-4818.42
736177247324779136,621,6,5097,2,2020,-5327.06
736177247324779136,621,6,5097,3,2020,-1892.26
736177247324779136,621,6,5097,4,2020,518.42
736177247324779136,621,6,5097,5,2020,2220.88
736177247324779136,621,6,5097,6,2020,2469.05
736177247324779136,621,6,5097,7,2020,1833.96
736177247324779136,621,6,5097,8,2020,4683.85
736177247324779136,621,6,5097,9,2020,542.59
736177247324779136,621,6,5097,10,2020,6801.64
736177247324779136,621,6,5097,11,2020,8333.01
736177247324779136,621,6,5097,12,2020,8924.94
737480257183053440,5901,8,89042,1,2020,-4310.21
737480257183053440,5901,8,89042,2,2020,-5887.48
737480257183053440,5901,8,89042,3,2020,-1759.09
737480257183053440,5901,8,89042,4,2020,-1223.69
737480257183053440,5901,8,89042,5,2020,-5407.02
737480257183053440,5901,8,89042,6,2020,-7215.55
737480257183053440,5901,8,89042,7,2020,-5079.59
737480257183053440,5901,8,89042,8,2020,-860.34
737480257183053440,5901,8,89042,9,2020,2708.65
737480257183053440,5901,8,89042,10,2020,-2478.4
737480257183053440,5901,8,89042,11,2020,-3060.12
737480257183053440,5901,8,89042,12,2020,-2539.27
737521200708247936,1677,4,67257,1,2020,5694.58
737521200708247936,1677,4,67257,2,2020,3748.59
737521200708247936,1677,4,67257,3,2020,2979.3
737521200708247936,1677,4,67257,4,2020,6570.24
737521200708247936,1677,4,67257,5,2020,8037.33
737521200708247936,1677,4,67257,6,2020,14116.71
737521200708247936,1677,4,67257,7,2020,16377.84
737521200708247936,1677,4,67257,8,2020,18157.01
737521200708247936,1677,4,67257,9,2020,21283.46
737521200708247936,1677,4,67257,10,2020,25269.37
737521200708247936,1677,4,67257,11,2020,28203.65
737521200708247936,1677,4,67257,12,2020,29069.51
738012352090950016,4575,7,31425,1,2020,2034.52
738012352090950016,4575,7,31425,2,2020,598.06
738012352090950016,4575,7,31425,3,2020,-7628.77
738012352090950016,4575,7,31425,4,2020,-8335.98
738012352090950016,4575,7,31425,5,2020,-10647.93
738012352090950016,4575,7,31425,6,2020,-6715.75
738012352090950016,4575,7,31425,7,2020,369.24
738012352090950016,4575,7,31425,8,2020,5706.2
738012352090950016,4575,7,31425,9,2020,5514.5
738012352090950016,4575,7,31425,10,2020,4982.64
738012352090950016,4575,7,31425,11,2020,-2189.91
738012352090950016,4575,7,31425,12,2020,1217.46
738017502593482880,1634,9,58114,1,2020,-2770.24
738017502593482880,1634,9,58114,2,2020,-2071.15
738017502593482880,1634,9,58114,3,2020,-3831.07
738017502593482880,1634,9,58114,4,2020,-1752.21
738017502593482880,1634,9,58114,5,2020,-6074.75
738017502593482880,1634,9,58114,6,2020,-10261.87
738017502593482880,1634,9,58114,7,2020,-12693.58
738017502593482880,1634,9,58114,8,2020,-13539.36
738017502593482880,1634,9,58114,9,2020,-20790.71
738017502593482880,1634,9,58114,10,2020,-19860.62
738017502593482880,1634,9,58114,11,2020,-21050.09
738017502593482880,1634,9,58114,12,2020,-20735.92
738722732766321920,6056,8,42058,1,2020,-1157.19
738722732766321920,6056,8,42058,2,2020,328.63
738722732766321920,6056,8,42058,3,2020,328.63
738722732766321920,6056,8,42058,4,2020,-971.84
738722732766321920,6056,8,42058,5,2020,-1433.48
738722732766321920,6056,8,42058,6,2020,-2293.43
738722732766321920,6056,8,42058,7,2020,-2212.68
738722732766321920,6056,8,42058,8,2020,-433.52
738722732766321920,6056,8,42058,9,2020,-2122.12
738722732766321920,6056,8,42058,10,2020,-3822.25
738722732766321920,6056,8,42058,11,2020,-3822.25
738722732766321920,6056,8,42058,12,2020,-3822.25
7399497589386025,1559,5,41669,1,2020,1319.22
7399497589386025,1559,5,41669,2,2020,2647.29
7399497589386025,1559,5,41669,3,2020,7673.03
7399497589386025,1559,5,41669,4,2020,8645.92
7399497589386025,1559,5,41669,5,2020,11795.38
7399497589386025,1559,5,41669,6,2020,13819.25
7399497589386025,1559,5,41669,7,2020,17059.94
7399497589386025,1559,5,41669,8,2020,17790.64
7399497589386025,1559,5,41669,9,2020,17126.8
7399497589386025,1559,5,41669,10,2020,20083.44
7399497589386025,1559,5,41669,11,2020,19364.41
7399497589386025,1559,5,41669,12,2020,18890.29
740333848914241280,5925,8,47463,1,2020,3887.96
740333848914241280,5925,8,47463,2,2020,790.56
740333848914241280,5925,8,47463,3,2020,-12039.63
740333848914241280,5925,8,47463,4,2020,-16273.01
740333848914241280,5925,8,47463,5,2020,-21007.28
740333848914241280,5925,8,47463,6,2020,-24456.08
740333848914241280,5925,8,47463,7,2020,-27393.77
740333848914241280,5925,8,47463,8,2020,-24266.17
740333848914241280,5925,8,47463,9,2020,-22555.82
740333848914241280,5925,8,47463,10,2020,-18692.3
740333848914241280,5925,8,47463,11,2020,-8175.99
740333848914241280,5925,8,47463,12,2020,-9019.1
740624279742617088,3035,6,72220,1,2020,1108.84
740624279742617088,3035,6,72220,2,2020,3413.91
740624279742617088,3035,6,72220,3,2020,4609.75
740624279742617088,3035,6,72220,4,2020,6920.14
740624279742617088,3035,6,72220,5,2020,2785.84
740624279742617088,3035,6,72220,6,2020,-1248.81
740624279742617088,3035,6,72220,7,2020,-3860.13
740624279742617088,3035,6,72220,8,2020,-4761.77
740624279742617088,3035,6,72220,9,2020,1234.73
740624279742617088,3035,6,72220,10,2020,-9305.68
740624279742617088,3035,6,72220,11,2020,-11570.6
740624279742617088,3035,6,72220,12,2020,-13316.37
743389578385811456,1474,7,27093,1,2020,3461.39
743389578385811456,1474,7,27093,2,2020,5948.32
743389578385811456,1474,7,27093,3,2020,8889.17
743389578385811456,1474,7,27093,4,2020,11633.33
743389578385811456,1474,7,27093,5,2020,14613.32
743389578385811456,1474,7,27093,6,2020,10929.47
743389578385811456,1474,7,27093,7,2020,7921.83
743389578385811456,1474,7,27093,8,2020,13811.05
743389578385811456,1474,7,27093,9,2020,14323.07
743389578385811456,1474,7,27093,10,2020,14167.29
743389578385811456,1474,7,27093,11,2020,14939.31
743389578385811456,1474,7,27093,12,2020,9386.95
743581014868784000,9402,8,19920,1,2020,-918.36
743581014868784000,9402,8,19920,2,2020,-400.03
743581014868784000,9402,8,19920,3,2020,-3280.74
743581014868784000,9402,8,19920,4,2020,-4355.71
743581014868784000,9402,8,19920,5,2020,1082.55
743581014868784000,9402,8,19920,6,2020,781.22
743581014868784000,9402,8,19920,7,2020,-1721.76
743581014868784000,9402,8,19920,8,2020,-560.02
743581014868784000,9402,8,19920,9,2020,304.15
743581014868784000,9402,8,19920,10,2020,-5828.26
743581014868784000,9402,8,19920,11,2020,-5177.95
743581014868784000,9402,8,19920,12,2020,-484.09
744272774934078848,8571,0,31659,1,2020,3475.62
744272774934078848,8571,0,31659,2,2020,-1686.15
744272774934078848,8571,0,31659,3,2020,2345.12
744272774934078848,8571,0,31659,4,2020,8704.52
744272774934078848,8571,0,31659,5,2020,8141.7
744272774934078848,8571,0,31659,6,2020,7100.08
744272774934078848,8571,0,31659,7,2020,3755.92
744272774934078848,8571,0,31659,8,2020,831.98
744272774934078848,8571,0,31659,9,2020,-3016.58
744272774934078848,8571,0,31659,10,2020,-21.49
744272774934078848,8571,0,31659,11,2020,3571.59
744272774934078848,8571,0,31659,12,2020,8848.45
745679385393998720,4520,3,91041,1,2020,-2172.66
745679385393998720,4520,3,91041,2,2020,-2172.66
745679385393998720,4520,3,91041,3,2020,-2172.66
745679385393998720,4520,3,91041,4,2020,-910.99
745679385393998720,4520,3,91041,5,2020,286.77
745679385393998720,4520,3,91041,6,2020,-2244.73
745679385393998720,4520,3,91041,7,2020,-1993.46
745679385393998720,4520,3,91041,8,2020,-3728.56
745679385393998720,4520,3,91041,9,2020,-2818.88
745679385393998720,4520,3,91041,10,2020,-2690.4
745679385393998720,4520,3,91041,11,2020,-2788.54
745679385393998720,4520,3,91041,12,2020,-3398.51
745921517904069888,6952,9,65186,1,2020,7402.77
745921517904069888,6952,9,65186,2,2020,457.81
745921517904069888,6952,9,65186,3,2020,1644.99
745921517904069888,6952,9,65186,4,2020,-1954.39
745921517904069888,6952,9,65186,5,2020,-4901.91
745921517904069888,6952,9,65186,6,2020,-7574.58
745921517904069888,6952,9,65186,7,2020,-2706.13
745921517904069888,6952,9,65186,8,2020,6788.51
745921517904069888,6952,9,65186,9,2020,1556.75
745921517904069888,6952,9,65186,10,2020,4220.07
745921517904069888,6952,9,65186,11,2020,2165.49
745921517904069888,6952,9,65186,12,2020,-795.56
746461240827666944,7255,4,22705,1,2020,-5286.99
746461240827666944,7255,4,22705,2,2020,-5334.31
746461240827666944,7255,4,22705,3,2020,-5145.31
746461240827666944,7255,4,22705,4,2020,-4767.39
746461240827666944,7255,4,22705,5,2020,-2654.72
746461240827666944,7255,4,22705,6,2020,-11690.52
746461240827666944,7255,4,22705,7,2020,-20915.82
746461240827666944,7255,4,22705,8,2020,-21777.16
746461240827666944,7255,4,22705,9,2020,-20779.85
746461240827666944,7255,4,22705,10,2020,-28238.33
746461240827666944,7255,4,22705,11,2020,-26753.94
746461240827666944,7255,4,22705,12,2020,-30445.98
746687278186803456,8080,1,63266,1,2020,0.0
746687278186803456,8080,1,63266,2,2020,-1824.19
746687278186803456,8080,1,63266,3,2020,180.13
746687278186803456,8080,1,63266,4,2020,180.13
746687278186803456,8080,1,63266,5,2020,180.13
746687278186803456,8080,1,63266,6,2020,180.13
746687278186803456,8080,1,63266,7,2020,707.57
746687278186803456,8080,1,63266,8,2020,707.57
746687278186803456,8080,1,63266,9,2020,733.4
746687278186803456,8080,1,63266,10,2020,-294.08
746687278186803456,8080,1,63266,11,2020,-1959.87
746687278186803456,8080,1,63266,12,2020,-1959.87
748129350032235264,9596,4,64398,1,2020,3184.09
748129350032235264,9596,4,64398,2,2020,-1001.12
748129350032235264,9596,4,64398,3,2020,-2650.13
748129350032235264,9596,4,64398,4,2020,-4311.09
748129350032235264,9596,4,64398,5,2020,8511.73
748129350032235264,9596,4,64398,6,2020,6989.6
748129350032235264,9596,4,64398,7,2020,8188.81
748129350032235264,9596,4,64398,8,2020,9486.31
748129350032235264,9596,4,64398,9,2020,14074.86
748129350032235264,9596,4,64398,10,2020,11868.35
748129350032235264,9596,4,64398,11,2020,12651.12
748129350032235264,9596,4,64398,12,2020,15164.49
748451798680840064,4255,0,27150,1,2020,-5688.91
748451798680840064,4255,0,27150,2,2020,-14212.98
748451798680840064,4255,0,27150,3,2020,-7263.48
748451798680840064,4255,0,27150,4,2020,-3667.97
748451798680840064,4255,0,27150,5,2020,-9241.8
748451798680840064,4255,0,27150,6,2020,-14439.67
