2861340736673216512,6245,8,61719,7,2020,7271.78
2861340736673216512,6245,8,61719,8,2020,8230.0
2861340736673216512,6245,8,61719,9,2020,15609.49
2861340736673216512,6245,8,61719,10,2020,21094.1
2861340736673216512,6245,8,61719,11,2020,26819.3
2861340736673216512,6245,8,61719,12,2020,21756.96
2863764929602619392,9857,9,31030,1,2020,4800.26
2863764929602619392,9857,9,31030,2,2020,6397.41
2863764929602619392,9857,9,31030,3,2020,7437.68
2863764929602619392,9857,9,31030,4,2020,7760.54
2863764929602619392,9857,9,31030,5,2020,4478.46
2863764929602619392,9857,9,31030,6,2020,5468.3
2863764929602619392,9857,9,31030,7,2020,9719.74
2863764929602619392,9857,9,31030,8,2020,10597.6
2863764929602619392,9857,9,31030,9,2020,16934.01
2863764929602619392,9857,9,31030,10,2020,16870.66
2863764929602619392,9857,9,31030,11,2020,18253.76
2863764929602619392,9857,9,31030,12,2020,18181.51
2863956601348310528,1812,9,29389,1,2020,-398.7
2863956601348310528,1812,9,29389,2,2020,-168.53
2863956601348310528,1812,9,29389,3,2020,-354.79
2863956601348310528,1812,9,29389,4,2020,203.67
2863956601348310528,1812,9,29389,5,2020,-1591.17
2863956601348310528,1812,9,29389,6,2020,-3684.63
2863956601348310528,1812,9,29389,7,2020,-2110.74
2863956601348310528,1812,9,29389,8,2020,-770.56
2863956601348310528,1812,9,29389,9,2020,-2008.34
2863956601348310528,1812,9,29389,10,2020,-2498.48
2863956601348310528,1812,9,29389,11,2020,-3099.19
2863956601348310528,1812,9,29389,12,2020,-2106.02
2864570094415047168,7805,6,35732,1,2020,2886.73
2864570094415047168,7805,6,35732,2,2020,-357.13
2864570094415047168,7805,6,35732,3,2020,-366.51
2864570094415047168,7805,6,35732,4,2020,-981.24
2864570094415047168,7805,6,35732,5,2020,-1181.89
2864570094415047168,7805,6,35732,6,2020,-364.23
2864570094415047168,7805,6,35732,7,2020,-1730.41
2864570094415047168,7805,6,35732,8,2020,-3872.68
2864570094415047168,7805,6,35732,9,2020,3420.74
2864570094415047168,7805,6,35732,10,2020,-1465.02
2864570094415047168,7805,6,35732,11,2020,449.85
2864570094415047168,7805,6,35732,12,2020,-562.03
2867901949121255936,4221,6,42715,1,2020,-5058.57
2867901949121255936,4221,6,42715,2,2020,3884.41
2867901949121255936,4221,6,42715,3,2020,5936.01
2867901949121255936,4221,6,42715,4,2020,7365.05
2867901949121255936,4221,6,42715,5,2020,6514.8
2867901949121255936,4221,6,42715,6,2020,10965.13
2867901949121255936,4221,6,42715,7,2020,7007.47
2867901949121255936,4221,6,42715,8,2020,9249.58
2867901949121255936,4221,6,42715,9,2020,12264.9
2867901949121255936,4221,6,42715,10,2020,9353.4
2867901949121255936,4221,6,42715,11,2020,12715.41
2867901949121255936,4221,6,42715,12,2020,6510.41
286834239720255168,5784,7,99344,1,2020,1116.28
286834239720255168,5784,7,99344,2,2020,-1684.88
286834239720255168,5784,7,99344,3,2020,-2486.09
286834239720255168,5784,7,99344,4,2020,-2486.09
286834239720255168,5784,7,99344,5,2020,-2486.09
286834239720255168,5784,7,99344,6,2020,-3609.11
286834239720255168,5784,7,99344,7,2020,-2994.65
286834239720255168,5784,7,99344,8,2020,-140.45
286834239720255168,5784,7,99344,9,2020,-140.45
286834239720255168,5784,7,99344,10,2020,1640.22
286834239720255168,5784,7,99344,11,2020,3211.09
286834239720255168,5784,7,99344,12,2020,1611.32
2868349137478836224,1378,2,75352,1,2020,-100.22
2868349137478836224,1378,2,75352,2,2020,-25.81
2868349137478836224,1378,2,75352,3,2020,-25.81
2868349137478836224,1378,2,75352,4,2020,-4077.42
2868349137478836224,1378,2,75352,5,2020,-2314.11
2868349137478836224,1378,2,75352,6,2020,-4777.5
2868349137478836224,1378,2,75352,7,2020,-3833.04
2868349137478836224,1378,2,75352,8,2020,-3833.04
2868349137478836224,1378,2,75352,9,2020,-5354.23
2868349137478836224,1378,2,75352,10,2020,-3356.65
2868349137478836224,1378,2,75352,11,2020,-3666.7
2868349137478836224,1378,2,75352,12,2020,-3371.52
2869522898744424960,1079,9,20196,1,2020,2053.0
2869522898744424960,1079,9,20196,2,2020,1896.69
2869522898744424960,1079,9,20196,3,2020,-2036.84
2869522898744424960,1079,9,20196,4,2020,-7657.22
2869522898744424960,1079,9,20196,5,2020,-5977.65
2869522898744424960,1079,9,20196,6,2020,-8582.51
2869522898744424960,1079,9,20196,7,2020,-12560.29
2869522898744424960,1079,9,20196,8,2020,-11565.91
2869522898744424960,1079,9,20196,9,2020,-13700.32
2869522898744424960,1079,9,20196,10,2020,-11581.34
2869522898744424960,1079,9,20196,11,2020,-12466.09
2869522898744424960,1079,9,20196,12,2020,-12746.99
286971064071035232,6954,0,76160,1,2020,646.35
286971064071035232,6954,0,76160,2,2020,-2308.99
286971064071035232,6954,0,76160,3,2020,-2895.61
286971064071035232,6954,0,76160,4,2020,-4858.06
286971064071035232,6954,0,76160,5,2020,-4037.49
286971064071035232,6954,0,76160,6,2020,-2596.89
286971064071035232,6954,0,76160,7,2020,-6028.3
286971064071035232,6954,0,76160,8,2020,-10670.54
286971064071035232,6954,0,76160,9,2020,-6189.48
286971064071035232,6954,0,76160,10,2020,-12021.39
286971064071035232,6954,0,76160,11,2020,-10560.54
286971064071035232,6954,0,76160,12,2020,-13215.56
2870303810701592064,2000,2,11606,1,2020,442.53
2870303810701592064,2000,2,11606,2,2020,-2246.91
2870303810701592064,2000,2,11606,3,2020,-158.89
2870303810701592064,2000,2,11606,4,2020,-1250.58
2870303810701592064,2000,2,11606,5,2020,-1533.99
2870303810701592064,2000,2,11606,6,2020,-982.57
2870303810701592064,2000,2,11606,7,2020,-1539.61
2870303810701592064,2000,2,11606,8,2020,-2858.49
2870303810701592064,2000,2,11606,9,2020,-4378.97
2870303810701592064,2000,2,11606,10,2020,-4348.57
2870303810701592064,2000,2,11606,11,2020,-7556.04
2870303810701592064,2000,2,11606,12,2020,-7556.04
2872204555558592000,4324,6,58369,1,2020,4873.92
2872204555558592000,4324,6,58369,2,2020,8465.92
2872204555558592000,4324,6,58369,3,2020,5287.86
2872204555558592000,4324,6,58369,4,2020,7711.96
2872204555558592000,4324,6,58369,5,2020,-2489.33
2872204555558592000,4324,6,58369,6,2020,-4872.16
2872204555558592000,4324,6,58369,7,2020,-2018.31
2872204555558592000,4324,6,58369,8,2020,-2993.5
2872204555558592000,4324,6,58369,9,2020,1220.38
2872204555558592000,4324,6,58369,10,2020,1761.75
2872204555558592000,4324,6,58369,11,2020,1329.33
2872204555558592000,4324,6,58369,12,2020,3103.78
2872575613465949184,564,4,92398,1,2020,-1517.95
2872575613465949184,564,4,92398,2,2020,2089.85
2872575613465949184,564,4,92398,3,2020,-1644.95
2872575613465949184,564,4,92398,4,2020,-2405.89
2872575613465949184,564,4,92398,5,2020,-635.2
2872575613465949184,564,4,92398,6,2020,-1412.46
2872575613465949184,564,4,92398,7,2020,-3631.05
2872575613465949184,564,4,92398,8,2020,-1147.67
2872575613465949184,564,4,92398,9,2020,1503.53
2872575613465949184,564,4,92398,10,2020,4161.39
2872575613465949184,564,4,92398,11,2020,2728.37
2872575613465949184,564,4,92398,12,2020,3490.98
2875083272635229696,6725,2,88266,1,2020,-4898.63
2875083272635229696,6725,2,88266,2,2020,-5477.35
2875083272635229696,6725,2,88266,3,2020,-9377.44
2875083272635229696,6725,2,88266,4,2020,-12444.59
2875083272635229696,6725,2,88266,5,2020,-18492.16
2875083272635229696,6725,2,88266,6,2020,-14924.82
2875083272635229696,6725,2,88266,7,2020,-13392.51
2875083272635229696,6725,2,88266,8,2020,-10990.04
2875083272635229696,6725,2,88266,9,2020,-10097.42
2875083272635229696,6725,2,88266,10,2020,-7616.05
2875083272635229696,6725,2,88266,11,2020,-10794.71
2875083272635229696,6725,2,88266,12,2020,-14881.65
2875562506256574464,6433,8,463,1,2020,506.97
2875562506256574464,6433,8,463,2,2020,735.4
2875562506256574464,6433,8,463,3,2020,1688.89
2875562506256574464,6433,8,463,4,2020,2452.55
2875562506256574464,6433,8,463,5,2020,2164.52
2875562506256574464,6433,8,463,6,2020,933.37
2875562506256574464,6433,8,463,7,2020,-173.43
2875562506256574464,6433,8,463,8,2020,5471.22
2875562506256574464,6433,8,463,9,2020,6679.54
2875562506256574464,6433,8,463,10,2020,9170.01
2875562506256574464,6433,8,463,11,2020,10832.8
2875562506256574464,6433,8,463,12,2020,10628.85
2876178840448966144,7939,2,70689,1,2020,-5466.15
2876178840448966144,7939,2,70689,2,2020,-5922.72
2876178840448966144,7939,2,70689,3,2020,-7002.27
2876178840448966144,7939,2,70689,4,2020,-6260.49
2876178840448966144,7939,2,70689,5,2020,-12343.62
2876178840448966144,7939,2,70689,6,2020,-8610.7
2876178840448966144,7939,2,70689,7,2020,-13385.48
2876178840448966144,7939,2,70689,8,2020,-20325.72
2876178840448966144,7939,2,70689,9,2020,-24900.74
2876178840448966144,7939,2,70689,10,2020,-24417.65
2876178840448966144,7939,2,70689,11,2020,-30184.23
2876178840448966144,7939,2,70689,12,2020,-34422.96
2877145771397578752,518,5,2719,1,2020,-335.84
2877145771397578752,518,5,2719,2,2020,-4913.08
2877145771397578752,518,5,2719,3,2020,-10169.52
2877145771397578752,518,5,2719,4,2020,-6468.57
2877145771397578752,518,5,2719,5,2020,-8404.33
2877145771397578752,518,5,2719,6,2020,4167.58
2877145771397578752,518,5,2719,7,2020,5044.1
2877145771397578752,518,5,2719,8,2020,2945.02
2877145771397578752,518,5,2719,9,2020,-743.81
2877145771397578752,518,5,2719,10,2020,1357.77
2877145771397578752,518,5,2719,11,2020,4434.33
2877145771397578752,518,5,2719,12,2020,-664.32
287917711213129888,5882,5,73263,1,2020,-957.73
287917711213129888,5882,5,73263,2,2020,-4013.08
287917711213129888,5882,5,73263,3,2020,-4079.62
287917711213129888,5882,5,73263,4,2020,-6170.85
287917711213129888,5882,5,73263,5,2020,-6364.07
287917711213129888,5882,5,73263,6,2020,-6364.07
287917711213129888,5882,5,73263,7,2020,-5862.58
287917711213129888,5882,5,73263,8,2020,-7088.68
287917711213129888,5882,5,73263,9,2020,-10973.92
287917711213129888,5882,5,73263,10,2020,-10462.85
287917711213129888,5882,5,73263,11,2020,-11470.34
287917711213129888,5882,5,73263,12,2020,-9462.86
2879287629711667712,4518,3,27661,1,2020,1158.43
2879287629711667712,4518,3,27661,2,2020,-5527.33
2879287629711667712,4518,3,27661,3,2020,-6365.01
2879287629711667712,4518,3,27661,4,2020,-8210.97
2879287629711667712,4518,3,27661,5,2020,-2924.67
2879287629711667712,4518,3,27661,6,2020,-8525.31
2879287629711667712,4518,3,27661,7,2020,-9583.74
2879287629711667712,4518,3,27661,8,2020,-10758.17
2879287629711667712,4518,3,27661,9,2020,-11691.27
2879287629711667712,4518,3,27661,10,2020,-15979.26
2879287629711667712,4518,3,27661,11,2020,-16649.39
2879287629711667712,4518,3,27661,12,2020,-16090.31
2879540758088751104,5952,9,66754,1,2020,-5962.34
2879540758088751104,5952,9,66754,2,2020,-1803.54
2879540758088751104,5952,9,66754,3,2020,79.09
2879540758088751104,5952,9,66754,4,2020,3569.88
2879540758088751104,5952,9,66754,5,2020,2605.05
2879540758088751104,5952,9,66754,6,2020,788.39
2879540758088751104,5952,9,66754,7,2020,2012.34
2879540758088751104,5952,9,66754,8,2020,-2928.18
2879540758088751104,5952,9,66754,9,2020,3326.31
2879540758088751104,5952,9,66754,10,2020,2353.79
2879540758088751104,5952,9,66754,11,2020,6436.84
2879540758088751104,5952,9,66754,12,2020,8631.75
288018669968888032,8935,2,78354,1,2020,-1945.67
288018669968888032,8935,2,78354,2,2020,-6101.56
288018669968888032,8935,2,78354,3,2020,-5036.51
288018669968888032,8935,2,78354,4,2020,-5211.85
288018669968888032,8935,2,78354,5,2020,-1836.29
288018669968888032,8935,2,78354,6,2020,847.2
288018669968888032,8935,2,78354,7,2020,-5188.92
288018669968888032,8935,2,78354,8,2020,-6839.61
288018669968888032,8935,2,78354,9,2020,-4962.2
288018669968888032,8935,2,78354,10,2020,-234.03
288018669968888032,8935,2,78354,11,2020,-263.53
288018669968888032,8935,2,78354,12,2020,6399.76
2880452409563950080,9276,3,68085,1,2020,-958.32
2880452409563950080,9276,3,68085,2,2020,-8009.0
2880452409563950080,9276,3,68085,3,2020,-12033.43
2880452409563950080,9276,3,68085,4,2020,-14960.73
2880452409563950080,9276,3,68085,5,2020,-21286.96
2880452409563950080,9276,3,68085,6,2020,-24922.89
