2706346233609073152,7914,7,79162,4,2020,9184.64
2706346233609073152,7914,7,79162,5,2020,15245.0
2706346233609073152,7914,7,79162,6,2020,12502.69
2706346233609073152,7914,7,79162,7,2020,7366.4
2706346233609073152,7914,7,79162,8,2020,7933.52
2706346233609073152,7914,7,79162,9,2020,4937.06
2706346233609073152,7914,7,79162,10,2020,5888.92
2706346233609073152,7914,7,79162,11,2020,8978.59
2706346233609073152,7914,7,79162,12,2020,599.31
2706413434856439296,613,4,79295,1,2020,-476.92
2706413434856439296,613,4,79295,2,2020,3232.03
2706413434856439296,613,4,79295,3,2020,4966.84
2706413434856439296,613,4,79295,4,2020,5374.65
2706413434856439296,613,4,79295,5,2020,3055.21
2706413434856439296,613,4,79295,6,2020,3479.84
2706413434856439296,613,4,79295,7,2020,2784.7
2706413434856439296,613,4,79295,8,2020,459.19
2706413434856439296,613,4,79295,9,2020,2768.2
2706413434856439296,613,4,79295,10,2020,6474.05
2706413434856439296,613,4,79295,11,2020,3544.39
2706413434856439296,613,4,79295,12,2020,2912.9
2706796535861008896,2248,1,51415,1,2020,-1001.36
2706796535861008896,2248,1,51415,2,2020,3859.72
2706796535861008896,2248,1,51415,3,2020,4140.1
2706796535861008896,2248,1,51415,4,2020,2348.08
2706796535861008896,2248,1,51415,5,2020,-1548.12
2706796535861008896,2248,1,51415,6,2020,-2070.56
2706796535861008896,2248,1,51415,7,2020,-2637.2
2706796535861008896,2248,1,51415,8,2020,-1335.44
2706796535861008896,2248,1,51415,9,2020,-4434.51
2706796535861008896,2248,1,51415,10,2020,-6653.3
2706796535861008896,2248,1,51415,11,2020,-5627.14
2706796535861008896,2248,1,51415,12,2020,-9586.61
2706910335826955264,9990,6,37521,1,2020,-3401.02
2706910335826955264,9990,6,37521,2,2020,-4841.81
2706910335826955264,9990,6,37521,3,2020,-4778.33
2706910335826955264,9990,6,37521,4,2020,-1984.58
2706910335826955264,9990,6,37521,5,2020,350.59
2706910335826955264,9990,6,37521,6,2020,-392.49
2706910335826955264,9990,6,37521,7,2020,-1923.27
2706910335826955264,9990,6,37521,8,2020,2028.78
2706910335826955264,9990,6,37521,9,2020,4075.45
2706910335826955264,9990,6,37521,10,2020,8927.74
2706910335826955264,9990,6,37521,11,2020,3087.18
2706910335826955264,9990,6,37521,12,2020,8620.0
270698372006450496,4672,3,7347,1,2020,2926.32
270698372006450496,4672,3,7347,2,2020,5377.33
270698372006450496,4672,3,7347,3,2020,11885.58
270698372006450496,4672,3,7347,4,2020,3177.67
270698372006450496,4672,3,7347,5,2020,4803.52
270698372006450496,4672,3,7347,6,2020,10665.86
270698372006450496,4672,3,7347,7,2020,13223.41
270698372006450496,4672,3,7347,8,2020,12271.94
270698372006450496,4672,3,7347,9,2020,12788.87
270698372006450496,4672,3,7347,10,2020,20064.06
270698372006450496,4672,3,7347,11,2020,16659.79
270698372006450496,4672,3,7347,12,2020,19542.56
2707424651907414528,3029,7,36353,1,2020,-813.3
2707424651907414528,3029,7,36353,2,2020,603.98
2707424651907414528,3029,7,36353,3,2020,3977.27
2707424651907414528,3029,7,36353,4,2020,3642.1
2707424651907414528,3029,7,36353,5,2020,3642.1
2707424651907414528,3029,7,36353,6,2020,5291.85
2707424651907414528,3029,7,36353,7,2020,4426.07
2707424651907414528,3029,7,36353,8,2020,6900.28
2707424651907414528,3029,7,36353,9,2020,6900.28
2707424651907414528,3029,7,36353,10,2020,6788.42
2707424651907414528,3029,7,36353,11,2020,6250.71
2707424651907414528,3029,7,36353,12,2020,5308.01
2710096802775491584,5120,1,70829,1,2020,2016.95
2710096802775491584,5120,1,70829,2,2020,2906.98
2710096802775491584,5120,1,70829,3,2020,-3629.15
2710096802775491584,5120,1,70829,4,2020,-2211.51
2710096802775491584,5120,1,70829,5,2020,-1574.02
2710096802775491584,5120,1,70829,6,2020,-1686.26
2710096802775491584,5120,1,70829,7,2020,-12449.25
2710096802775491584,5120,1,70829,8,2020,-17136.74
2710096802775491584,5120,1,70829,9,2020,-23025.01
2710096802775491584,5120,1,70829,10,2020,-16568.21
2710096802775491584,5120,1,70829,11,2020,-13786.16
2710096802775491584,5120,1,70829,12,2020,-7884.82
2710280229294267904,71,3,46841,1,2020,2686.41
2710280229294267904,71,3,46841,2,2020,-5507.13
2710280229294267904,71,3,46841,3,2020,-9874.28
2710280229294267904,71,3,46841,4,2020,-6225.28
2710280229294267904,71,3,46841,5,2020,-6810.86
2710280229294267904,71,3,46841,6,2020,4552.12
2710280229294267904,71,3,46841,7,2020,-615.54
2710280229294267904,71,3,46841,8,2020,3553.71
2710280229294267904,71,3,46841,9,2020,7601.97
2710280229294267904,71,3,46841,10,2020,11793.22
2710280229294267904,71,3,46841,11,2020,6957.48
2710280229294267904,71,3,46841,12,2020,7981.44
2711327822648657408,9056,3,16656,1,2020,151.57
2711327822648657408,9056,3,16656,2,2020,-2703.69
2711327822648657408,9056,3,16656,3,2020,-3992.75
2711327822648657408,9056,3,16656,4,2020,-4537.43
2711327822648657408,9056,3,16656,5,2020,-4598.76
2711327822648657408,9056,3,16656,6,2020,-3903.25
2711327822648657408,9056,3,16656,7,2020,-3838.79
2711327822648657408,9056,3,16656,8,2020,-6187.69
2711327822648657408,9056,3,16656,9,2020,-9158.92
2711327822648657408,9056,3,16656,10,2020,-9251.73
2711327822648657408,9056,3,16656,11,2020,-9793.9
2711327822648657408,9056,3,16656,12,2020,-11825.22
2713043002139156480,4275,6,33646,1,2020,-6636.7
2713043002139156480,4275,6,33646,2,2020,-9679.09
2713043002139156480,4275,6,33646,3,2020,-5290.58
2713043002139156480,4275,6,33646,4,2020,-4935.66
2713043002139156480,4275,6,33646,5,2020,-10279.53
2713043002139156480,4275,6,33646,6,2020,-8580.91
2713043002139156480,4275,6,33646,7,2020,-8234.01
2713043002139156480,4275,6,33646,8,2020,-12283.29
2713043002139156480,4275,6,33646,9,2020,-3535.55
2713043002139156480,4275,6,33646,10,2020,-1296.57
2713043002139156480,4275,6,33646,11,2020,425.61
2713043002139156480,4275,6,33646,12,2020,3022.24
2713627701861671936,2971,0,27111,1,2020,-1143.81
2713627701861671936,2971,0,27111,2,2020,-2157.39
2713627701861671936,2971,0,27111,3,2020,-5335.15
2713627701861671936,2971,0,27111,4,2020,-5057.91
2713627701861671936,2971,0,27111,5,2020,-6465.11
2713627701861671936,2971,0,27111,6,2020,-6465.11
2713627701861671936,2971,0,27111,7,2020,-2529.29
2713627701861671936,2971,0,27111,8,2020,-3806.7
2713627701861671936,2971,0,27111,9,2020,-7497.43
2713627701861671936,2971,0,27111,10,2020,-9123.01
2713627701861671936,2971,0,27111,11,2020,-12510.68
2713627701861671936,2971,0,27111,12,2020,-11383.5
2713967095512356864,6136,0,29316,1,2020,3327.71
2713967095512356864,6136,0,29316,2,2020,6686.44
2713967095512356864,6136,0,29316,3,2020,8468.77
2713967095512356864,6136,0,29316,4,2020,11955.81
2713967095512356864,6136,0,29316,5,2020,11771.39
2713967095512356864,6136,0,29316,6,2020,10449.56
2713967095512356864,6136,0,29316,7,2020,15777.26
2713967095512356864,6136,0,29316,8,2020,16980.82
2713967095512356864,6136,0,29316,9,2020,18753.17
2713967095512356864,6136,0,29316,10,2020,17514.38
2713967095512356864,6136,0,29316,11,2020,10349.4
2713967095512356864,6136,0,29316,12,2020,14271.62
2715691577825980416,8614,2,31191,1,2020,-1158.0
2715691577825980416,8614,2,31191,2,2020,3267.08
2715691577825980416,8614,2,31191,3,2020,25.05
2715691577825980416,8614,2,31191,4,2020,-4451.43
2715691577825980416,8614,2,31191,5,2020,-2889.92
2715691577825980416,8614,2,31191,6,2020,-5838.7
2715691577825980416,8614,2,31191,7,2020,-14989.63
2715691577825980416,8614,2,31191,8,2020,-12208.05
2715691577825980416,8614,2,31191,9,2020,-16564.21
2715691577825980416,8614,2,31191,10,2020,-19149.11
2715691577825980416,8614,2,31191,11,2020,-22140.82
2715691577825980416,8614,2,31191,12,2020,-26734.9
2717613291668044288,6737,6,46735,1,2020,5646.06
2717613291668044288,6737,6,46735,2,2020,5470.35
2717613291668044288,6737,6,46735,3,2020,6935.02
2717613291668044288,6737,6,46735,4,2020,5340.75
2717613291668044288,6737,6,46735,5,2020,3816.08
2717613291668044288,6737,6,46735,6,2020,1280.01
2717613291668044288,6737,6,46735,7,2020,1267.02
2717613291668044288,6737,6,46735,8,2020,6287.05
2717613291668044288,6737,6,46735,9,2020,8529.59
2717613291668044288,6737,6,46735,10,2020,9822.05
2717613291668044288,6737,6,46735,11,2020,9661.15
2717613291668044288,6737,6,46735,12,2020,12466.24
2719672827189726720,9126,5,35448,1,2020,-1936.01
2719672827189726720,9126,5,35448,2,2020,1060.44
2719672827189726720,9126,5,35448,3,2020,3345.25
2719672827189726720,9126,5,35448,4,2020,3249.03
2719672827189726720,9126,5,35448,5,2020,3128.42
2719672827189726720,9126,5,35448,6,2020,2542.13
2719672827189726720,9126,5,35448,7,2020,4082.88
2719672827189726720,9126,5,35448,8,2020,5681.61
2719672827189726720,9126,5,35448,9,2020,8616.72
2719672827189726720,9126,5,35448,10,2020,8616.72
2719672827189726720,9126,5,35448,11,2020,9122.32
2719672827189726720,9126,5,35448,12,2020,7402.52
2720547543964478976,857,3,24164,1,2020,-639.75
2720547543964478976,857,3,24164,2,2020,349.3
2720547543964478976,857,3,24164,3,2020,-1516.96
2720547543964478976,857,3,24164,4,2020,-3169.38
2720547543964478976,857,3,24164,5,2020,-6434.67
2720547543964478976,857,3,24164,6,2020,-3932.62
2720547543964478976,857,3,24164,7,2020,-6434.02
2720547543964478976,857,3,24164,8,2020,-1016.7
2720547543964478976,857,3,24164,9,2020,264.78
2720547543964478976,857,3,24164,10,2020,4.86
2720547543964478976,857,3,24164,11,2020,-191.68
2720547543964478976,857,3,24164,12,2020,6672.8
2722076345515904512,2584,4,73294,1,2020,-509.68
2722076345515904512,2584,4,73294,2,2020,-4625.02
2722076345515904512,2584,4,73294,3,2020,-1363.85
2722076345515904512,2584,4,73294,4,2020,-1773.42
2722076345515904512,2584,4,73294,5,2020,1148.41
2722076345515904512,2584,4,73294,6,2020,-1610.63
2722076345515904512,2584,4,73294,7,2020,-609.8
2722076345515904512,2584,4,73294,8,2020,3074.12
2722076345515904512,2584,4,73294,9,2020,3148.16
2722076345515904512,2584,4,73294,10,2020,-1290.46
2722076345515904512,2584,4,73294,11,2020,776.23
2722076345515904512,2584,4,73294,12,2020,5342.67
2722432012312605184,781,0,91414,1,2020,-5143.76
2722432012312605184,781,0,91414,2,2020,-7717.35
2722432012312605184,781,0,91414,3,2020,-7330.68
2722432012312605184,781,0,91414,4,2020,-8776.88
2722432012312605184,781,0,91414,5,2020,-18277.94
2722432012312605184,781,0,91414,6,2020,-18793.68
2722432012312605184,781,0,91414,7,2020,-13668.69
2722432012312605184,781,0,91414,8,2020,-26982.86
2722432012312605184,781,0,91414,9,2020,-29543.31
2722432012312605184,781,0,91414,10,2020,-31723.53
2722432012312605184,781,0,91414,11,2020,-35307.13
2722432012312605184,781,0,91414,12,2020,-37251.71
272282735743283008,156,8,95641,1,2020,-1060.48
272282735743283008,156,8,95641,2,2020,5552.12
272282735743283008,156,8,95641,3,2020,4669.1
272282735743283008,156,8,95641,4,2020,3615.71
272282735743283008,156,8,95641,5,2020,-627.25
272282735743283008,156,8,95641,6,2020,3211.55
272282735743283008,156,8,95641,7,2020,-2001.71
272282735743283008,156,8,95641,8,2020,2360.02
272282735743283008,156,8,95641,9,2020,2193.35
272282735743283008,156,8,95641,10,2020,8326.99
272282735743283008,156,8,95641,11,2020,12237.42
272282735743283008,156,8,95641,12,2020,16778.01
2725553298761572864,470,9,15359,1,2020,3552.33
2725553298761572864,470,9,15359,2,2020,-4211.34
2725553298761572864,470,9,15359,3,2020,-2268.66
2725553298761572864,470,9,15359,4,2020,5013.18
2725553298761572864,470,9,15359,5,2020,1762.32
2725553298761572864,470,9,15359,6,2020,6511.95
2725553298761572864,470,9,15359,7,2020,4240.88
2725553298761572864,470,9,15359,8,2020,14383.67
2725553298761572864,470,9,15359,9,2020,12131.79
2725553298761572864,470,9,15359,10,2020,7176.52
2725553298761572864,470,9,15359,11,2020,2504.31
2725553298761572864,470,9,15359,12,2020,2862.75
2725594378771988992,5213,5,38041,1,2020,-176.84
2725594378771988992,5213,5,38041,2,2020,2527.56
2725594378771988992,5213,5,38041,3,2020,1605.22
