778564521831666048,5487,7,37004,8,2020,2337.02
778564521831666048,5487,7,37004,9,2020,1727.74
778564521831666048,5487,7,37004,10,2020,4831.94
778564521831666048,5487,7,37004,11,2020,3569.58
778564521831666048,5487,7,37004,12,2020,4956.59
779152819793169536,7427,1,72232,1,2020,-4903.84
779152819793169536,7427,1,72232,2,2020,-8722.52
779152819793169536,7427,1,72232,3,2020,-13524.73
779152819793169536,7427,1,72232,4,2020,-11284.32
779152819793169536,7427,1,72232,5,2020,-7025.1
779152819793169536,7427,1,72232,6,2020,-6314.58
779152819793169536,7427,1,72232,7,2020,-9358.37
779152819793169536,7427,1,72232,8,2020,-15987.87
779152819793169536,7427,1,72232,9,2020,-20376.59
779152819793169536,7427,1,72232,10,2020,-20488.36
779152819793169536,7427,1,72232,11,2020,-22519.89
779152819793169536,7427,1,72232,12,2020,-23799.03
779411067201061504,2479,7,60615,1,2020,2253.35
779411067201061504,2479,7,60615,2,2020,-1019.62
779411067201061504,2479,7,60615,3,2020,-3340.39
779411067201061504,2479,7,60615,4,2020,-3134.96
779411067201061504,2479,7,60615,5,2020,-4485.64
779411067201061504,2479,7,60615,6,2020,-5455.08
779411067201061504,2479,7,60615,7,2020,-5455.66
779411067201061504,2479,7,60615,8,2020,-5035.7
779411067201061504,2479,7,60615,9,2020,-5288.32
779411067201061504,2479,7,60615,10,2020,386.65
779411067201061504,2479,7,60615,11,2020,-983.46
779411067201061504,2479,7,60615,12,2020,245.03
781796853262498176,9816,0,47332,1,2020,10067.4
781796853262498176,9816,0,47332,2,2020,20268.05
781796853262498176,9816,0,47332,3,2020,26808.41
781796853262498176,9816,0,47332,4,2020,29097.33
781796853262498176,9816,0,47332,5,2020,39573.79
781796853262498176,9816,0,47332,6,2020,37164.57
781796853262498176,9816,0,47332,7,2020,30282.46
781796853262498176,9816,0,47332,8,2020,29447.15
781796853262498176,9816,0,47332,9,2020,32689.54
781796853262498176,9816,0,47332,10,2020,31677.38
781796853262498176,9816,0,47332,11,2020,27440.46
781796853262498176,9816,0,47332,12,2020,27095.03
782106914370577408,9501,1,19743,1,2020,-239.75
782106914370577408,9501,1,19743,2,2020,-4129.87
782106914370577408,9501,1,19743,3,2020,-6009.33
782106914370577408,9501,1,19743,4,2020,-7878.48
782106914370577408,9501,1,19743,5,2020,-6482.34
782106914370577408,9501,1,19743,6,2020,-3410.45
782106914370577408,9501,1,19743,7,2020,-2213.9
782106914370577408,9501,1,19743,8,2020,-7806.25
782106914370577408,9501,1,19743,9,2020,-8946.54
782106914370577408,9501,1,19743,10,2020,-5389.32
782106914370577408,9501,1,19743,11,2020,-9052.99
782106914370577408,9501,1,19743,12,2020,-6475.56
784062356160499968,1384,5,41153,1,2020,-5691.39
784062356160499968,1384,5,41153,2,2020,-7430.43
784062356160499968,1384,5,41153,3,2020,-4430.9
784062356160499968,1384,5,41153,4,2020,-2519.04
784062356160499968,1384,5,41153,5,2020,-1732.67
784062356160499968,1384,5,41153,6,2020,1828.84
784062356160499968,1384,5,41153,7,2020,1149.52
784062356160499968,1384,5,41153,8,2020,5524.14
784062356160499968,1384,5,41153,9,2020,5617.23
784062356160499968,1384,5,41153,10,2020,2813.67
784062356160499968,1384,5,41153,11,2020,3388.83
784062356160499968,1384,5,41153,12,2020,1300.82
784886030034259712,8278,7,53420,1,2020,-3771.83
784886030034259712,8278,7,53420,2,2020,-10394.8
784886030034259712,8278,7,53420,3,2020,-11014.76
784886030034259712,8278,7,53420,4,2020,-9154.46
784886030034259712,8278,7,53420,5,2020,-4570.25
784886030034259712,8278,7,53420,6,2020,-8559.29
784886030034259712,8278,7,53420,7,2020,-7644.87
784886030034259712,8278,7,53420,8,2020,-13664.48
784886030034259712,8278,7,53420,9,2020,-10948.8
784886030034259712,8278,7,53420,10,2020,-4710.76
784886030034259712,8278,7,53420,11,2020,-493.88
784886030034259712,8278,7,53420,12,2020,-5001.75
786586457854453120,2186,6,89507,1,2020,2862.49
786586457854453120,2186,6,89507,2,2020,3209.85
786586457854453120,2186,6,89507,3,2020,3055.95
786586457854453120,2186,6,89507,4,2020,3323.14
786586457854453120,2186,6,89507,5,2020,4311.71
786586457854453120,2186,6,89507,6,2020,2576.27
786586457854453120,2186,6,89507,7,2020,2200.08
786586457854453120,2186,6,89507,8,2020,1739.76
786586457854453120,2186,6,89507,9,2020,2233.68
786586457854453120,2186,6,89507,10,2020,2835.39
786586457854453120,2186,6,89507,11,2020,2730.42
786586457854453120,2186,6,89507,12,2020,2463.92
786800567092027264,4332,0,58345,1,2020,7254.94
786800567092027264,4332,0,58345,2,2020,6176.18
786800567092027264,4332,0,58345,3,2020,4852.34
786800567092027264,4332,0,58345,4,2020,2324.09
786800567092027264,4332,0,58345,5,2020,2842.72
786800567092027264,4332,0,58345,6,2020,1820.13
786800567092027264,4332,0,58345,7,2020,-1013.21
786800567092027264,4332,0,58345,8,2020,-8974.15
786800567092027264,4332,0,58345,9,2020,-3640.78
786800567092027264,4332,0,58345,10,2020,1111.22
786800567092027264,4332,0,58345,11,2020,2632.47
786800567092027264,4332,0,58345,12,2020,711.66
787475164782158976,1732,4,88999,1,2020,-330.25
787475164782158976,1732,4,88999,2,2020,-5966.56
787475164782158976,1732,4,88999,3,2020,-8876.23
787475164782158976,1732,4,88999,4,2020,-4909.14
787475164782158976,1732,4,88999,5,2020,617.39
787475164782158976,1732,4,88999,6,2020,6181.21
787475164782158976,1732,4,88999,7,2020,9174.07
787475164782158976,1732,4,88999,8,2020,13893.51
787475164782158976,1732,4,88999,9,2020,8926.68
787475164782158976,1732,4,88999,10,2020,-1380.06
787475164782158976,1732,4,88999,11,2020,-508.18
787475164782158976,1732,4,88999,12,2020,-7761.25
787829574479583488,2058,9,15462,1,2020,2392.06
787829574479583488,2058,9,15462,2,2020,919.74
787829574479583488,2058,9,15462,3,2020,-3020.04
787829574479583488,2058,9,15462,4,2020,5534.68
787829574479583488,2058,9,15462,5,2020,-1896.23
787829574479583488,2058,9,15462,6,2020,-10452.41
787829574479583488,2058,9,15462,7,2020,-8642.58
787829574479583488,2058,9,15462,8,2020,-15730.03
787829574479583488,2058,9,15462,9,2020,-15610.6
787829574479583488,2058,9,15462,10,2020,-14799.42
787829574479583488,2058,9,15462,11,2020,-17574.39
787829574479583488,2058,9,15462,12,2020,-18690.15
790408432252743680,3841,2,29073,1,2020,6182.73
790408432252743680,3841,2,29073,2,2020,1776.36
790408432252743680,3841,2,29073,3,2020,-1623.78
790408432252743680,3841,2,29073,4,2020,-5304.29
790408432252743680,3841,2,29073,5,2020,-5301.55
790408432252743680,3841,2,29073,6,2020,-4284.36
790408432252743680,3841,2,29073,7,2020,-7428.53
790408432252743680,3841,2,29073,8,2020,-8680.5
790408432252743680,3841,2,29073,9,2020,-13502.7
790408432252743680,3841,2,29073,10,2020,-16824.58
790408432252743680,3841,2,29073,11,2020,-15003.91
790408432252743680,3841,2,29073,12,2020,-17216.25
792545925480858880,1203,7,54944,1,2020,-643.69
792545925480858880,1203,7,54944,2,2020,-4026.31
792545925480858880,1203,7,54944,3,2020,-874.13
792545925480858880,1203,7,54944,4,2020,-4123.81
792545925480858880,1203,7,54944,5,2020,-7925.44
792545925480858880,1203,7,54944,6,2020,-13748.69
792545925480858880,1203,7,54944,7,2020,-17614.08
792545925480858880,1203,7,54944,8,2020,-17441.15
792545925480858880,1203,7,54944,9,2020,-13135.99
792545925480858880,1203,7,54944,10,2020,-12868.75
792545925480858880,1203,7,54944,11,2020,-12643.96
792545925480858880,1203,7,54944,12,2020,-17445.79
793483669592082304,7296,2,8470,1,2020,4831.58
793483669592082304,7296,2,8470,2,2020,4577.6
793483669592082304,7296,2,8470,3,2020,2824.54
793483669592082304,7296,2,8470,4,2020,-5364.46
793483669592082304,7296,2,8470,5,2020,-2475.93
793483669592082304,7296,2,8470,6,2020,1743.49
793483669592082304,7296,2,8470,7,2020,7565.47
793483669592082304,7296,2,8470,8,2020,5106.93
793483669592082304,7296,2,8470,9,2020,6727.81
793483669592082304,7296,2,8470,10,2020,361.65
793483669592082304,7296,2,8470,11,2020,-4087.86
793483669592082304,7296,2,8470,12,2020,-7059.59
794285174314797824,4466,2,73703,1,2020,3488.28
794285174314797824,4466,2,73703,2,2020,10291.26
794285174314797824,4466,2,73703,3,2020,11563.58
794285174314797824,4466,2,73703,4,2020,10484.94
794285174314797824,4466,2,73703,5,2020,13112.54
794285174314797824,4466,2,73703,6,2020,10647.14
794285174314797824,4466,2,73703,7,2020,8691.83
794285174314797824,4466,2,73703,8,2020,13403.63
794285174314797824,4466,2,73703,9,2020,15690.53
794285174314797824,4466,2,73703,10,2020,9616.14
794285174314797824,4466,2,73703,11,2020,12053.86
794285174314797824,4466,2,73703,12,2020,1333.47
794453141975416960,5848,7,2757,1,2020,11170.11
794453141975416960,5848,7,2757,2,2020,10004.76
794453141975416960,5848,7,2757,3,2020,3296.79
794453141975416960,5848,7,2757,4,2020,-1500.59
794453141975416960,5848,7,2757,5,2020,404.86
794453141975416960,5848,7,2757,6,2020,2206.92
794453141975416960,5848,7,2757,7,2020,-97.28
794453141975416960,5848,7,2757,8,2020,-4044.36
794453141975416960,5848,7,2757,9,2020,-3190.73
794453141975416960,5848,7,2757,10,2020,-1785.65
794453141975416960,5848,7,2757,11,2020,-1336.13
794453141975416960,5848,7,2757,12,2020,-1294.57
794761416816497536,1160,7,30591,1,2020,-405.64
794761416816497536,1160,7,30591,2,2020,1020.16
794761416816497536,1160,7,30591,3,2020,-463.6
794761416816497536,1160,7,30591,4,2020,10890.34
794761416816497536,1160,7,30591,5,2020,6110.22
794761416816497536,1160,7,30591,6,2020,7216.36
794761416816497536,1160,7,30591,7,2020,9253.16
794761416816497536,1160,7,30591,8,2020,11004.43
794761416816497536,1160,7,30591,9,2020,6859.35
794761416816497536,1160,7,30591,10,2020,12612.51
794761416816497536,1160,7,30591,11,2020,13123.72
794761416816497536,1160,7,30591,12,2020,5745.8
796748300082290944,6812,0,24100,1,2020,685.96
796748300082290944,6812,0,24100,2,2020,-969.32
796748300082290944,6812,0,24100,3,2020,-1037.88
796748300082290944,6812,0,24100,4,2020,-1225.33
796748300082290944,6812,0,24100,5,2020,-2538.15
796748300082290944,6812,0,24100,6,2020,3351.96
796748300082290944,6812,0,24100,7,2020,4913.32
796748300082290944,6812,0,24100,8,2020,2113.53
796748300082290944,6812,0,24100,9,2020,-6287.95
796748300082290944,6812,0,24100,10,2020,-4566.67
796748300082290944,6812,0,24100,11,2020,-8795.38
796748300082290944,6812,0,24100,12,2020,-3455.2
797280182025766272,278,9,94708,1,2020,-1722.21
797280182025766272,278,9,94708,2,2020,-1028.2
797280182025766272,278,9,94708,3,2020,4589.38
797280182025766272,278,9,94708,4,2020,1132.58
797280182025766272,278,9,94708,5,2020,1276.87
797280182025766272,278,9,94708,6,2020,941.83
797280182025766272,278,9,94708,7,2020,4424.0
797280182025766272,278,9,94708,8,2020,6419.91
797280182025766272,278,9,94708,9,2020,9558.34
797280182025766272,278,9,94708,10,2020,8840.82
797280182025766272,278,9,94708,11,2020,14080.57
797280182025766272,278,9,94708,12,2020,16589.1
797972434461558656,2120,0,58059,1,2020,-2950.08
797972434461558656,2120,0,58059,2,2020,-2203.13
797972434461558656,2120,0,58059,3,2020,519.5
797972434461558656,2120,0,58059,4,2020,-702.81
797972434461558656,2120,0,58059,5,2020,1063.99
797972434461558656,2120,0,58059,6,2020,-432.44
797972434461558656,2120,0,58059,7,2020,474.44
797972434461558656,2120,0,58059,8,2020,684.34
797972434461558656,2120,0,58059,9,2020,2448.78
797972434461558656,2120,0,58059,10,2020,2412.38
797972434461558656,2120,0,58059,11,2020,3639.46
797972434461558656,2120,0,58059,12,2020,-2082.29
798047348606268160,3911,0,36054,1,2020,946.19
798047348606268160,3911,0,36054,2,2020,-976.87
798047348606268160,3911,0,36054,3,2020,728.12
798047348606268160,3911,0,36054,4,2020,4948.53
