3352944306534462464,6531,4,39589,9,2020,8088.12
3352944306534462464,6531,4,39589,10,2020,8715.97
3352944306534462464,6531,4,39589,11,2020,7897.83
3352944306534462464,6531,4,39589,12,2020,6286.26
3353214557561610752,655,4,54805,1,2020,-1519.41
3353214557561610752,655,4,54805,2,2020,-1519.41
3353214557561610752,655,4,54805,3,2020,-1519.41
3353214557561610752,655,4,54805,4,2020,-1519.41
3353214557561610752,655,4,54805,5,2020,-1519.41
3353214557561610752,655,4,54805,6,2020,-3274.21
3353214557561610752,655,4,54805,7,2020,-3274.21
3353214557561610752,655,4,54805,8,2020,-3631.97
3353214557561610752,655,4,54805,9,2020,-3631.97
3353214557561610752,655,4,54805,10,2020,-3631.97
3353214557561610752,655,4,54805,11,2020,-2168.8
3353214557561610752,655,4,54805,12,2020,-2168.8
3353224750407238144,6995,5,70521,1,2020,1669.78
3353224750407238144,6995,5,70521,2,2020,3604.29
3353224750407238144,6995,5,70521,3,2020,3742.51
3353224750407238144,6995,5,70521,4,2020,10165.32
3353224750407238144,6995,5,70521,5,2020,12814.74
3353224750407238144,6995,5,70521,6,2020,8554.66
3353224750407238144,6995,5,70521,7,2020,8234.76
3353224750407238144,6995,5,70521,8,2020,6235.85
3353224750407238144,6995,5,70521,9,2020,7251.99
3353224750407238144,6995,5,70521,10,2020,10120.59
3353224750407238144,6995,5,70521,11,2020,14244.93
3353224750407238144,6995,5,70521,12,2020,15146.32
3353747177081125376,9747,6,19587,1,2020,-6496.51
3353747177081125376,9747,6,19587,2,2020,-7947.63
3353747177081125376,9747,6,19587,3,2020,-5010.38
3353747177081125376,9747,6,19587,4,2020,-4154.81
3353747177081125376,9747,6,19587,5,2020,-2781.41
3353747177081125376,9747,6,19587,6,2020,-6420.69
3353747177081125376,9747,6,19587,7,2020,-1970.8
3353747177081125376,9747,6,19587,8,2020,-1400.21
3353747177081125376,9747,6,19587,9,2020,881.23
3353747177081125376,9747,6,19587,10,2020,3460.92
3353747177081125376,9747,6,19587,11,2020,-107.09
3353747177081125376,9747,6,19587,12,2020,-1752.73
3353809635369274368,7675,7,23073,1,2020,-1541.37
3353809635369274368,7675,7,23073,2,2020,-2833.74
3353809635369274368,7675,7,23073,3,2020,-6531.55
3353809635369274368,7675,7,23073,4,2020,-10913.98
3353809635369274368,7675,7,23073,5,2020,-9939.05
3353809635369274368,7675,7,23073,6,2020,-5254.02
3353809635369274368,7675,7,23073,7,2020,-10582.29
3353809635369274368,7675,7,23073,8,2020,-12425.32
3353809635369274368,7675,7,23073,9,2020,-5753.97
3353809635369274368,7675,7,23073,10,2020,-6253.4
3353809635369274368,7675,7,23073,11,2020,-2590.35
3353809635369274368,7675,7,23073,12,2020,-1122.64
3354284729525865984,9286,7,37412,1,2020,-1711.17
3354284729525865984,9286,7,37412,2,2020,163.38
3354284729525865984,9286,7,37412,3,2020,-2903.68
3354284729525865984,9286,7,37412,4,2020,-2878.65
3354284729525865984,9286,7,37412,5,2020,-847.79
3354284729525865984,9286,7,37412,6,2020,1921.22
3354284729525865984,9286,7,37412,7,2020,-5039.49
3354284729525865984,9286,7,37412,8,2020,-5340.22
3354284729525865984,9286,7,37412,9,2020,-2325.29
3354284729525865984,9286,7,37412,10,2020,-1124.39
3354284729525865984,9286,7,37412,11,2020,-4269.34
3354284729525865984,9286,7,37412,12,2020,-4343.93
3355426770005374464,6900,3,21838,1,2020,5252.11
3355426770005374464,6900,3,21838,2,2020,2084.34
3355426770005374464,6900,3,21838,3,2020,-4226.31
3355426770005374464,6900,3,21838,4,2020,-2903.63
3355426770005374464,6900,3,21838,5,2020,-5199.79
3355426770005374464,6900,3,21838,6,2020,-7828.6
3355426770005374464,6900,3,21838,7,2020,-10690.19
3355426770005374464,6900,3,21838,8,2020,-3907.34
3355426770005374464,6900,3,21838,9,2020,-4053.22
3355426770005374464,6900,3,21838,10,2020,-5574.47
3355426770005374464,6900,3,21838,11,2020,-1842.72
3355426770005374464,6900,3,21838,12,2020,-277.75
3357750898159945728,2732,2,3047,1,2020,-156.38
3357750898159945728,2732,2,3047,2,2020,3770.25
3357750898159945728,2732,2,3047,3,2020,2674.82
3357750898159945728,2732,2,3047,4,2020,4279.54
3357750898159945728,2732,2,3047,5,2020,6112.3
3357750898159945728,2732,2,3047,6,2020,5573.51
3357750898159945728,2732,2,3047,7,2020,5323.45
3357750898159945728,2732,2,3047,8,2020,7406.34
3357750898159945728,2732,2,3047,9,2020,7277.34
3357750898159945728,2732,2,3047,10,2020,6727.77
3357750898159945728,2732,2,3047,11,2020,5252.71
3357750898159945728,2732,2,3047,12,2020,5201.06
3358052491693418496,497,6,10188,1,2020,-1619.46
3358052491693418496,497,6,10188,2,2020,-1393.44
3358052491693418496,497,6,10188,3,2020,-402.34
3358052491693418496,497,6,10188,4,2020,-289.18
3358052491693418496,497,6,10188,5,2020,1438.31
3358052491693418496,497,6,10188,6,2020,1103.0
3358052491693418496,497,6,10188,7,2020,-290.1
3358052491693418496,497,6,10188,8,2020,103.59
3358052491693418496,497,6,10188,9,2020,-4266.74
3358052491693418496,497,6,10188,10,2020,-3753.97
3358052491693418496,497,6,10188,11,2020,-7221.5
3358052491693418496,497,6,10188,12,2020,-3835.57
3358256573963249664,1826,2,53130,1,2020,-9539.92
3358256573963249664,1826,2,53130,2,2020,-3222.02
3358256573963249664,1826,2,53130,3,2020,-135.76
3358256573963249664,1826,2,53130,4,2020,-1989.36
3358256573963249664,1826,2,53130,5,2020,2405.5
3358256573963249664,1826,2,53130,6,2020,4242.25
3358256573963249664,1826,2,53130,7,2020,6459.57
3358256573963249664,1826,2,53130,8,2020,2713.2
3358256573963249664,1826,2,53130,9,2020,4730.22
3358256573963249664,1826,2,53130,10,2020,8521.68
3358256573963249664,1826,2,53130,11,2020,14412.95
3358256573963249664,1826,2,53130,12,2020,10240.62
336007236430381440,6362,8,60018,1,2020,-1506.71
336007236430381440,6362,8,60018,2,2020,-1506.71
336007236430381440,6362,8,60018,3,2020,-1506.71
336007236430381440,6362,8,60018,4,2020,-1788.94
336007236430381440,6362,8,60018,5,2020,-760.81
336007236430381440,6362,8,60018,6,2020,-760.81
336007236430381440,6362,8,60018,7,2020,1679.4
336007236430381440,6362,8,60018,8,2020,-1378.99
336007236430381440,6362,8,60018,9,2020,-2883.8
336007236430381440,6362,8,60018,10,2020,-3910.61
336007236430381440,6362,8,60018,11,2020,-3145.04
336007236430381440,6362,8,60018,12,2020,-3707.87
3360132086834001408,1904,3,21922,1,2020,-4026.72
3360132086834001408,1904,3,21922,2,2020,-7237.2
3360132086834001408,1904,3,21922,3,2020,-10495.6
3360132086834001408,1904,3,21922,4,2020,-10371.4
3360132086834001408,1904,3,21922,5,2020,-10161.36
3360132086834001408,1904,3,21922,6,2020,-8656.79
3360132086834001408,1904,3,21922,7,2020,-8181.75
3360132086834001408,1904,3,21922,8,2020,-8863.29
3360132086834001408,1904,3,21922,9,2020,-8348.48
3360132086834001408,1904,3,21922,10,2020,-6577.31
3360132086834001408,1904,3,21922,11,2020,-6866.71
3360132086834001408,1904,3,21922,12,2020,-7664.89
3360265311232431616,9426,1,2058,1,2020,-5477.31
3360265311232431616,9426,1,2058,2,2020,-5640.21
3360265311232431616,9426,1,2058,3,2020,4247.64
3360265311232431616,9426,1,2058,4,2020,3634.73
3360265311232431616,9426,1,2058,5,2020,7837.3
3360265311232431616,9426,1,2058,6,2020,13256.22
3360265311232431616,9426,1,2058,7,2020,8686.71
3360265311232431616,9426,1,2058,8,2020,7688.24
3360265311232431616,9426,1,2058,9,2020,5779.24
3360265311232431616,9426,1,2058,10,2020,7751.91
3360265311232431616,9426,1,2058,11,2020,5793.98
3360265311232431616,9426,1,2058,12,2020,6817.3
3360522544455141376,1990,7,63406,1,2020,2300.44
3360522544455141376,1990,7,63406,2,2020,348.62
3360522544455141376,1990,7,63406,3,2020,-291.46
3360522544455141376,1990,7,63406,4,2020,704.23
3360522544455141376,1990,7,63406,5,2020,-830.77
3360522544455141376,1990,7,63406,6,2020,-35.54
3360522544455141376,1990,7,63406,7,2020,-321.75
3360522544455141376,1990,7,63406,8,2020,4.46
3360522544455141376,1990,7,63406,9,2020,-1352.85
3360522544455141376,1990,7,63406,10,2020,227.04
3360522544455141376,1990,7,63406,11,2020,2532.09
3360522544455141376,1990,7,63406,12,2020,99.54
3360554586803883008,8572,9,47763,1,2020,1798.35
3360554586803883008,8572,9,47763,2,2020,-3166.7
3360554586803883008,8572,9,47763,3,2020,-537.47
3360554586803883008,8572,9,47763,4,2020,-330.22
3360554586803883008,8572,9,47763,5,2020,-118.46
3360554586803883008,8572,9,47763,6,2020,4905.23
3360554586803883008,8572,9,47763,7,2020,7547.28
3360554586803883008,8572,9,47763,8,2020,12039.03
3360554586803883008,8572,9,47763,9,2020,13474.6
3360554586803883008,8572,9,47763,10,2020,5243.91
3360554586803883008,8572,9,47763,11,2020,9584.11
3360554586803883008,8572,9,47763,12,2020,8106.19
3361280530325802496,5868,7,2924,1,2020,488.33
3361280530325802496,5868,7,2924,2,2020,-203.51
3361280530325802496,5868,7,2924,3,2020,3742.46
3361280530325802496,5868,7,2924,4,2020,-3088.88
3361280530325802496,5868,7,2924,5,2020,-327.28
3361280530325802496,5868,7,2924,6,2020,868.37
3361280530325802496,5868,7,2924,7,2020,1993.45
3361280530325802496,5868,7,2924,8,2020,8073.71
3361280530325802496,5868,7,2924,9,2020,5367.71
3361280530325802496,5868,7,2924,10,2020,3021.76
3361280530325802496,5868,7,2924,11,2020,2815.91
3361280530325802496,5868,7,2924,12,2020,3397.02
3362397753278414848,6228,6,13661,1,2020,-6129.82
3362397753278414848,6228,6,13661,2,2020,-3137.63
3362397753278414848,6228,6,13661,3,2020,-2059.31
3362397753278414848,6228,6,13661,4,2020,3159.23
3362397753278414848,6228,6,13661,5,2020,8080.33
3362397753278414848,6228,6,13661,6,2020,14207.57
3362397753278414848,6228,6,13661,7,2020,11014.36
3362397753278414848,6228,6,13661,8,2020,7734.06
3362397753278414848,6228,6,13661,9,2020,12694.02
3362397753278414848,6228,6,13661,10,2020,18876.83
3362397753278414848,6228,6,13661,11,2020,15286.21
3362397753278414848,6228,6,13661,12,2020,24147.71
3362494176217189376,3121,5,30118,1,2020,0.0
3362494176217189376,3121,5,30118,2,2020,224.91
3362494176217189376,3121,5,30118,3,2020,224.91
3362494176217189376,3121,5,30118,4,2020,-1060.16
3362494176217189376,3121,5,30118,5,2020,-1060.16
3362494176217189376,3121,5,30118,6,2020,-1060.16
3362494176217189376,3121,5,30118,7,2020,-1060.16
3362494176217189376,3121,5,30118,8,2020,127.85
3362494176217189376,3121,5,30118,9,2020,127.85
3362494176217189376,3121,5,30118,10,2020,568.7
3362494176217189376,3121,5,30118,11,2020,71.36
3362494176217189376,3121,5,30118,12,2020,-936.56
3362962046774618624,1818,9,92596,1,2020,-860.84
3362962046774618624,1818,9,92596,2,2020,-1582.12
3362962046774618624,1818,9,92596,3,2020,7112.79
3362962046774618624,1818,9,92596,4,2020,5844.12
3362962046774618624,1818,9,92596,5,2020,-806.84
3362962046774618624,1818,9,92596,6,2020,-1549.03
3362962046774618624,1818,9,92596,7,2020,-1663.89
3362962046774618624,1818,9,92596,8,2020,4240.2
3362962046774618624,1818,9,92596,9,2020,-6656.05
3362962046774618624,1818,9,92596,10,2020,-10934.77
3362962046774618624,1818,9,92596,11,2020,-16835.0
3362962046774618624,1818,9,92596,12,2020,-17691.97
3363053841655129088,4471,9,83639,1,2020,-1828.8
3363053841655129088,4471,9,83639,2,2020,-8169.88
3363053841655129088,4471,9,83639,3,2020,-7318.08
3363053841655129088,4471,9,83639,4,2020,-4214.94
3363053841655129088,4471,9,83639,5,2020,-2832.46
3363053841655129088,4471,9,83639,6,2020,-79.92
3363053841655129088,4471,9,83639,7,2020,-3196.12
3363053841655129088,4471,9,83639,8,2020,-2607.52
3363053841655129088,4471,9,83639,9,2020,-5542.44
3363053841655129088,4471,9,83639,10,2020,-5740.43
3363053841655129088,4471,9,83639,11,2020,-8332.71
3363053841655129088,4471,9,83639,12,2020,-9280.37
3363702457803075584,5641,8,20097,1,2020,2497.6
3363702457803075584,5641,8,20097,2,2020,1897.49
3363702457803075584,5641,8,20097,3,2020,289.25
3363702457803075584,5641,8,20097,4,2020,3566.76
3363702457803075584,5641,8,20097,5,2020,7304.87
3363702457803075584,5641,8,20097,6,2020,11170.85
