944591087401571968,8151,8,33539,10,2020,20652.78
944591087401571968,8151,8,33539,11,2020,18458.08
944591087401571968,8151,8,33539,12,2020,11141.96
944970994884400640,2452,7,65903,1,2020,-617.2
944970994884400640,2452,7,65903,2,2020,752.5
944970994884400640,2452,7,65903,3,2020,3297.58
944970994884400640,2452,7,65903,4,2020,-814.89
944970994884400640,2452,7,65903,5,2020,-19.91
944970994884400640,2452,7,65903,6,2020,-1599.38
944970994884400640,2452,7,65903,7,2020,-2324.39
944970994884400640,2452,7,65903,8,2020,-8009.41
944970994884400640,2452,7,65903,9,2020,-16121.05
944970994884400640,2452,7,65903,10,2020,-20335.35
944970994884400640,2452,7,65903,11,2020,-20000.48
944970994884400640,2452,7,65903,12,2020,-20471.9
945658829492086272,5926,7,11491,1,2020,1623.16
945658829492086272,5926,7,11491,2,2020,-1446.92
945658829492086272,5926,7,11491,3,2020,-2867.29
945658829492086272,5926,7,11491,4,2020,-6262.6
945658829492086272,5926,7,11491,5,2020,-6858.54
945658829492086272,5926,7,11491,6,2020,-5788.68
945658829492086272,5926,7,11491,7,2020,-6016.26
945658829492086272,5926,7,11491,8,2020,-7587.03
945658829492086272,5926,7,11491,9,2020,-5623.35
945658829492086272,5926,7,11491,10,2020,-7374.79
945658829492086272,5926,7,11491,11,2020,-6276.72
945658829492086272,5926,7,11491,12,2020,-6590.41
946339794877132544,5927,6,41940,1,2020,434.39
946339794877132544,5927,6,41940,2,2020,-1117.33
946339794877132544,5927,6,41940,3,2020,-126.03
946339794877132544,5927,6,41940,4,2020,-954.98
946339794877132544,5927,6,41940,5,2020,-954.98
946339794877132544,5927,6,41940,6,2020,32.5
946339794877132544,5927,6,41940,7,2020,917.7
946339794877132544,5927,6,41940,8,2020,1327.54
946339794877132544,5927,6,41940,9,2020,616.31
946339794877132544,5927,6,41940,10,2020,1692.75
946339794877132544,5927,6,41940,11,2020,-1666.37
946339794877132544,5927,6,41940,12,2020,-2929.03
947201300336248704,5325,3,64292,1,2020,6752.32
947201300336248704,5325,3,64292,2,2020,4389.3
947201300336248704,5325,3,64292,3,2020,4993.27
947201300336248704,5325,3,64292,4,2020,1007.23
947201300336248704,5325,3,64292,5,2020,2201.15
947201300336248704,5325,3,64292,6,2020,-3108.78
947201300336248704,5325,3,64292,7,2020,-1666.12
947201300336248704,5325,3,64292,8,2020,456.47
947201300336248704,5325,3,64292,9,2020,6138.48
947201300336248704,5325,3,64292,10,2020,11290.79
947201300336248704,5325,3,64292,11,2020,3976.9
947201300336248704,5325,3,64292,12,2020,3001.01
947447526312558080,8254,5,8121,1,2020,67.44
947447526312558080,8254,5,8121,2,2020,67.44
947447526312558080,8254,5,8121,3,2020,408.42
947447526312558080,8254,5,8121,4,2020,408.42
947447526312558080,8254,5,8121,5,2020,-1562.32
947447526312558080,8254,5,8121,6,2020,103.04
947447526312558080,8254,5,8121,7,2020,103.04
947447526312558080,8254,5,8121,8,2020,103.04
947447526312558080,8254,5,8121,9,2020,103.04
947447526312558080,8254,5,8121,10,2020,1694.74
947447526312558080,8254,5,8121,11,2020,1694.74
947447526312558080,8254,5,8121,12,2020,2533.26
94852168151901536,4000,3,17004,1,2020,-3157.22
94852168151901536,4000,3,17004,2,2020,-5508.98
94852168151901536,4000,3,17004,3,2020,-13920.48
94852168151901536,4000,3,17004,4,2020,-24655.05
94852168151901536,4000,3,17004,5,2020,-28687.16
94852168151901536,4000,3,17004,6,2020,-20386.98
94852168151901536,4000,3,17004,7,2020,-23323.59
94852168151901536,4000,3,17004,8,2020,-15424.62
94852168151901536,4000,3,17004,9,2020,-19953.06
94852168151901536,4000,3,17004,10,2020,-16094.92
94852168151901536,4000,3,17004,11,2020,-12213.58
94852168151901536,4000,3,17004,12,2020,-10319.57
948531051514719360,1694,6,93084,1,2020,-202.64
948531051514719360,1694,6,93084,2,2020,-133.7
948531051514719360,1694,6,93084,3,2020,680.04
948531051514719360,1694,6,93084,4,2020,-2992.89
948531051514719360,1694,6,93084,5,2020,-2297.17
948531051514719360,1694,6,93084,6,2020,-3901.63
948531051514719360,1694,6,93084,7,2020,-15119.51
948531051514719360,1694,6,93084,8,2020,-18895.84
948531051514719360,1694,6,93084,9,2020,-19657.06
948531051514719360,1694,6,93084,10,2020,-18158.58
948531051514719360,1694,6,93084,11,2020,-18486.79
948531051514719360,1694,6,93084,12,2020,-21039.92
948995570567424896,7937,1,57710,1,2020,2671.14
948995570567424896,7937,1,57710,2,2020,5575.94
948995570567424896,7937,1,57710,3,2020,4989.12
948995570567424896,7937,1,57710,4,2020,4125.8
948995570567424896,7937,1,57710,5,2020,4865.94
948995570567424896,7937,1,57710,6,2020,2833.32
948995570567424896,7937,1,57710,7,2020,6635.84
948995570567424896,7937,1,57710,8,2020,1422.9
948995570567424896,7937,1,57710,9,2020,1638.97
948995570567424896,7937,1,57710,10,2020,4015.51
948995570567424896,7937,1,57710,11,2020,4061.8
948995570567424896,7937,1,57710,12,2020,4836.23
950549094096300160,6685,5,10330,1,2020,-1239.44
950549094096300160,6685,5,10330,2,2020,70.68
950549094096300160,6685,5,10330,3,2020,772.52
950549094096300160,6685,5,10330,4,2020,-1439.02
950549094096300160,6685,5,10330,5,2020,277.61
950549094096300160,6685,5,10330,6,2020,-117.88
950549094096300160,6685,5,10330,7,2020,-460.77
950549094096300160,6685,5,10330,8,2020,-1976.84
950549094096300160,6685,5,10330,9,2020,-1320.33
950549094096300160,6685,5,10330,10,2020,-3081.39
950549094096300160,6685,5,10330,11,2020,-2189.17
950549094096300160,6685,5,10330,12,2020,-1189.43
950809857869696256,3706,5,95932,1,2020,3549.18
950809857869696256,3706,5,95932,2,2020,875.1
950809857869696256,3706,5,95932,3,2020,1586.93
950809857869696256,3706,5,95932,4,2020,-118.76
950809857869696256,3706,5,95932,5,2020,1618.98
950809857869696256,3706,5,95932,6,2020,1417.99
950809857869696256,3706,5,95932,7,2020,2138.44
950809857869696256,3706,5,95932,8,2020,2570.22
950809857869696256,3706,5,95932,9,2020,7312.81
950809857869696256,3706,5,95932,10,2020,2416.77
950809857869696256,3706,5,95932,11,2020,-76.63
950809857869696256,3706,5,95932,12,2020,-1016.25
951215757488226176,4124,4,53635,1,2020,-2.69
951215757488226176,4124,4,53635,2,2020,-2935.14
951215757488226176,4124,4,53635,3,2020,-5283.91
951215757488226176,4124,4,53635,4,2020,-6676.96
951215757488226176,4124,4,53635,5,2020,534.88
951215757488226176,4124,4,53635,6,2020,5727.02
951215757488226176,4124,4,53635,7,2020,4729.0
951215757488226176,4124,4,53635,8,2020,11814.97
951215757488226176,4124,4,53635,9,2020,8686.37
951215757488226176,4124,4,53635,10,2020,12945.05
951215757488226176,4124,4,53635,11,2020,17318.66
951215757488226176,4124,4,53635,12,2020,13073.92
952461673877439872,2437,2,64336,1,2020,-6736.84
952461673877439872,2437,2,64336,2,2020,-5269.66
952461673877439872,2437,2,64336,3,2020,-1222.14
952461673877439872,2437,2,64336,4,2020,-2884.5
952461673877439872,2437,2,64336,5,2020,-3987.3
952461673877439872,2437,2,64336,6,2020,-2633.94
952461673877439872,2437,2,64336,7,2020,-7284.94
952461673877439872,2437,2,64336,8,2020,-11480.75
952461673877439872,2437,2,64336,9,2020,-11930.89
952461673877439872,2437,2,64336,10,2020,-25717.65
952461673877439872,2437,2,64336,11,2020,-19058.35
952461673877439872,2437,2,64336,12,2020,-23274.34
953039428155438208,8913,8,79281,1,2020,898.65
953039428155438208,8913,8,79281,2,2020,469.24
953039428155438208,8913,8,79281,3,2020,469.24
953039428155438208,8913,8,79281,4,2020,980.61
953039428155438208,8913,8,79281,5,2020,1433.59
953039428155438208,8913,8,79281,6,2020,4278.58
953039428155438208,8913,8,79281,7,2020,4278.58
953039428155438208,8913,8,79281,8,2020,5323.64
953039428155438208,8913,8,79281,9,2020,5323.64
953039428155438208,8913,8,79281,10,2020,4498.85
953039428155438208,8913,8,79281,11,2020,3979.8
953039428155438208,8913,8,79281,12,2020,4647.19
955205254833968000,6294,1,15460,1,2020,766.95
955205254833968000,6294,1,15460,2,2020,2258.21
955205254833968000,6294,1,15460,3,2020,-3133.58
955205254833968000,6294,1,15460,4,2020,-8610.01
955205254833968000,6294,1,15460,5,2020,-11135.8
955205254833968000,6294,1,15460,6,2020,-10716.72
955205254833968000,6294,1,15460,7,2020,-3227.8
955205254833968000,6294,1,15460,8,2020,-4392.69
955205254833968000,6294,1,15460,9,2020,-4074.62
955205254833968000,6294,1,15460,10,2020,-2589.86
955205254833968000,6294,1,15460,11,2020,-3467.58
955205254833968000,6294,1,15460,12,2020,-4873.74
955338973441200384,1905,1,43797,1,2020,-1911.78
955338973441200384,1905,1,43797,2,2020,-921.1
955338973441200384,1905,1,43797,3,2020,-2005.13
955338973441200384,1905,1,43797,4,2020,-2005.13
955338973441200384,1905,1,43797,5,2020,-110.74
955338973441200384,1905,1,43797,6,2020,2311.17
955338973441200384,1905,1,43797,7,2020,3840.96
955338973441200384,1905,1,43797,8,2020,2757.1
955338973441200384,1905,1,43797,9,2020,1071.84
955338973441200384,1905,1,43797,10,2020,-288.28
955338973441200384,1905,1,43797,11,2020,-288.28
955338973441200384,1905,1,43797,12,2020,-158.76
956706776503820928,9545,1,51258,1,2020,3501.46
956706776503820928,9545,1,51258,2,2020,2007.6
956706776503820928,9545,1,51258,3,2020,635.4
956706776503820928,9545,1,51258,4,2020,-4187.06
956706776503820928,9545,1,51258,5,2020,-1691.83
956706776503820928,9545,1,51258,6,2020,-1634.44
956706776503820928,9545,1,51258,7,2020,-3121.15
956706776503820928,9545,1,51258,8,2020,5781.26
956706776503820928,9545,1,51258,9,2020,8441.97
956706776503820928,9545,1,51258,10,2020,8829.44
956706776503820928,9545,1,51258,11,2020,10539.13
956706776503820928,9545,1,51258,12,2020,10765.31
95722981952030608,1141,8,4208,1,2020,5911.14
95722981952030608,1141,8,4208,2,2020,12934.89
95722981952030608,1141,8,4208,3,2020,16871.3
95722981952030608,1141,8,4208,4,2020,18080.56
95722981952030608,1141,8,4208,5,2020,14968.71
95722981952030608,1141,8,4208,6,2020,12165.75
95722981952030608,1141,8,4208,7,2020,10999.02
95722981952030608,1141,8,4208,8,2020,6733.19
95722981952030608,1141,8,4208,9,2020,3331.74
95722981952030608,1141,8,4208,10,2020,91.74
95722981952030608,1141,8,4208,11,2020,4133.9
95722981952030608,1141,8,4208,12,2020,4580.5
957494188757221760,8418,8,28467,1,2020,-1431.39
957494188757221760,8418,8,28467,2,2020,-143.79
957494188757221760,8418,8,28467,3,2020,1054.24
957494188757221760,8418,8,28467,4,2020,1054.24
957494188757221760,8418,8,28467,5,2020,-451.61
957494188757221760,8418,8,28467,6,2020,-451.61
957494188757221760,8418,8,28467,7,2020,-670.12
957494188757221760,8418,8,28467,8,2020,-559.05
957494188757221760,8418,8,28467,9,2020,-3646.24
957494188757221760,8418,8,28467,10,2020,-779.6
957494188757221760,8418,8,28467,11,2020,-779.6
957494188757221760,8418,8,28467,12,2020,-1594.83
959225682501978624,9780,2,44442,1,2020,3301.71
959225682501978624,9780,2,44442,2,2020,3993.57
959225682501978624,9780,2,44442,3,2020,-2586.89
959225682501978624,9780,2,44442,4,2020,-2665.21
959225682501978624,9780,2,44442,5,2020,-2017.78
959225682501978624,9780,2,44442,6,2020,-4321.68
959225682501978624,9780,2,44442,7,2020,-4693.62
959225682501978624,9780,2,44442,8,2020,-4454.25
959225682501978624,9780,2,44442,9,2020,-1632.4
959225682501978624,9780,2,44442,10,2020,1056.13
959225682501978624,9780,2,44442,11,2020,2989.08
959225682501978624,9780,2,44442,12,2020,5848.38
959659316261034880,3505,3,99863,1,2020,940.17
959659316261034880,3505,3,99863,2,2020,-1269.76
959659316261034880,3505,3,99863,3,2020,-312.08
959659316261034880,3505,3,99863,4,2020,-2935.23
959659316261034880,3505,3,99863,5,2020,-3309.66
959659316261034880,3505,3,99863,6,2020,-5327.82
959659316261034880,3505,3,99863,7,2020,-5869.45
959659316261034880,3505,3,99863,8,2020,-3927.4
959659316261034880,3505,3,99863,9,2020,-4509.0
