538277553418866048,2958,0,28078,5,2020,6152.13
538277553418866048,2958,0,28078,6,2020,9507.36
538277553418866048,2958,0,28078,7,2020,13861.45
538277553418866048,2958,0,28078,8,2020,10073.51
538277553418866048,2958,0,28078,9,2020,15806.41
538277553418866048,2958,0,28078,10,2020,14661.25
538277553418866048,2958,0,28078,11,2020,16603.24
538277553418866048,2958,0,28078,12,2020,19307.93
538283798447075840,9849,0,78558,1,2020,-448.42
538283798447075840,9849,0,78558,2,2020,-6049.32
538283798447075840,9849,0,78558,3,2020,-5834.75
538283798447075840,9849,0,78558,4,2020,-11518.06
538283798447075840,9849,0,78558,5,2020,-13791.21
538283798447075840,9849,0,78558,6,2020,-10868.83
538283798447075840,9849,0,78558,7,2020,-5570.68
538283798447075840,9849,0,78558,8,2020,-3517.15
538283798447075840,9849,0,78558,9,2020,-5555.47
538283798447075840,9849,0,78558,10,2020,-4680.2
538283798447075840,9849,0,78558,11,2020,-17025.51
538283798447075840,9849,0,78558,12,2020,-16219.92
53908529173311768,8390,9,95778,1,2020,1431.29
53908529173311768,8390,9,95778,2,2020,491.58
53908529173311768,8390,9,95778,3,2020,-235.08
53908529173311768,8390,9,95778,4,2020,-4707.97
53908529173311768,8390,9,95778,5,2020,-7017.35
53908529173311768,8390,9,95778,6,2020,-9745.54
53908529173311768,8390,9,95778,7,2020,-8739.14
53908529173311768,8390,9,95778,8,2020,-5676.47
53908529173311768,8390,9,95778,9,2020,-3459.86
53908529173311768,8390,9,95778,10,2020,-5884.99
53908529173311768,8390,9,95778,11,2020,-10375.66
53908529173311768,8390,9,95778,12,2020,-7236.55
539643151269079168,8683,0,13909,1,2020,0.0
539643151269079168,8683,0,13909,2,2020,-909.95
539643151269079168,8683,0,13909,3,2020,-2552.32
539643151269079168,8683,0,13909,4,2020,-3843.39
539643151269079168,8683,0,13909,5,2020,-3843.39
539643151269079168,8683,0,13909,6,2020,-3843.39
539643151269079168,8683,0,13909,7,2020,-3843.39
539643151269079168,8683,0,13909,8,2020,-3843.39
539643151269079168,8683,0,13909,9,2020,-2024.85
539643151269079168,8683,0,13909,10,2020,-3061.43
539643151269079168,8683,0,13909,11,2020,-4936.63
539643151269079168,8683,0,13909,12,2020,-4936.63
541532630481975552,3939,1,43982,1,2020,841.6
541532630481975552,3939,1,43982,2,2020,-4130.71
541532630481975552,3939,1,43982,3,2020,-6509.68
541532630481975552,3939,1,43982,4,2020,-4785.93
541532630481975552,3939,1,43982,5,2020,-8431.39
541532630481975552,3939,1,43982,6,2020,-12884.35
541532630481975552,3939,1,43982,7,2020,-10233.25
541532630481975552,3939,1,43982,8,2020,-8424.61
541532630481975552,3939,1,43982,9,2020,-20812.96
541532630481975552,3939,1,43982,10,2020,-19516.1
541532630481975552,3939,1,43982,11,2020,-19408.41
541532630481975552,3939,1,43982,12,2020,-16713.65
541532790748751552,7447,1,61758,1,2020,1506.64
541532790748751552,7447,1,61758,2,2020,208.61
541532790748751552,7447,1,61758,3,2020,-8422.92
541532790748751552,7447,1,61758,4,2020,-12294.39
541532790748751552,7447,1,61758,5,2020,-13607.66
541532790748751552,7447,1,61758,6,2020,-21761.37
541532790748751552,7447,1,61758,7,2020,-26704.0
541532790748751552,7447,1,61758,8,2020,-30525.3
541532790748751552,7447,1,61758,9,2020,-33185.86
541532790748751552,7447,1,61758,10,2020,-35247.14
541532790748751552,7447,1,61758,11,2020,-40492.09
541532790748751552,7447,1,61758,12,2020,-41027.7
541572363874914304,1134,8,68042,1,2020,9.34
541572363874914304,1134,8,68042,2,2020,4648.33
541572363874914304,1134,8,68042,3,2020,12006.85
541572363874914304,1134,8,68042,4,2020,8984.39
541572363874914304,1134,8,68042,5,2020,9110.32
541572363874914304,1134,8,68042,6,2020,1918.85
541572363874914304,1134,8,68042,7,2020,10174.22
541572363874914304,1134,8,68042,8,2020,10852.11
541572363874914304,1134,8,68042,9,2020,14686.84
541572363874914304,1134,8,68042,10,2020,12731.98
541572363874914304,1134,8,68042,11,2020,18629.21
541572363874914304,1134,8,68042,12,2020,12895.81
54267712063132040,552,0,60365,1,2020,-2904.2
54267712063132040,552,0,60365,2,2020,-7782.25
54267712063132040,552,0,60365,3,2020,-8483.95
54267712063132040,552,0,60365,4,2020,-13597.49
54267712063132040,552,0,60365,5,2020,-10534.2
54267712063132040,552,0,60365,6,2020,-13011.48
54267712063132040,552,0,60365,7,2020,-8801.81
54267712063132040,552,0,60365,8,2020,-8983.41
54267712063132040,552,0,60365,9,2020,-8162.1
54267712063132040,552,0,60365,10,2020,-6205.28
54267712063132040,552,0,60365,11,2020,-15127.09
54267712063132040,552,0,60365,12,2020,-17140.36
543269957911512640,6144,0,13856,1,2020,-5118.42
543269957911512640,6144,0,13856,2,2020,-7274.63
543269957911512640,6144,0,13856,3,2020,-12116.07
543269957911512640,6144,0,13856,4,2020,-6037.01
543269957911512640,6144,0,13856,5,2020,-1337.48
543269957911512640,6144,0,13856,6,2020,-1075.98
543269957911512640,6144,0,13856,7,2020,-6623.09
543269957911512640,6144,0,13856,8,2020,-7897.93
543269957911512640,6144,0,13856,9,2020,-8374.7
543269957911512640,6144,0,13856,10,2020,-7577.3
543269957911512640,6144,0,13856,11,2020,-1646.72
543269957911512640,6144,0,13856,12,2020,1012.04
543967230970500672,9983,7,60904,1,2020,-2607.16
543967230970500672,9983,7,60904,2,2020,-890.54
543967230970500672,9983,7,60904,3,2020,-7083.98
543967230970500672,9983,7,60904,4,2020,-7118.67
543967230970500672,9983,7,60904,5,2020,-6944.99
543967230970500672,9983,7,60904,6,2020,-6702.44
543967230970500672,9983,7,60904,7,2020,-4266.96
543967230970500672,9983,7,60904,8,2020,-7634.96
543967230970500672,9983,7,60904,9,2020,-4537.79
543967230970500672,9983,7,60904,10,2020,-3780.08
543967230970500672,9983,7,60904,11,2020,-5747.69
543967230970500672,9983,7,60904,12,2020,-5884.85
545471681443437504,6318,8,40683,1,2020,0.0
545471681443437504,6318,8,40683,2,2020,0.0
545471681443437504,6318,8,40683,3,2020,-427.87
545471681443437504,6318,8,40683,4,2020,-427.87
545471681443437504,6318,8,40683,5,2020,-427.87
545471681443437504,6318,8,40683,6,2020,-427.87
545471681443437504,6318,8,40683,7,2020,-2013.16
545471681443437504,6318,8,40683,8,2020,-3479.24
545471681443437504,6318,8,40683,9,2020,-2211.43
545471681443437504,6318,8,40683,10,2020,-3342.65
545471681443437504,6318,8,40683,11,2020,-3342.65
545471681443437504,6318,8,40683,12,2020,-3342.65
546866726400147584,2407,5,28625,1,2020,-550.3
546866726400147584,2407,5,28625,2,2020,9523.34
546866726400147584,2407,5,28625,3,2020,14019.96
546866726400147584,2407,5,28625,4,2020,14228.32
546866726400147584,2407,5,28625,5,2020,7701.05
546866726400147584,2407,5,28625,6,2020,10716.46
546866726400147584,2407,5,28625,7,2020,8542.63
546866726400147584,2407,5,28625,8,2020,6277.03
546866726400147584,2407,5,28625,9,2020,3755.18
546866726400147584,2407,5,28625,10,2020,8994.99
546866726400147584,2407,5,28625,11,2020,12452.41
546866726400147584,2407,5,28625,12,2020,9911.23
547820592848630272,5833,6,65258,1,2020,-1839.01
547820592848630272,5833,6,65258,2,2020,-6429.76
547820592848630272,5833,6,65258,3,2020,-5079.8
547820592848630272,5833,6,65258,4,2020,-5047.35
547820592848630272,5833,6,65258,5,2020,-3723.19
547820592848630272,5833,6,65258,6,2020,4100.61
547820592848630272,5833,6,65258,7,2020,13936.35
547820592848630272,5833,6,65258,8,2020,27237.13
547820592848630272,5833,6,65258,9,2020,24686.49
547820592848630272,5833,6,65258,10,2020,19392.13
547820592848630272,5833,6,65258,11,2020,14056.31
547820592848630272,5833,6,65258,12,2020,15559.14
548356499581734080,6502,4,44520,1,2020,-1196.13
548356499581734080,6502,4,44520,2,2020,1335.07
548356499581734080,6502,4,44520,3,2020,866.82
548356499581734080,6502,4,44520,4,2020,3241.47
548356499581734080,6502,4,44520,5,2020,4150.73
548356499581734080,6502,4,44520,6,2020,-1557.76
548356499581734080,6502,4,44520,7,2020,1629.32
548356499581734080,6502,4,44520,8,2020,4633.89
548356499581734080,6502,4,44520,9,2020,103.91
548356499581734080,6502,4,44520,10,2020,1876.6
548356499581734080,6502,4,44520,11,2020,1127.66
548356499581734080,6502,4,44520,12,2020,2068.03
549002175781568192,9889,0,48445,1,2020,-2699.11
549002175781568192,9889,0,48445,2,2020,-1012.1
549002175781568192,9889,0,48445,3,2020,-3053.61
549002175781568192,9889,0,48445,4,2020,-2498.91
549002175781568192,9889,0,48445,5,2020,-6693.72
549002175781568192,9889,0,48445,6,2020,-11906.11
549002175781568192,9889,0,48445,7,2020,-16684.13
549002175781568192,9889,0,48445,8,2020,-14592.02
549002175781568192,9889,0,48445,9,2020,-13221.53
549002175781568192,9889,0,48445,10,2020,-11627.07
549002175781568192,9889,0,48445,11,2020,-11045.65
549002175781568192,9889,0,48445,12,2020,-8046.03
549342018340393088,4457,0,34390,1,2020,603.71
549342018340393088,4457,0,34390,2,2020,-2510.46
549342018340393088,4457,0,34390,3,2020,1514.12
549342018340393088,4457,0,34390,4,2020,1602.08
549342018340393088,4457,0,34390,5,2020,2431.86
549342018340393088,4457,0,34390,6,2020,7882.59
549342018340393088,4457,0,34390,7,2020,4640.08
549342018340393088,4457,0,34390,8,2020,8661.37
549342018340393088,4457,0,34390,9,2020,13432.17
549342018340393088,4457,0,34390,10,2020,13134.49
549342018340393088,4457,0,34390,11,2020,10214.0
549342018340393088,4457,0,34390,12,2020,12765.8
549450617688814144,2207,0,95002,1,2020,1753.96
549450617688814144,2207,0,95002,2,2020,-3091.19
549450617688814144,2207,0,95002,3,2020,-3629.15
549450617688814144,2207,0,95002,4,2020,-2422.92
549450617688814144,2207,0,95002,5,2020,-3416.03
549450617688814144,2207,0,95002,6,2020,-8553.52
549450617688814144,2207,0,95002,7,2020,-8590.85
549450617688814144,2207,0,95002,8,2020,-17821.72
549450617688814144,2207,0,95002,9,2020,-21092.21
549450617688814144,2207,0,95002,10,2020,-25201.88
549450617688814144,2207,0,95002,11,2020,-25481.78
549450617688814144,2207,0,95002,12,2020,-26697.3
549770178479152320,8232,9,28822,1,2020,-570.29
549770178479152320,8232,9,28822,2,2020,2720.76
549770178479152320,8232,9,28822,3,2020,-548.63
549770178479152320,8232,9,28822,4,2020,288.4
549770178479152320,8232,9,28822,5,2020,675.18
549770178479152320,8232,9,28822,6,2020,-2742.3
549770178479152320,8232,9,28822,7,2020,-1371.95
549770178479152320,8232,9,28822,8,2020,-1443.98
549770178479152320,8232,9,28822,9,2020,-2098.91
549770178479152320,8232,9,28822,10,2020,1301.69
549770178479152320,8232,9,28822,11,2020,3533.71
549770178479152320,8232,9,28822,12,2020,1427.61
551549480172898944,3423,4,49501,1,2020,-3433.37
551549480172898944,3423,4,49501,2,2020,-1960.4
551549480172898944,3423,4,49501,3,2020,-2736.22
551549480172898944,3423,4,49501,4,2020,-1931.02
551549480172898944,3423,4,49501,5,2020,-2912.51
551549480172898944,3423,4,49501,6,2020,-7608.34
551549480172898944,3423,4,49501,7,2020,-8013.68
551549480172898944,3423,4,49501,8,2020,-13390.13
551549480172898944,3423,4,49501,9,2020,-16404.73
551549480172898944,3423,4,49501,10,2020,-15048.88
551549480172898944,3423,4,49501,11,2020,-15730.38
551549480172898944,3423,4,49501,12,2020,-15311.15
552409769738794304,6349,1,14094,1,2020,-3744.09
552409769738794304,6349,1,14094,2,2020,-5127.84
552409769738794304,6349,1,14094,3,2020,-1152.07
552409769738794304,6349,1,14094,4,2020,2714.41
552409769738794304,6349,1,14094,5,2020,1962.46
552409769738794304,6349,1,14094,6,2020,3409.53
552409769738794304,6349,1,14094,7,2020,8881.02
552409769738794304,6349,1,14094,8,2020,8204.49
552409769738794304,6349,1,14094,9,2020,8468.88
552409769738794304,6349,1,14094,10,2020,4048.28
552409769738794304,6349,1,14094,11,2020,5517.35
552409769738794304,6349,1,14094,12,2020,6810.87
553845833311154240,8068,7,9562,1,2020,-2988.2
553845833311154240,8068,7,9562,2,2020,3390.89
553845833311154240,8068,7,9562,3,2020,585.3
553845833311154240,8068,7,9562,4,2020,-6075.44
553845833311154240,8068,7,9562,5,2020,-10927.32
553845833311154240,8068,7,9562,6,2020,-7260.84
553845833311154240,8068,7,9562,7,2020,-825.31
553845833311154240,8068,7,9562,8,2020,622.68
