568802897200326592,37,0,53243,6,2020,-3175.0
568802897200326592,37,0,53243,7,2020,-5565.15
568802897200326592,37,0,53243,8,2020,-7603.18
568802897200326592,37,0,53243,9,2020,-5155.16
568802897200326592,37,0,53243,10,2020,-5353.84
568802897200326592,37,0,53243,11,2020,-3440.59
568802897200326592,37,0,53243,12,2020,-2988.84
569196856363929536,5823,3,5895,1,2020,0.0
569196856363929536,5823,3,5895,2,2020,0.0
569196856363929536,5823,3,5895,3,2020,866.97
569196856363929536,5823,3,5895,4,2020,866.97
569196856363929536,5823,3,5895,5,2020,483.44
569196856363929536,5823,3,5895,6,2020,1393.91
569196856363929536,5823,3,5895,7,2020,1393.91
569196856363929536,5823,3,5895,8,2020,1393.91
569196856363929536,5823,3,5895,9,2020,1393.91
569196856363929536,5823,3,5895,10,2020,1393.91
569196856363929536,5823,3,5895,11,2020,2810.19
569196856363929536,5823,3,5895,12,2020,2810.19
56962984241899240,355,4,20983,1,2020,-2032.1
56962984241899240,355,4,20983,2,2020,1241.14
56962984241899240,355,4,20983,3,2020,1867.53
56962984241899240,355,4,20983,4,2020,2367.61
56962984241899240,355,4,20983,5,2020,-1780.61
56962984241899240,355,4,20983,6,2020,5320.19
56962984241899240,355,4,20983,7,2020,481.18
56962984241899240,355,4,20983,8,2020,-2668.25
56962984241899240,355,4,20983,9,2020,506.6
56962984241899240,355,4,20983,10,2020,-4764.18
56962984241899240,355,4,20983,11,2020,-9356.05
56962984241899240,355,4,20983,12,2020,-4415.59
569982868420369280,7191,9,17666,1,2020,1620.69
569982868420369280,7191,9,17666,2,2020,-510.3
569982868420369280,7191,9,17666,3,2020,4146.02
569982868420369280,7191,9,17666,4,2020,3129.71
569982868420369280,7191,9,17666,5,2020,-2615.68
569982868420369280,7191,9,17666,6,2020,-2684.91
569982868420369280,7191,9,17666,7,2020,-4509.49
569982868420369280,7191,9,17666,8,2020,-7460.36
569982868420369280,7191,9,17666,9,2020,-9385.47
569982868420369280,7191,9,17666,10,2020,-10136.38
569982868420369280,7191,9,17666,11,2020,-8247.66
569982868420369280,7191,9,17666,12,2020,-7939.33
57013995831411376,7153,6,83811,1,2020,-1673.79
57013995831411376,7153,6,83811,2,2020,-5434.21
57013995831411376,7153,6,83811,3,2020,-1830.85
57013995831411376,7153,6,83811,4,2020,-455.55
57013995831411376,7153,6,83811,5,2020,482.41
57013995831411376,7153,6,83811,6,2020,939.39
57013995831411376,7153,6,83811,7,2020,699.05
57013995831411376,7153,6,83811,8,2020,-1838.17
57013995831411376,7153,6,83811,9,2020,-349.71
57013995831411376,7153,6,83811,10,2020,-2720.26
57013995831411376,7153,6,83811,11,2020,-3410.24
57013995831411376,7153,6,83811,12,2020,-3976.9
571410543986682176,5885,5,82166,1,2020,-1918.37
571410543986682176,5885,5,82166,2,2020,594.67
571410543986682176,5885,5,82166,3,2020,80.99
571410543986682176,5885,5,82166,4,2020,66.39
571410543986682176,5885,5,82166,5,2020,5363.85
571410543986682176,5885,5,82166,6,2020,5748.6
571410543986682176,5885,5,82166,7,2020,5713.68
571410543986682176,5885,5,82166,8,2020,8168.43
571410543986682176,5885,5,82166,9,2020,8534.27
571410543986682176,5885,5,82166,10,2020,-761.79
571410543986682176,5885,5,82166,11,2020,-1961.02
571410543986682176,5885,5,82166,12,2020,-7444.32
571464116616235456,8108,2,89921,1,2020,2253.42
571464116616235456,8108,2,89921,2,2020,7391.19
571464116616235456,8108,2,89921,3,2020,4826.7
571464116616235456,8108,2,89921,4,2020,7727.43
571464116616235456,8108,2,89921,5,2020,10129.62
571464116616235456,8108,2,89921,6,2020,13918.54
571464116616235456,8108,2,89921,7,2020,12921.48
571464116616235456,8108,2,89921,8,2020,10492.28
571464116616235456,8108,2,89921,9,2020,7331.91
571464116616235456,8108,2,89921,10,2020,13105.67
571464116616235456,8108,2,89921,11,2020,13926.58
571464116616235456,8108,2,89921,12,2020,16285.2
571555537682798976,9988,0,40350,1,2020,1138.51
571555537682798976,9988,0,40350,2,2020,178.17
571555537682798976,9988,0,40350,3,2020,-6093.04
571555537682798976,9988,0,40350,4,2020,-7362.61
571555537682798976,9988,0,40350,5,2020,-4886.94
571555537682798976,9988,0,40350,6,2020,-7059.42
571555537682798976,9988,0,40350,7,2020,-8289.2
571555537682798976,9988,0,40350,8,2020,-3924.32
571555537682798976,9988,0,40350,9,2020,1335.69
571555537682798976,9988,0,40350,10,2020,-280.56
571555537682798976,9988,0,40350,11,2020,-1558.06
571555537682798976,9988,0,40350,12,2020,1836.18
573585639746188608,6957,6,4278,1,2020,-2659.65
573585639746188608,6957,6,4278,2,2020,-5258.42
573585639746188608,6957,6,4278,3,2020,-5314.79
573585639746188608,6957,6,4278,4,2020,-8226.09
573585639746188608,6957,6,4278,5,2020,-134.61
573585639746188608,6957,6,4278,6,2020,-6182.15
573585639746188608,6957,6,4278,7,2020,-6705.6
573585639746188608,6957,6,4278,8,2020,-2478.22
573585639746188608,6957,6,4278,9,2020,360.25
573585639746188608,6957,6,4278,10,2020,-3577.08
573585639746188608,6957,6,4278,11,2020,-3682.59
573585639746188608,6957,6,4278,12,2020,-7572.61
574092238798863616,1285,9,99692,1,2020,-732.74
574092238798863616,1285,9,99692,2,2020,1325.9
574092238798863616,1285,9,99692,3,2020,1444.76
574092238798863616,1285,9,99692,4,2020,-1791.73
574092238798863616,1285,9,99692,5,2020,-10132.87
574092238798863616,1285,9,99692,6,2020,-8286.79
574092238798863616,1285,9,99692,7,2020,-7484.67
574092238798863616,1285,9,99692,8,2020,1155.75
574092238798863616,1285,9,99692,9,2020,-6795.92
574092238798863616,1285,9,99692,10,2020,-5864.97
574092238798863616,1285,9,99692,11,2020,-4242.62
574092238798863616,1285,9,99692,12,2020,-5597.35
574562920369879168,2005,6,41963,1,2020,634.21
574562920369879168,2005,6,41963,2,2020,365.94
574562920369879168,2005,6,41963,3,2020,-143.94
574562920369879168,2005,6,41963,4,2020,528.64
574562920369879168,2005,6,41963,5,2020,-433.4
574562920369879168,2005,6,41963,6,2020,-433.4
574562920369879168,2005,6,41963,7,2020,40.93
574562920369879168,2005,6,41963,8,2020,-1756.82
574562920369879168,2005,6,41963,9,2020,-881.98
574562920369879168,2005,6,41963,10,2020,917.11
574562920369879168,2005,6,41963,11,2020,4177.79
574562920369879168,2005,6,41963,12,2020,3944.82
5756422114496119,3305,9,92186,1,2020,756.36
5756422114496119,3305,9,92186,2,2020,-2722.31
5756422114496119,3305,9,92186,3,2020,-1167.39
5756422114496119,3305,9,92186,4,2020,-948.84
5756422114496119,3305,9,92186,5,2020,2534.19
5756422114496119,3305,9,92186,6,2020,3525.91
5756422114496119,3305,9,92186,7,2020,2158.87
5756422114496119,3305,9,92186,8,2020,2532.52
5756422114496119,3305,9,92186,9,2020,5360.11
5756422114496119,3305,9,92186,10,2020,9562.82
5756422114496119,3305,9,92186,11,2020,6827.42
5756422114496119,3305,9,92186,12,2020,6827.42
57591087800910912,490,3,45609,1,2020,6252.27
57591087800910912,490,3,45609,2,2020,6511.45
57591087800910912,490,3,45609,3,2020,1540.3
57591087800910912,490,3,45609,4,2020,-723.43
57591087800910912,490,3,45609,5,2020,1114.2
57591087800910912,490,3,45609,6,2020,806.41
57591087800910912,490,3,45609,7,2020,3369.94
57591087800910912,490,3,45609,8,2020,802.02
57591087800910912,490,3,45609,9,2020,-4587.39
57591087800910912,490,3,45609,10,2020,-1646.37
57591087800910912,490,3,45609,11,2020,-3877.0
57591087800910912,490,3,45609,12,2020,-2872.94
5763135580788529,5257,1,88126,1,2020,-4570.06
5763135580788529,5257,1,88126,2,2020,-5482.13
5763135580788529,5257,1,88126,3,2020,-2211.47
5763135580788529,5257,1,88126,4,2020,-2610.75
5763135580788529,5257,1,88126,5,2020,-3020.31
5763135580788529,5257,1,88126,6,2020,104.08
5763135580788529,5257,1,88126,7,2020,-1751.45
5763135580788529,5257,1,88126,8,2020,-9433.06
5763135580788529,5257,1,88126,9,2020,-13548.0
5763135580788529,5257,1,88126,10,2020,-15119.23
5763135580788529,5257,1,88126,11,2020,-14845.88
5763135580788529,5257,1,88126,12,2020,-15137.68
57912053632328176,5945,3,44531,1,2020,992.66
57912053632328176,5945,3,44531,2,2020,1131.08
57912053632328176,5945,3,44531,3,2020,-1298.1
57912053632328176,5945,3,44531,4,2020,-2562.94
57912053632328176,5945,3,44531,5,2020,-9127.02
57912053632328176,5945,3,44531,6,2020,-4672.48
57912053632328176,5945,3,44531,7,2020,-4497.46
57912053632328176,5945,3,44531,8,2020,-8374.05
57912053632328176,5945,3,44531,9,2020,-3034.72
57912053632328176,5945,3,44531,10,2020,-7143.11
57912053632328176,5945,3,44531,11,2020,-7555.36
57912053632328176,5945,3,44531,12,2020,-5460.11
580090437827170048,8067,1,33972,1,2020,1558.52
580090437827170048,8067,1,33972,2,2020,2433.97
580090437827170048,8067,1,33972,3,2020,13484.78
580090437827170048,8067,1,33972,4,2020,16463.01
580090437827170048,8067,1,33972,5,2020,15688.65
580090437827170048,8067,1,33972,6,2020,18042.02
580090437827170048,8067,1,33972,7,2020,22318.3
580090437827170048,8067,1,33972,8,2020,25681.5
580090437827170048,8067,1,33972,9,2020,21197.46
580090437827170048,8067,1,33972,10,2020,20410.52
580090437827170048,8067,1,33972,11,2020,13340.25
580090437827170048,8067,1,33972,12,2020,7308.66
580506987247854592,6883,8,53469,1,2020,-478.99
580506987247854592,6883,8,53469,2,2020,-159.55
580506987247854592,6883,8,53469,3,2020,363.57
580506987247854592,6883,8,53469,4,2020,-2484.26
580506987247854592,6883,8,53469,5,2020,-589.67
580506987247854592,6883,8,53469,6,2020,-596.21
580506987247854592,6883,8,53469,7,2020,1533.69
580506987247854592,6883,8,53469,8,2020,2250.95
580506987247854592,6883,8,53469,9,2020,4040.81
580506987247854592,6883,8,53469,10,2020,5073.17
580506987247854592,6883,8,53469,11,2020,6134.81
580506987247854592,6883,8,53469,12,2020,6755.09
581537221241878656,103,2,66700,1,2020,417.75
581537221241878656,103,2,66700,2,2020,366.45
581537221241878656,103,2,66700,3,2020,873.9
581537221241878656,103,2,66700,4,2020,1593.55
581537221241878656,103,2,66700,5,2020,3586.19
581537221241878656,103,2,66700,6,2020,3464.74
581537221241878656,103,2,66700,7,2020,4654.81
581537221241878656,103,2,66700,8,2020,7123.17
581537221241878656,103,2,66700,9,2020,6611.29
581537221241878656,103,2,66700,10,2020,7819.92
581537221241878656,103,2,66700,11,2020,9605.92
581537221241878656,103,2,66700,12,2020,9263.19
581791900879690752,2531,6,56875,1,2020,2753.51
581791900879690752,2531,6,56875,2,2020,-526.54
581791900879690752,2531,6,56875,3,2020,3230.05
581791900879690752,2531,6,56875,4,2020,2823.76
581791900879690752,2531,6,56875,5,2020,7994.61
581791900879690752,2531,6,56875,6,2020,6115.58
581791900879690752,2531,6,56875,7,2020,9272.99
581791900879690752,2531,6,56875,8,2020,7160.7
581791900879690752,2531,6,56875,9,2020,-1867.99
581791900879690752,2531,6,56875,10,2020,4471.56
581791900879690752,2531,6,56875,11,2020,9995.37
581791900879690752,2531,6,56875,12,2020,12029.17
581851710399460480,6578,6,97954,1,2020,-953.22
581851710399460480,6578,6,97954,2,2020,10377.56
581851710399460480,6578,6,97954,3,2020,12703.65
581851710399460480,6578,6,97954,4,2020,10494.66
581851710399460480,6578,6,97954,5,2020,8719.4
581851710399460480,6578,6,97954,6,2020,11072.3
581851710399460480,6578,6,97954,7,2020,13947.95
581851710399460480,6578,6,97954,8,2020,16257.86
581851710399460480,6578,6,97954,9,2020,15088.32
581851710399460480,6578,6,97954,10,2020,14844.94
581851710399460480,6578,6,97954,11,2020,13579.62
581851710399460480,6578,6,97954,12,2020,18573.82
583042521834511104,6538,4,82226,1,2020,10989.18
583042521834511104,6538,4,82226,2,2020,14878.32
583042521834511104,6538,4,82226,3,2020,17687.6
