476341108299686592,6684,7,40191,11,2020,-3718.57
476341108299686592,6684,7,40191,12,2020,-6394.57
479029441649650560,8020,1,12793,1,2020,-1147.82
479029441649650560,8020,1,12793,2,2020,-4844.35
479029441649650560,8020,1,12793,3,2020,-2755.87
479029441649650560,8020,1,12793,4,2020,-4795.6
479029441649650560,8020,1,12793,5,2020,-700.47
479029441649650560,8020,1,12793,6,2020,-3127.13
479029441649650560,8020,1,12793,7,2020,-1869.39
479029441649650560,8020,1,12793,8,2020,4353.27
479029441649650560,8020,1,12793,9,2020,5291.86
479029441649650560,8020,1,12793,10,2020,7112.37
479029441649650560,8020,1,12793,11,2020,5498.15
479029441649650560,8020,1,12793,12,2020,-1488.58
48009251797903856,3301,6,61083,1,2020,-6253.85
48009251797903856,3301,6,61083,2,2020,-4430.86
48009251797903856,3301,6,61083,3,2020,-4967.51
48009251797903856,3301,6,61083,4,2020,-4238.97
48009251797903856,3301,6,61083,5,2020,-4496.81
48009251797903856,3301,6,61083,6,2020,-4496.81
48009251797903856,3301,6,61083,7,2020,-6055.98
48009251797903856,3301,6,61083,8,2020,-6309.39
48009251797903856,3301,6,61083,9,2020,-9403.03
48009251797903856,3301,6,61083,10,2020,-11043.89
48009251797903856,3301,6,61083,11,2020,-7615.75
48009251797903856,3301,6,61083,12,2020,-6422.17
480252855561935616,7341,7,96844,1,2020,-2022.81
480252855561935616,7341,7,96844,2,2020,-1852.58
480252855561935616,7341,7,96844,3,2020,853.08
480252855561935616,7341,7,96844,4,2020,4358.9
480252855561935616,7341,7,96844,5,2020,2636.72
480252855561935616,7341,7,96844,6,2020,3819.33
480252855561935616,7341,7,96844,7,2020,5358.11
480252855561935616,7341,7,96844,8,2020,6753.41
480252855561935616,7341,7,96844,9,2020,7688.59
480252855561935616,7341,7,96844,10,2020,6162.6
480252855561935616,7341,7,96844,11,2020,6951.41
480252855561935616,7341,7,96844,12,2020,8225.23
480263381205378176,6757,4,27096,1,2020,3239.12
480263381205378176,6757,4,27096,2,2020,5472.13
480263381205378176,6757,4,27096,3,2020,9706.55
480263381205378176,6757,4,27096,4,2020,8673.91
480263381205378176,6757,4,27096,5,2020,5305.77
480263381205378176,6757,4,27096,6,2020,-6958.78
480263381205378176,6757,4,27096,7,2020,-3860.26
480263381205378176,6757,4,27096,8,2020,-5611.7
480263381205378176,6757,4,27096,9,2020,-9983.12
480263381205378176,6757,4,27096,10,2020,-19213.19
480263381205378176,6757,4,27096,11,2020,-27446.84
480263381205378176,6757,4,27096,12,2020,-31220.76
48070920687086952,4177,9,76330,1,2020,-4861.6
48070920687086952,4177,9,76330,2,2020,-3247.85
48070920687086952,4177,9,76330,3,2020,542.85
48070920687086952,4177,9,76330,4,2020,2526.65
48070920687086952,4177,9,76330,5,2020,717.93
48070920687086952,4177,9,76330,6,2020,4465.04
48070920687086952,4177,9,76330,7,2020,5601.54
48070920687086952,4177,9,76330,8,2020,-4212.99
48070920687086952,4177,9,76330,9,2020,-4986.91
48070920687086952,4177,9,76330,10,2020,-4427.87
48070920687086952,4177,9,76330,11,2020,-7316.38
48070920687086952,4177,9,76330,12,2020,-11123.12
480711292502291200,3601,7,22413,1,2020,-2235.88
480711292502291200,3601,7,22413,2,2020,2276.53
480711292502291200,3601,7,22413,3,2020,-11578.04
480711292502291200,3601,7,22413,4,2020,-7542.54
480711292502291200,3601,7,22413,5,2020,-4289.06
480711292502291200,3601,7,22413,6,2020,1579.95
480711292502291200,3601,7,22413,7,2020,-3093.18
480711292502291200,3601,7,22413,8,2020,-1780.05
480711292502291200,3601,7,22413,9,2020,-1501.89
480711292502291200,3601,7,22413,10,2020,96.26
480711292502291200,3601,7,22413,11,2020,2180.42
480711292502291200,3601,7,22413,12,2020,5679.25
483450587153391296,9721,7,26108,1,2020,-653.65
483450587153391296,9721,7,26108,2,2020,1127.49
483450587153391296,9721,7,26108,3,2020,588.76
483450587153391296,9721,7,26108,4,2020,-2782.2
483450587153391296,9721,7,26108,5,2020,2672.63
483450587153391296,9721,7,26108,6,2020,4090.89
483450587153391296,9721,7,26108,7,2020,3201.53
483450587153391296,9721,7,26108,8,2020,2060.66
483450587153391296,9721,7,26108,9,2020,6683.87
483450587153391296,9721,7,26108,10,2020,2822.49
483450587153391296,9721,7,26108,11,2020,-1285.77
483450587153391296,9721,7,26108,12,2020,-1130.16
483890061473658432,7168,8,27492,1,2020,2342.11
483890061473658432,7168,8,27492,2,2020,-1246.01
483890061473658432,7168,8,27492,3,2020,-5537.1
483890061473658432,7168,8,27492,4,2020,-8677.55
483890061473658432,7168,8,27492,5,2020,-7448.65
483890061473658432,7168,8,27492,6,2020,-10721.96
483890061473658432,7168,8,27492,7,2020,-10456.43
483890061473658432,7168,8,27492,8,2020,-9597.39
483890061473658432,7168,8,27492,9,2020,-8131.25
483890061473658432,7168,8,27492,10,2020,-434.99
483890061473658432,7168,8,27492,11,2020,2051.1
483890061473658432,7168,8,27492,12,2020,2225.88
484055737510499584,6637,4,52317,1,2020,1949.79
484055737510499584,6637,4,52317,2,2020,4378.7
484055737510499584,6637,4,52317,3,2020,5296.08
484055737510499584,6637,4,52317,4,2020,7208.29
484055737510499584,6637,4,52317,5,2020,11756.62
484055737510499584,6637,4,52317,6,2020,11985.57
484055737510499584,6637,4,52317,7,2020,11237.52
484055737510499584,6637,4,52317,8,2020,9253.58
484055737510499584,6637,4,52317,9,2020,5113.59
484055737510499584,6637,4,52317,10,2020,9787.74
484055737510499584,6637,4,52317,11,2020,12326.0
484055737510499584,6637,4,52317,12,2020,11830.03
48449219011492936,5329,5,13663,1,2020,-653.18
48449219011492936,5329,5,13663,2,2020,-2047.39
48449219011492936,5329,5,13663,3,2020,3447.97
48449219011492936,5329,5,13663,4,2020,3324.23
48449219011492936,5329,5,13663,5,2020,-437.04
48449219011492936,5329,5,13663,6,2020,942.93
48449219011492936,5329,5,13663,7,2020,4424.07
48449219011492936,5329,5,13663,8,2020,4451.85
48449219011492936,5329,5,13663,9,2020,7394.53
48449219011492936,5329,5,13663,10,2020,5202.56
48449219011492936,5329,5,13663,11,2020,6175.7
48449219011492936,5329,5,13663,12,2020,8820.48
484800659326387392,2374,7,92332,1,2020,-1051.4
484800659326387392,2374,7,92332,2,2020,-1677.79
484800659326387392,2374,7,92332,3,2020,-8068.22
484800659326387392,2374,7,92332,4,2020,-8608.58
484800659326387392,2374,7,92332,5,2020,-2188.6
484800659326387392,2374,7,92332,6,2020,-579.94
484800659326387392,2374,7,92332,7,2020,-397.0
484800659326387392,2374,7,92332,8,2020,1067.45
484800659326387392,2374,7,92332,9,2020,5433.76
484800659326387392,2374,7,92332,10,2020,7235.07
484800659326387392,2374,7,92332,11,2020,6123.86
484800659326387392,2374,7,92332,12,2020,10094.77
485071695727347136,1425,6,42597,1,2020,-2254.55
485071695727347136,1425,6,42597,2,2020,-2075.05
485071695727347136,1425,6,42597,3,2020,-2453.18
485071695727347136,1425,6,42597,4,2020,-4759.56
485071695727347136,1425,6,42597,5,2020,-5634.8
485071695727347136,1425,6,42597,6,2020,-4648.83
485071695727347136,1425,6,42597,7,2020,-2432.12
485071695727347136,1425,6,42597,8,2020,-233.79
485071695727347136,1425,6,42597,9,2020,2958.56
485071695727347136,1425,6,42597,10,2020,5090.85
485071695727347136,1425,6,42597,11,2020,1313.64
485071695727347136,1425,6,42597,12,2020,2187.01
48560400199935272,796,6,26668,1,2020,-6843.01
48560400199935272,796,6,26668,2,2020,-2820.55
48560400199935272,796,6,26668,3,2020,3304.95
48560400199935272,796,6,26668,4,2020,8944.84
48560400199935272,796,6,26668,5,2020,16946.88
48560400199935272,796,6,26668,6,2020,18148.98
48560400199935272,796,6,26668,7,2020,15283.37
48560400199935272,796,6,26668,8,2020,23314.78
48560400199935272,796,6,26668,9,2020,17769.47
48560400199935272,796,6,26668,10,2020,18316.96
48560400199935272,796,6,26668,11,2020,17636.17
48560400199935272,796,6,26668,12,2020,24583.96
485776693675026624,7643,9,91911,1,2020,0.0
485776693675026624,7643,9,91911,2,2020,0.0
485776693675026624,7643,9,91911,3,2020,0.0
485776693675026624,7643,9,91911,4,2020,0.0
485776693675026624,7643,9,91911,5,2020,-1979.01
485776693675026624,7643,9,91911,6,2020,-1979.01
485776693675026624,7643,9,91911,7,2020,-1979.01
485776693675026624,7643,9,91911,8,2020,-1979.01
485776693675026624,7643,9,91911,9,2020,-1979.01
485776693675026624,7643,9,91911,10,2020,-1979.01
485776693675026624,7643,9,91911,11,2020,-1979.01
485776693675026624,7643,9,91911,12,2020,-1979.01
486580152509244992,3200,0,22717,1,2020,1960.15
486580152509244992,3200,0,22717,2,2020,5466.78
486580152509244992,3200,0,22717,3,2020,6881.51
486580152509244992,3200,0,22717,4,2020,15324.6
486580152509244992,3200,0,22717,5,2020,17373.14
486580152509244992,3200,0,22717,6,2020,21179.39
486580152509244992,3200,0,22717,7,2020,19444.03
486580152509244992,3200,0,22717,8,2020,25509.86
486580152509244992,3200,0,22717,9,2020,26015.21
486580152509244992,3200,0,22717,10,2020,27619.42
486580152509244992,3200,0,22717,11,2020,14784.44
486580152509244992,3200,0,22717,12,2020,7595.64
489391823384269376,4849,3,21467,1,2020,-878.64
489391823384269376,4849,3,21467,2,2020,631.2
489391823384269376,4849,3,21467,3,2020,-313.05
489391823384269376,4849,3,21467,4,2020,5171.03
489391823384269376,4849,3,21467,5,2020,9662.39
489391823384269376,4849,3,21467,6,2020,9620.9
489391823384269376,4849,3,21467,7,2020,7602.16
489391823384269376,4849,3,21467,8,2020,5327.33
489391823384269376,4849,3,21467,9,2020,7107.07
489391823384269376,4849,3,21467,10,2020,12193.82
489391823384269376,4849,3,21467,11,2020,6811.59
489391823384269376,4849,3,21467,12,2020,11674.58
489969059427249152,1193,4,78465,1,2020,-3430.6
489969059427249152,1193,4,78465,2,2020,-3257.11
489969059427249152,1193,4,78465,3,2020,-3708.85
489969059427249152,1193,4,78465,4,2020,-296.88
489969059427249152,1193,4,78465,5,2020,555.84
489969059427249152,1193,4,78465,6,2020,433.06
489969059427249152,1193,4,78465,7,2020,-1761.36
489969059427249152,1193,4,78465,8,2020,5321.3
489969059427249152,1193,4,78465,9,2020,3480.84
489969059427249152,1193,4,78465,10,2020,-1476.77
489969059427249152,1193,4,78465,11,2020,-2875.13
489969059427249152,1193,4,78465,12,2020,-739.06
490020028911978496,4921,6,57627,1,2020,-5207.0
490020028911978496,4921,6,57627,2,2020,-4234.09
490020028911978496,4921,6,57627,3,2020,-2203.55
490020028911978496,4921,6,57627,4,2020,-7814.57
490020028911978496,4921,6,57627,5,2020,-9676.3
490020028911978496,4921,6,57627,6,2020,-15679.42
490020028911978496,4921,6,57627,7,2020,-12642.72
490020028911978496,4921,6,57627,8,2020,-2711.28
490020028911978496,4921,6,57627,9,2020,-11168.09
490020028911978496,4921,6,57627,10,2020,-17169.22
490020028911978496,4921,6,57627,11,2020,-16544.92
490020028911978496,4921,6,57627,12,2020,-15077.99
490380431695332288,2326,8,93474,1,2020,378.75
490380431695332288,2326,8,93474,2,2020,-1112.28
490380431695332288,2326,8,93474,3,2020,-5180.69
490380431695332288,2326,8,93474,4,2020,-7377.82
490380431695332288,2326,8,93474,5,2020,-5969.62
490380431695332288,2326,8,93474,6,2020,-6878.51
490380431695332288,2326,8,93474,7,2020,-12108.24
490380431695332288,2326,8,93474,8,2020,-7974.98
490380431695332288,2326,8,93474,9,2020,-6470.23
490380431695332288,2326,8,93474,10,2020,-3582.27
490380431695332288,2326,8,93474,11,2020,3246.33
490380431695332288,2326,8,93474,12,2020,6061.38
492775528255108864,541,3,83082,1,2020,0.0
492775528255108864,541,3,83082,2,2020,0.0
492775528255108864,541,3,83082,3,2020,0.0
492775528255108864,541,3,83082,4,2020,1877.91
492775528255108864,541,3,83082,5,2020,2869.7
492775528255108864,541,3,83082,6,2020,2869.7
492775528255108864,541,3,83082,7,2020,3861.46
492775528255108864,541,3,83082,8,2020,3861.46
492775528255108864,541,3,83082,9,2020,3861.46
492775528255108864,541,3,83082,10,2020,4945.7
492775528255108864,541,3,83082,11,2020,4764.45
492775528255108864,541,3,83082,12,2020,3361.67
49307434170331560,720,6,82716,1,2020,3796.11
