3316662466738155008,3365,6,29312,12,2020,-7387.2
3316813425968539648,8950,6,52816,1,2020,3479.24
3316813425968539648,8950,6,52816,2,2020,5394.07
3316813425968539648,8950,6,52816,3,2020,11638.14
3316813425968539648,8950,6,52816,4,2020,12122.94
3316813425968539648,8950,6,52816,5,2020,16343.48
3316813425968539648,8950,6,52816,6,2020,16519.9
3316813425968539648,8950,6,52816,7,2020,15157.15
3316813425968539648,8950,6,52816,8,2020,19581.71
3316813425968539648,8950,6,52816,9,2020,27454.64
3316813425968539648,8950,6,52816,10,2020,26917.46
3316813425968539648,8950,6,52816,11,2020,24361.32
3316813425968539648,8950,6,52816,12,2020,33473.28
3317595513412590592,2435,3,47371,1,2020,690.46
3317595513412590592,2435,3,47371,2,2020,690.46
3317595513412590592,2435,3,47371,3,2020,2408.31
3317595513412590592,2435,3,47371,4,2020,2452.94
3317595513412590592,2435,3,47371,5,2020,3864.65
3317595513412590592,2435,3,47371,6,2020,3580.21
3317595513412590592,2435,3,47371,7,2020,5586.54
3317595513412590592,2435,3,47371,8,2020,6268.49
3317595513412590592,2435,3,47371,9,2020,6859.46
3317595513412590592,2435,3,47371,10,2020,5466.44
3317595513412590592,2435,3,47371,11,2020,5466.44
3317595513412590592,2435,3,47371,12,2020,4705.93
3317651153513810432,5406,3,67938,1,2020,-305.46
3317651153513810432,5406,3,67938,2,2020,6692.12
3317651153513810432,5406,3,67938,3,2020,4888.26
3317651153513810432,5406,3,67938,4,2020,8495.91
3317651153513810432,5406,3,67938,5,2020,7328.09
3317651153513810432,5406,3,67938,6,2020,11763.29
3317651153513810432,5406,3,67938,7,2020,22773.57
3317651153513810432,5406,3,67938,8,2020,30139.11
3317651153513810432,5406,3,67938,9,2020,33841.9
3317651153513810432,5406,3,67938,10,2020,33830.86
3317651153513810432,5406,3,67938,11,2020,32933.8
3317651153513810432,5406,3,67938,12,2020,37847.24
3317833496230819328,2209,8,22059,1,2020,223.53
3317833496230819328,2209,8,22059,2,2020,278.14
3317833496230819328,2209,8,22059,3,2020,4123.49
3317833496230819328,2209,8,22059,4,2020,3231.3
3317833496230819328,2209,8,22059,5,2020,5323.48
3317833496230819328,2209,8,22059,6,2020,5.78
3317833496230819328,2209,8,22059,7,2020,1520.67
3317833496230819328,2209,8,22059,8,2020,1651.43
3317833496230819328,2209,8,22059,9,2020,3996.97
3317833496230819328,2209,8,22059,10,2020,3192.93
3317833496230819328,2209,8,22059,11,2020,-41.42
3317833496230819328,2209,8,22059,12,2020,-1308.47
331833163372402432,7554,4,88018,1,2020,1311.58
331833163372402432,7554,4,88018,2,2020,1192.33
331833163372402432,7554,4,88018,3,2020,110.62
331833163372402432,7554,4,88018,4,2020,907.46
331833163372402432,7554,4,88018,5,2020,829.7
331833163372402432,7554,4,88018,6,2020,2586.64
331833163372402432,7554,4,88018,7,2020,2832.72
331833163372402432,7554,4,88018,8,2020,3175.05
331833163372402432,7554,4,88018,9,2020,3802.61
331833163372402432,7554,4,88018,10,2020,2483.6
331833163372402432,7554,4,88018,11,2020,2207.32
331833163372402432,7554,4,88018,12,2020,3679.3
3319973510348615168,3132,1,20500,1,2020,1337.22
3319973510348615168,3132,1,20500,2,2020,1337.22
3319973510348615168,3132,1,20500,3,2020,809.38
3319973510348615168,3132,1,20500,4,2020,-617.76
3319973510348615168,3132,1,20500,5,2020,-617.76
3319973510348615168,3132,1,20500,6,2020,-1024.19
3319973510348615168,3132,1,20500,7,2020,1461.54
3319973510348615168,3132,1,20500,8,2020,271.94
3319973510348615168,3132,1,20500,9,2020,2828.24
3319973510348615168,3132,1,20500,10,2020,4785.1
3319973510348615168,3132,1,20500,11,2020,4785.1
3319973510348615168,3132,1,20500,12,2020,5965.58
3320391950001729536,2264,7,10703,1,2020,-1936.61
3320391950001729536,2264,7,10703,2,2020,-4245.67
3320391950001729536,2264,7,10703,3,2020,-6794.34
3320391950001729536,2264,7,10703,4,2020,-4113.15
3320391950001729536,2264,7,10703,5,2020,4248.66
3320391950001729536,2264,7,10703,6,2020,6294.75
3320391950001729536,2264,7,10703,7,2020,579.39
3320391950001729536,2264,7,10703,8,2020,-4183.24
3320391950001729536,2264,7,10703,9,2020,-953.43
3320391950001729536,2264,7,10703,10,2020,-10532.74
3320391950001729536,2264,7,10703,11,2020,-11214.11
3320391950001729536,2264,7,10703,12,2020,-11587.06
3321992514029293056,4670,3,67502,1,2020,-98.11
3321992514029293056,4670,3,67502,2,2020,-3312.28
3321992514029293056,4670,3,67502,3,2020,-718.33
3321992514029293056,4670,3,67502,4,2020,3073.92
3321992514029293056,4670,3,67502,5,2020,2880.66
3321992514029293056,4670,3,67502,6,2020,2354.59
3321992514029293056,4670,3,67502,7,2020,4332.11
3321992514029293056,4670,3,67502,8,2020,22934.54
3321992514029293056,4670,3,67502,9,2020,18119.7
3321992514029293056,4670,3,67502,10,2020,27369.61
3321992514029293056,4670,3,67502,11,2020,27979.76
3321992514029293056,4670,3,67502,12,2020,24090.55
3322326090882911744,9492,0,47921,1,2020,821.1
3322326090882911744,9492,0,47921,2,2020,-3800.13
3322326090882911744,9492,0,47921,3,2020,-5638.41
3322326090882911744,9492,0,47921,4,2020,-8114.57
3322326090882911744,9492,0,47921,5,2020,-7890.42
3322326090882911744,9492,0,47921,6,2020,-2611.66
3322326090882911744,9492,0,47921,7,2020,-9354.97
3322326090882911744,9492,0,47921,8,2020,-7589.66
3322326090882911744,9492,0,47921,9,2020,-2701.45
3322326090882911744,9492,0,47921,10,2020,-1081.9
3322326090882911744,9492,0,47921,11,2020,2282.28
3322326090882911744,9492,0,47921,12,2020,164.63
3323497329125536768,9324,0,43466,1,2020,-358.25
3323497329125536768,9324,0,43466,2,2020,4839.98
3323497329125536768,9324,0,43466,3,2020,-664.82
3323497329125536768,9324,0,43466,4,2020,-8406.19
3323497329125536768,9324,0,43466,5,2020,-11852.68
3323497329125536768,9324,0,43466,6,2020,-9025.89
3323497329125536768,9324,0,43466,7,2020,-13162.46
3323497329125536768,9324,0,43466,8,2020,-11044.4
3323497329125536768,9324,0,43466,9,2020,-10208.61
3323497329125536768,9324,0,43466,10,2020,-9162.31
3323497329125536768,9324,0,43466,11,2020,-13800.76
3323497329125536768,9324,0,43466,12,2020,-12455.45
3323612506815057408,5536,4,99835,1,2020,1704.54
3323612506815057408,5536,4,99835,2,2020,2346.56
3323612506815057408,5536,4,99835,3,2020,1327.65
3323612506815057408,5536,4,99835,4,2020,9446.92
3323612506815057408,5536,4,99835,5,2020,14388.34
3323612506815057408,5536,4,99835,6,2020,10790.04
3323612506815057408,5536,4,99835,7,2020,10048.67
3323612506815057408,5536,4,99835,8,2020,8669.27
3323612506815057408,5536,4,99835,9,2020,4915.58
3323612506815057408,5536,4,99835,10,2020,9713.05
3323612506815057408,5536,4,99835,11,2020,12529.71
3323612506815057408,5536,4,99835,12,2020,12198.06
3323952436313540096,607,9,7422,1,2020,2692.0
3323952436313540096,607,9,7422,2,2020,-4570.91
3323952436313540096,607,9,7422,3,2020,-195.81
3323952436313540096,607,9,7422,4,2020,523.29
3323952436313540096,607,9,7422,5,2020,1393.08
3323952436313540096,607,9,7422,6,2020,2286.31
3323952436313540096,607,9,7422,7,2020,-6273.77
3323952436313540096,607,9,7422,8,2020,-11356.01
3323952436313540096,607,9,7422,9,2020,-7286.86
3323952436313540096,607,9,7422,10,2020,-3798.55
3323952436313540096,607,9,7422,11,2020,-10779.09
3323952436313540096,607,9,7422,12,2020,-14377.92
3325071311926477312,5677,9,92690,1,2020,-458.84
3325071311926477312,5677,9,92690,2,2020,880.91
3325071311926477312,5677,9,92690,3,2020,3172.94
3325071311926477312,5677,9,92690,4,2020,5952.19
3325071311926477312,5677,9,92690,5,2020,10436.45
3325071311926477312,5677,9,92690,6,2020,11646.49
3325071311926477312,5677,9,92690,7,2020,13934.35
3325071311926477312,5677,9,92690,8,2020,14970.92
3325071311926477312,5677,9,92690,9,2020,10236.16
3325071311926477312,5677,9,92690,10,2020,14988.65
3325071311926477312,5677,9,92690,11,2020,18973.46
3325071311926477312,5677,9,92690,12,2020,17516.31
332613877850014080,3970,1,56993,1,2020,-403.32
332613877850014080,3970,1,56993,2,2020,-3827.16
332613877850014080,3970,1,56993,3,2020,-2269.01
332613877850014080,3970,1,56993,4,2020,-691.5
332613877850014080,3970,1,56993,5,2020,6213.63
332613877850014080,3970,1,56993,6,2020,10198.75
332613877850014080,3970,1,56993,7,2020,8754.62
332613877850014080,3970,1,56993,8,2020,12067.95
332613877850014080,3970,1,56993,9,2020,10423.75
332613877850014080,3970,1,56993,10,2020,9595.08
332613877850014080,3970,1,56993,11,2020,13506.71
332613877850014080,3970,1,56993,12,2020,14641.48
3326926762476669952,5046,3,13850,1,2020,1183.03
3326926762476669952,5046,3,13850,2,2020,665.23
3326926762476669952,5046,3,13850,3,2020,7093.03
3326926762476669952,5046,3,13850,4,2020,9680.9
3326926762476669952,5046,3,13850,5,2020,9694.38
3326926762476669952,5046,3,13850,6,2020,7403.47
3326926762476669952,5046,3,13850,7,2020,9030.75
3326926762476669952,5046,3,13850,8,2020,11176.21
3326926762476669952,5046,3,13850,9,2020,9170.3
3326926762476669952,5046,3,13850,10,2020,8606.89
3326926762476669952,5046,3,13850,11,2020,8085.7
3326926762476669952,5046,3,13850,12,2020,7813.29
3327841469385338880,2417,2,16381,1,2020,5110.7
3327841469385338880,2417,2,16381,2,2020,10591.39
3327841469385338880,2417,2,16381,3,2020,11712.34
3327841469385338880,2417,2,16381,4,2020,12388.46
3327841469385338880,2417,2,16381,5,2020,14845.42
3327841469385338880,2417,2,16381,6,2020,7718.84
3327841469385338880,2417,2,16381,7,2020,11377.55
3327841469385338880,2417,2,16381,8,2020,7503.11
3327841469385338880,2417,2,16381,9,2020,3834.8
3327841469385338880,2417,2,16381,10,2020,3953.23
3327841469385338880,2417,2,16381,11,2020,1376.17
3327841469385338880,2417,2,16381,12,2020,5796.41
3328740470744951808,7359,5,35805,1,2020,-860.94
3328740470744951808,7359,5,35805,2,2020,-329.14
3328740470744951808,7359,5,35805,3,2020,-2188.26
3328740470744951808,7359,5,35805,4,2020,-3938.34
3328740470744951808,7359,5,35805,5,2020,-4494.58
3328740470744951808,7359,5,35805,6,2020,-7496.66
3328740470744951808,7359,5,35805,7,2020,-8835.25
3328740470744951808,7359,5,35805,8,2020,-7417.77
3328740470744951808,7359,5,35805,9,2020,-7375.76
3328740470744951808,7359,5,35805,10,2020,-4684.57
3328740470744951808,7359,5,35805,11,2020,-5007.07
3328740470744951808,7359,5,35805,12,2020,-6417.78
3330615857295274496,1882,1,7385,1,2020,-7802.57
3330615857295274496,1882,1,7385,2,2020,-5865.5
3330615857295274496,1882,1,7385,3,2020,-4219.8
3330615857295274496,1882,1,7385,4,2020,-18063.88
3330615857295274496,1882,1,7385,5,2020,-18660.2
3330615857295274496,1882,1,7385,6,2020,-22609.59
3330615857295274496,1882,1,7385,7,2020,-13716.52
3330615857295274496,1882,1,7385,8,2020,-24757.89
3330615857295274496,1882,1,7385,9,2020,-24965.58
3330615857295274496,1882,1,7385,10,2020,-23505.07
3330615857295274496,1882,1,7385,11,2020,-30528.0
3330615857295274496,1882,1,7385,12,2020,-32701.67
3331863607364941824,678,7,34181,1,2020,9469.41
3331863607364941824,678,7,34181,2,2020,4968.02
3331863607364941824,678,7,34181,3,2020,990.36
3331863607364941824,678,7,34181,4,2020,-2072.89
3331863607364941824,678,7,34181,5,2020,-8105.1
3331863607364941824,678,7,34181,6,2020,-4206.68
3331863607364941824,678,7,34181,7,2020,-155.99
3331863607364941824,678,7,34181,8,2020,9123.7
3331863607364941824,678,7,34181,9,2020,8590.1
3331863607364941824,678,7,34181,10,2020,11652.24
3331863607364941824,678,7,34181,11,2020,12362.48
3331863607364941824,678,7,34181,12,2020,6040.12
3335728277786511360,4578,9,27019,1,2020,-525.97
3335728277786511360,4578,9,27019,2,2020,-5489.25
3335728277786511360,4578,9,27019,3,2020,-2887.49
3335728277786511360,4578,9,27019,4,2020,-5774.78
3335728277786511360,4578,9,27019,5,2020,-2495.61
3335728277786511360,4578,9,27019,6,2020,3415.64
3335728277786511360,4578,9,27019,7,2020,5630.89
3335728277786511360,4578,9,27019,8,2020,8002.49
3335728277786511360,4578,9,27019,9,2020,7541.24
