824620842039930240,5529,1,5066,8,2020,-6459.18
824620842039930240,5529,1,5066,9,2020,-7080.53
824620842039930240,5529,1,5066,10,2020,-7080.53
824620842039930240,5529,1,5066,11,2020,-7080.53
824620842039930240,5529,1,5066,12,2020,-7080.53
825321942843683200,8394,6,42273,1,2020,93.88
825321942843683200,8394,6,42273,2,2020,-125.2
825321942843683200,8394,6,42273,3,2020,-6522.86
825321942843683200,8394,6,42273,4,2020,-4401.25
825321942843683200,8394,6,42273,5,2020,-8089.82
825321942843683200,8394,6,42273,6,2020,-2186.7
825321942843683200,8394,6,42273,7,2020,316.4
825321942843683200,8394,6,42273,8,2020,6852.21
825321942843683200,8394,6,42273,9,2020,6587.6
825321942843683200,8394,6,42273,10,2020,14536.92
825321942843683200,8394,6,42273,11,2020,19820.9
825321942843683200,8394,6,42273,12,2020,18889.38
827330050348975616,1422,6,35346,1,2020,-4801.22
827330050348975616,1422,6,35346,2,2020,-1879.62
827330050348975616,1422,6,35346,3,2020,-3512.41
827330050348975616,1422,6,35346,4,2020,-1984.36
827330050348975616,1422,6,35346,5,2020,-1943.76
827330050348975616,1422,6,35346,6,2020,-84.44
827330050348975616,1422,6,35346,7,2020,-994.05
827330050348975616,1422,6,35346,8,2020,4181.92
827330050348975616,1422,6,35346,9,2020,4644.47
827330050348975616,1422,6,35346,10,2020,2179.94
827330050348975616,1422,6,35346,11,2020,4577.58
827330050348975616,1422,6,35346,12,2020,5657.15
828725110962096768,1247,7,65257,1,2020,-6630.5
828725110962096768,1247,7,65257,2,2020,-10118.15
828725110962096768,1247,7,65257,3,2020,-7327.54
828725110962096768,1247,7,65257,4,2020,-240.03
828725110962096768,1247,7,65257,5,2020,566.18
828725110962096768,1247,7,65257,6,2020,-670.64
828725110962096768,1247,7,65257,7,2020,910.23
828725110962096768,1247,7,65257,8,2020,5791.21
828725110962096768,1247,7,65257,9,2020,5737.98
828725110962096768,1247,7,65257,10,2020,4962.91
828725110962096768,1247,7,65257,11,2020,12438.22
828725110962096768,1247,7,65257,12,2020,16183.69
829310617708447104,5272,8,82172,1,2020,6019.14
829310617708447104,5272,8,82172,2,2020,1571.62
829310617708447104,5272,8,82172,3,2020,4152.27
829310617708447104,5272,8,82172,4,2020,3427.29
829310617708447104,5272,8,82172,5,2020,10710.38
829310617708447104,5272,8,82172,6,2020,11751.38
829310617708447104,5272,8,82172,7,2020,14067.46
829310617708447104,5272,8,82172,8,2020,7811.88
829310617708447104,5272,8,82172,9,2020,5059.04
829310617708447104,5272,8,82172,10,2020,-2200.42
829310617708447104,5272,8,82172,11,2020,6771.2
829310617708447104,5272,8,82172,12,2020,7210.7
831441602750951168,9641,3,87018,1,2020,3772.96
831441602750951168,9641,3,87018,2,2020,6630.12
831441602750951168,9641,3,87018,3,2020,17235.69
831441602750951168,9641,3,87018,4,2020,15624.2
831441602750951168,9641,3,87018,5,2020,18374.37
831441602750951168,9641,3,87018,6,2020,28890.12
831441602750951168,9641,3,87018,7,2020,21858.51
831441602750951168,9641,3,87018,8,2020,31523.0
831441602750951168,9641,3,87018,9,2020,29339.62
831441602750951168,9641,3,87018,10,2020,30877.31
831441602750951168,9641,3,87018,11,2020,35816.72
831441602750951168,9641,3,87018,12,2020,38780.81
831695498091549056,8396,2,70099,1,2020,1847.98
831695498091549056,8396,2,70099,2,2020,520.22
831695498091549056,8396,2,70099,3,2020,3075.69
831695498091549056,8396,2,70099,4,2020,1176.24
831695498091549056,8396,2,70099,5,2020,2134.66
831695498091549056,8396,2,70099,6,2020,7509.82
831695498091549056,8396,2,70099,7,2020,8177.16
831695498091549056,8396,2,70099,8,2020,10245.06
831695498091549056,8396,2,70099,9,2020,13490.23
831695498091549056,8396,2,70099,10,2020,13360.1
831695498091549056,8396,2,70099,11,2020,14307.39
831695498091549056,8396,2,70099,12,2020,11483.01
831737422987640192,5662,1,8312,1,2020,1693.46
831737422987640192,5662,1,8312,2,2020,1905.64
831737422987640192,5662,1,8312,3,2020,3282.05
831737422987640192,5662,1,8312,4,2020,4712.99
831737422987640192,5662,1,8312,5,2020,5394.11
831737422987640192,5662,1,8312,6,2020,3307.32
831737422987640192,5662,1,8312,7,2020,664.53
831737422987640192,5662,1,8312,8,2020,2039.83
831737422987640192,5662,1,8312,9,2020,-89.6
831737422987640192,5662,1,8312,10,2020,-818.87
831737422987640192,5662,1,8312,11,2020,-2940.44
831737422987640192,5662,1,8312,12,2020,-3175.24
833346080574503424,4698,2,27863,1,2020,-2899.21
833346080574503424,4698,2,27863,2,2020,-2771.86
833346080574503424,4698,2,27863,3,2020,-95.86
833346080574503424,4698,2,27863,4,2020,1468.61
833346080574503424,4698,2,27863,5,2020,2795.35
833346080574503424,4698,2,27863,6,2020,-317.11
833346080574503424,4698,2,27863,7,2020,4072.05
833346080574503424,4698,2,27863,8,2020,70.64
833346080574503424,4698,2,27863,9,2020,1051.8
833346080574503424,4698,2,27863,10,2020,-1687.42
833346080574503424,4698,2,27863,11,2020,-821.76
833346080574503424,4698,2,27863,12,2020,228.15
83385687667106592,3770,7,15993,1,2020,-361.59
83385687667106592,3770,7,15993,2,2020,-439.15
83385687667106592,3770,7,15993,3,2020,-439.15
83385687667106592,3770,7,15993,4,2020,-2380.29
83385687667106592,3770,7,15993,5,2020,-3325.49
83385687667106592,3770,7,15993,6,2020,-3325.49
83385687667106592,3770,7,15993,7,2020,-3325.49
83385687667106592,3770,7,15993,8,2020,-3325.49
83385687667106592,3770,7,15993,9,2020,121.88
83385687667106592,3770,7,15993,10,2020,1655.79
83385687667106592,3770,7,15993,11,2020,-53.18
83385687667106592,3770,7,15993,12,2020,-53.18
835023530806342784,1591,4,7071,1,2020,-4639.66
835023530806342784,1591,4,7071,2,2020,-5754.06
835023530806342784,1591,4,7071,3,2020,-5687.07
835023530806342784,1591,4,7071,4,2020,-4219.26
835023530806342784,1591,4,7071,5,2020,-1818.27
835023530806342784,1591,4,7071,6,2020,-6136.74
835023530806342784,1591,4,7071,7,2020,-13724.48
835023530806342784,1591,4,7071,8,2020,-10643.58
835023530806342784,1591,4,7071,9,2020,-11833.72
835023530806342784,1591,4,7071,10,2020,-11095.67
835023530806342784,1591,4,7071,11,2020,-14456.98
835023530806342784,1591,4,7071,12,2020,-19016.16
835913763440225792,7649,7,11330,1,2020,-6246.65
835913763440225792,7649,7,11330,2,2020,-10116.96
835913763440225792,7649,7,11330,3,2020,-10059.33
835913763440225792,7649,7,11330,4,2020,-7859.61
835913763440225792,7649,7,11330,5,2020,-11713.02
835913763440225792,7649,7,11330,6,2020,-8392.69
835913763440225792,7649,7,11330,7,2020,-10729.51
835913763440225792,7649,7,11330,8,2020,-6537.33
835913763440225792,7649,7,11330,9,2020,-3918.55
835913763440225792,7649,7,11330,10,2020,2990.68
835913763440225792,7649,7,11330,11,2020,5685.37
835913763440225792,7649,7,11330,12,2020,6908.14
836603195334803200,7042,9,37779,1,2020,-891.62
836603195334803200,7042,9,37779,2,2020,-1076.53
836603195334803200,7042,9,37779,3,2020,3070.44
836603195334803200,7042,9,37779,4,2020,13073.96
836603195334803200,7042,9,37779,5,2020,10553.09
836603195334803200,7042,9,37779,6,2020,3575.99
836603195334803200,7042,9,37779,7,2020,-7965.43
836603195334803200,7042,9,37779,8,2020,-3534.81
836603195334803200,7042,9,37779,9,2020,-6417.04
836603195334803200,7042,9,37779,10,2020,-4201.26
836603195334803200,7042,9,37779,11,2020,-3920.94
836603195334803200,7042,9,37779,12,2020,-12670.8
836718358035638144,5283,6,10997,1,2020,-891.75
836718358035638144,5283,6,10997,2,2020,-4669.44
836718358035638144,5283,6,10997,3,2020,-11.69
836718358035638144,5283,6,10997,4,2020,1519.02
836718358035638144,5283,6,10997,5,2020,1862.3
836718358035638144,5283,6,10997,6,2020,47.41
836718358035638144,5283,6,10997,7,2020,1080.06
836718358035638144,5283,6,10997,8,2020,-77.94
836718358035638144,5283,6,10997,9,2020,46.07
836718358035638144,5283,6,10997,10,2020,-4539.35
836718358035638144,5283,6,10997,11,2020,-9319.34
836718358035638144,5283,6,10997,12,2020,-8701.63
838787167493137536,9228,9,41896,1,2020,7734.07
838787167493137536,9228,9,41896,2,2020,13945.68
838787167493137536,9228,9,41896,3,2020,12879.2
838787167493137536,9228,9,41896,4,2020,16578.32
838787167493137536,9228,9,41896,5,2020,12410.06
838787167493137536,9228,9,41896,6,2020,9383.89
838787167493137536,9228,9,41896,7,2020,14786.58
838787167493137536,9228,9,41896,8,2020,10699.9
838787167493137536,9228,9,41896,9,2020,11066.69
838787167493137536,9228,9,41896,10,2020,17339.45
838787167493137536,9228,9,41896,11,2020,20298.43
838787167493137536,9228,9,41896,12,2020,12890.06
838886776300500992,1221,6,51503,1,2020,-1346.44
838886776300500992,1221,6,51503,2,2020,-518.13
838886776300500992,1221,6,51503,3,2020,-4516.34
838886776300500992,1221,6,51503,4,2020,-7363.58
838886776300500992,1221,6,51503,5,2020,-7184.36
838886776300500992,1221,6,51503,6,2020,-8367.97
838886776300500992,1221,6,51503,7,2020,-10947.82
838886776300500992,1221,6,51503,8,2020,-9389.0
838886776300500992,1221,6,51503,9,2020,-7799.05
838886776300500992,1221,6,51503,10,2020,-6169.5
838886776300500992,1221,6,51503,11,2020,-4835.05
838886776300500992,1221,6,51503,12,2020,-4147.42
8390860978077109,806,0,37905,1,2020,-9505.57
8390860978077109,806,0,37905,2,2020,-7600.8
8390860978077109,806,0,37905,3,2020,-9157.64
8390860978077109,806,0,37905,4,2020,-7875.57
8390860978077109,806,0,37905,5,2020,-14796.36
8390860978077109,806,0,37905,6,2020,-17336.06
8390860978077109,806,0,37905,7,2020,-13790.74
8390860978077109,806,0,37905,8,2020,-2864.28
8390860978077109,806,0,37905,9,2020,-4662.94
8390860978077109,806,0,37905,10,2020,-8409.81
8390860978077109,806,0,37905,11,2020,-5255.09
8390860978077109,806,0,37905,12,2020,-12463.76
840320131514316288,4500,6,50622,1,2020,682.08
840320131514316288,4500,6,50622,2,2020,-1197.6
840320131514316288,4500,6,50622,3,2020,272.48
840320131514316288,4500,6,50622,4,2020,1358.19
840320131514316288,4500,6,50622,5,2020,1824.91
840320131514316288,4500,6,50622,6,2020,3605.39
840320131514316288,4500,6,50622,7,2020,2560.98
840320131514316288,4500,6,50622,8,2020,1392.61
840320131514316288,4500,6,50622,9,2020,5168.98
840320131514316288,4500,6,50622,10,2020,3001.86
840320131514316288,4500,6,50622,11,2020,1235.61
840320131514316288,4500,6,50622,12,2020,220.68
840700176735201408,8553,9,67003,1,2020,-4771.1
840700176735201408,8553,9,67003,2,2020,-126.66
840700176735201408,8553,9,67003,3,2020,-2303.99
840700176735201408,8553,9,67003,4,2020,-10680.68
840700176735201408,8553,9,67003,5,2020,-14808.32
840700176735201408,8553,9,67003,6,2020,-12322.94
840700176735201408,8553,9,67003,7,2020,-14574.93
840700176735201408,8553,9,67003,8,2020,-13098.08
840700176735201408,8553,9,67003,9,2020,-2334.82
840700176735201408,8553,9,67003,10,2020,-6077.91
840700176735201408,8553,9,67003,11,2020,-953.52
840700176735201408,8553,9,67003,12,2020,-4247.56
840949922531156224,7361,7,60662,1,2020,684.81
840949922531156224,7361,7,60662,2,2020,1273.37
840949922531156224,7361,7,60662,3,2020,-5454.78
840949922531156224,7361,7,60662,4,2020,-5749.18
840949922531156224,7361,7,60662,5,2020,-794.03
840949922531156224,7361,7,60662,6,2020,-4188.54
840949922531156224,7361,7,60662,7,2020,1947.99
840949922531156224,7361,7,60662,8,2020,1062.09
840949922531156224,7361,7,60662,9,2020,5437.7
840949922531156224,7361,7,60662,10,2020,-4.48
840949922531156224,7361,7,60662,11,2020,-3819.31
840949922531156224,7361,7,60662,12,2020,1689.0
843350730200778240,4498,2,54605,1,2020,0.0
843350730200778240,4498,2,54605,2,2020,0.0
843350730200778240,4498,2,54605,3,2020,0.0
843350730200778240,4498,2,54605,4,2020,1407.59
843350730200778240,4498,2,54605,5,2020,1090.89
843350730200778240,4498,2,54605,6,2020,1090.89
843350730200778240,4498,2,54605,7,2020,1090.89
843350730200778240,4498,2,54605,8,2020,2259.43
843350730200778240,4498,2,54605,9,2020,926.56
843350730200778240,4498,2,54605,10,2020,4062.95
843350730200778240,4498,2,54605,11,2020,4318.01
843350730200778240,4498,2,54605,12,2020,4318.01
84416899763504176,2075,6,23604,1,2020,-8290.87
