3111218609544263680,3389,3,86804,4,2020,0.0
3111218609544263680,3389,3,86804,5,2020,538.73
3111218609544263680,3389,3,86804,6,2020,538.73
3111218609544263680,3389,3,86804,7,2020,538.73
3111218609544263680,3389,3,86804,8,2020,538.73
3111218609544263680,3389,3,86804,9,2020,538.73
3111218609544263680,3389,3,86804,10,2020,538.73
3111218609544263680,3389,3,86804,11,2020,538.73
3111218609544263680,3389,3,86804,12,2020,538.73
3111743975080078848,475,2,93804,1,2020,308.89
3111743975080078848,475,2,93804,2,2020,1647.15
3111743975080078848,475,2,93804,3,2020,5428.59
3111743975080078848,475,2,93804,4,2020,10152.05
3111743975080078848,475,2,93804,5,2020,8024.37
3111743975080078848,475,2,93804,6,2020,8333.93
3111743975080078848,475,2,93804,7,2020,10556.17
3111743975080078848,475,2,93804,8,2020,9243.83
3111743975080078848,475,2,93804,9,2020,9083.5
3111743975080078848,475,2,93804,10,2020,7753.54
3111743975080078848,475,2,93804,11,2020,10296.97
3111743975080078848,475,2,93804,12,2020,8230.65
3112064943747527168,8018,2,77793,1,2020,-4834.82
3112064943747527168,8018,2,77793,2,2020,-5066.41
3112064943747527168,8018,2,77793,3,2020,-5159.43
3112064943747527168,8018,2,77793,4,2020,-9102.9
3112064943747527168,8018,2,77793,5,2020,-7899.83
3112064943747527168,8018,2,77793,6,2020,-6083.07
3112064943747527168,8018,2,77793,7,2020,-11779.22
3112064943747527168,8018,2,77793,8,2020,-10414.56
3112064943747527168,8018,2,77793,9,2020,-13576.31
3112064943747527168,8018,2,77793,10,2020,-18751.06
3112064943747527168,8018,2,77793,11,2020,-17586.18
3112064943747527168,8018,2,77793,12,2020,-17738.31
311349369727500416,8422,6,39162,1,2020,2836.65
311349369727500416,8422,6,39162,2,2020,3796.22
311349369727500416,8422,6,39162,3,2020,7550.76
311349369727500416,8422,6,39162,4,2020,9456.51
311349369727500416,8422,6,39162,5,2020,10010.12
311349369727500416,8422,6,39162,6,2020,10884.86
311349369727500416,8422,6,39162,7,2020,8273.27
311349369727500416,8422,6,39162,8,2020,2535.79
311349369727500416,8422,6,39162,9,2020,6444.5
311349369727500416,8422,6,39162,10,2020,8024.68
311349369727500416,8422,6,39162,11,2020,7613.73
311349369727500416,8422,6,39162,12,2020,7288.77
311389245479336832,2753,7,54144,1,2020,-344.3
311389245479336832,2753,7,54144,2,2020,-3101.58
311389245479336832,2753,7,54144,3,2020,-7105.95
311389245479336832,2753,7,54144,4,2020,-11690.19
311389245479336832,2753,7,54144,5,2020,-1896.81
311389245479336832,2753,7,54144,6,2020,4913.22
311389245479336832,2753,7,54144,7,2020,4475.02
311389245479336832,2753,7,54144,8,2020,4769.0
311389245479336832,2753,7,54144,9,2020,2165.6
311389245479336832,2753,7,54144,10,2020,5319.24
311389245479336832,2753,7,54144,11,2020,-2003.17
311389245479336832,2753,7,54144,12,2020,-6609.62
311406230147928448,2919,9,73425,1,2020,2902.15
311406230147928448,2919,9,73425,2,2020,6849.15
311406230147928448,2919,9,73425,3,2020,10652.97
311406230147928448,2919,9,73425,4,2020,10034.44
311406230147928448,2919,9,73425,5,2020,11507.6
311406230147928448,2919,9,73425,6,2020,7589.76
311406230147928448,2919,9,73425,7,2020,5086.7
311406230147928448,2919,9,73425,8,2020,6044.09
311406230147928448,2919,9,73425,9,2020,7271.0
311406230147928448,2919,9,73425,10,2020,4760.87
311406230147928448,2919,9,73425,11,2020,1141.45
311406230147928448,2919,9,73425,12,2020,-587.49
311446622495190208,2815,5,64193,1,2020,3479.52
311446622495190208,2815,5,64193,2,2020,2426.03
311446622495190208,2815,5,64193,3,2020,-255.24
311446622495190208,2815,5,64193,4,2020,1009.37
311446622495190208,2815,5,64193,5,2020,4321.66
311446622495190208,2815,5,64193,6,2020,7131.95
311446622495190208,2815,5,64193,7,2020,10009.66
311446622495190208,2815,5,64193,8,2020,12439.51
311446622495190208,2815,5,64193,9,2020,9559.35
311446622495190208,2815,5,64193,10,2020,9064.82
311446622495190208,2815,5,64193,11,2020,6889.01
311446622495190208,2815,5,64193,12,2020,11027.18
3115732773203848192,6192,7,13552,1,2020,4976.61
3115732773203848192,6192,7,13552,2,2020,5837.04
3115732773203848192,6192,7,13552,3,2020,2488.57
3115732773203848192,6192,7,13552,4,2020,-896.64
3115732773203848192,6192,7,13552,5,2020,2252.73
3115732773203848192,6192,7,13552,6,2020,4292.38
3115732773203848192,6192,7,13552,7,2020,14039.13
3115732773203848192,6192,7,13552,8,2020,6818.1
3115732773203848192,6192,7,13552,9,2020,8368.53
3115732773203848192,6192,7,13552,10,2020,4407.6
3115732773203848192,6192,7,13552,11,2020,7334.53
3115732773203848192,6192,7,13552,12,2020,2584.47
3118350622467018240,2904,9,45471,1,2020,-718.27
3118350622467018240,2904,9,45471,2,2020,-2813.49
3118350622467018240,2904,9,45471,3,2020,-3921.62
3118350622467018240,2904,9,45471,4,2020,-2340.18
3118350622467018240,2904,9,45471,5,2020,-1511.19
3118350622467018240,2904,9,45471,6,2020,-1609.77
3118350622467018240,2904,9,45471,7,2020,-3428.8
3118350622467018240,2904,9,45471,8,2020,-5581.49
3118350622467018240,2904,9,45471,9,2020,-10695.85
3118350622467018240,2904,9,45471,10,2020,-12025.75
3118350622467018240,2904,9,45471,11,2020,-12025.75
3118350622467018240,2904,9,45471,12,2020,-15563.65
3118912692849754624,6888,6,7968,1,2020,-3260.55
3118912692849754624,6888,6,7968,2,2020,-5353.19
3118912692849754624,6888,6,7968,3,2020,-13528.7
3118912692849754624,6888,6,7968,4,2020,-13087.21
3118912692849754624,6888,6,7968,5,2020,-17344.17
3118912692849754624,6888,6,7968,6,2020,-16746.82
3118912692849754624,6888,6,7968,7,2020,-26122.96
3118912692849754624,6888,6,7968,8,2020,-30404.29
3118912692849754624,6888,6,7968,9,2020,-22490.68
3118912692849754624,6888,6,7968,10,2020,-17344.92
3118912692849754624,6888,6,7968,11,2020,-21744.97
3118912692849754624,6888,6,7968,12,2020,-21151.28
3120310918772084224,2490,1,75775,1,2020,-3570.01
3120310918772084224,2490,1,75775,2,2020,-3234.32
3120310918772084224,2490,1,75775,3,2020,-6874.31
3120310918772084224,2490,1,75775,4,2020,-5920.07
3120310918772084224,2490,1,75775,5,2020,-5609.62
3120310918772084224,2490,1,75775,6,2020,-3752.6
3120310918772084224,2490,1,75775,7,2020,-6192.67
3120310918772084224,2490,1,75775,8,2020,-4497.32
3120310918772084224,2490,1,75775,9,2020,-2286.8
3120310918772084224,2490,1,75775,10,2020,-3391.31
3120310918772084224,2490,1,75775,11,2020,-8045.14
3120310918772084224,2490,1,75775,12,2020,-8523.97
3121137211970446336,2052,4,30610,1,2020,358.02
3121137211970446336,2052,4,30610,2,2020,-4524.91
3121137211970446336,2052,4,30610,3,2020,-3728.06
3121137211970446336,2052,4,30610,4,2020,-862.3
3121137211970446336,2052,4,30610,5,2020,-2755.71
3121137211970446336,2052,4,30610,6,2020,-6421.11
3121137211970446336,2052,4,30610,7,2020,-2835.58
3121137211970446336,2052,4,30610,8,2020,-5545.29
3121137211970446336,2052,4,30610,9,2020,-3727.4
3121137211970446336,2052,4,30610,10,2020,-3727.4
3121137211970446336,2052,4,30610,11,2020,-4329.68
3121137211970446336,2052,4,30610,12,2020,-7054.88
3123279595141215232,1186,7,77065,1,2020,-4191.38
3123279595141215232,1186,7,77065,2,2020,-1802.29
3123279595141215232,1186,7,77065,3,2020,614.1
3123279595141215232,1186,7,77065,4,2020,8382.84
3123279595141215232,1186,7,77065,5,2020,13003.02
3123279595141215232,1186,7,77065,6,2020,22058.53
3123279595141215232,1186,7,77065,7,2020,23778.58
3123279595141215232,1186,7,77065,8,2020,29199.34
3123279595141215232,1186,7,77065,9,2020,28650.48
3123279595141215232,1186,7,77065,10,2020,27507.99
3123279595141215232,1186,7,77065,11,2020,28008.72
3123279595141215232,1186,7,77065,12,2020,36268.62
3124324294208621056,8932,8,57758,1,2020,272.54
3124324294208621056,8932,8,57758,2,2020,4465.25
3124324294208621056,8932,8,57758,3,2020,2437.24
3124324294208621056,8932,8,57758,4,2020,278.7
3124324294208621056,8932,8,57758,5,2020,1707.63
3124324294208621056,8932,8,57758,6,2020,2107.72
3124324294208621056,8932,8,57758,7,2020,-4432.08
3124324294208621056,8932,8,57758,8,2020,-2226.77
3124324294208621056,8932,8,57758,9,2020,-3864.02
3124324294208621056,8932,8,57758,10,2020,-3367.21
3124324294208621056,8932,8,57758,11,2020,-493.51
3124324294208621056,8932,8,57758,12,2020,-3579.68
3125830849972486656,9202,0,723,1,2020,2221.33
3125830849972486656,9202,0,723,2,2020,11463.22
3125830849972486656,9202,0,723,3,2020,15017.96
3125830849972486656,9202,0,723,4,2020,13006.58
3125830849972486656,9202,0,723,5,2020,16076.72
3125830849972486656,9202,0,723,6,2020,11352.21
3125830849972486656,9202,0,723,7,2020,11751.1
3125830849972486656,9202,0,723,8,2020,2796.26
3125830849972486656,9202,0,723,9,2020,894.12
3125830849972486656,9202,0,723,10,2020,730.5
3125830849972486656,9202,0,723,11,2020,-4171.94
3125830849972486656,9202,0,723,12,2020,2896.55
3126408266524388352,291,2,85145,1,2020,-1746.31
3126408266524388352,291,2,85145,2,2020,-2834.63
3126408266524388352,291,2,85145,3,2020,-4363.44
3126408266524388352,291,2,85145,4,2020,-4816.07
3126408266524388352,291,2,85145,5,2020,-4733.62
3126408266524388352,291,2,85145,6,2020,-4322.06
3126408266524388352,291,2,85145,7,2020,-5132.94
3126408266524388352,291,2,85145,8,2020,-5483.53
3126408266524388352,291,2,85145,9,2020,-9549.15
3126408266524388352,291,2,85145,10,2020,-8657.55
3126408266524388352,291,2,85145,11,2020,-10770.67
3126408266524388352,291,2,85145,12,2020,-13272.78
3126715436849760768,6000,7,55476,1,2020,4003.04
3126715436849760768,6000,7,55476,2,2020,7852.62
3126715436849760768,6000,7,55476,3,2020,4605.49
3126715436849760768,6000,7,55476,4,2020,5857.7
3126715436849760768,6000,7,55476,5,2020,-1988.51
3126715436849760768,6000,7,55476,6,2020,-1101.31
3126715436849760768,6000,7,55476,7,2020,-1777.25
3126715436849760768,6000,7,55476,8,2020,678.46
3126715436849760768,6000,7,55476,9,2020,46.59
3126715436849760768,6000,7,55476,10,2020,2406.34
3126715436849760768,6000,7,55476,11,2020,1582.57
3126715436849760768,6000,7,55476,12,2020,6441.39
312930831799927872,4326,6,4683,1,2020,-1855.14
312930831799927872,4326,6,4683,2,2020,-8905.41
312930831799927872,4326,6,4683,3,2020,-12115.21
312930831799927872,4326,6,4683,4,2020,-16231.36
312930831799927872,4326,6,4683,5,2020,-12733.39
312930831799927872,4326,6,4683,6,2020,-10884.62
312930831799927872,4326,6,4683,7,2020,-12923.74
312930831799927872,4326,6,4683,8,2020,-9675.29
312930831799927872,4326,6,4683,9,2020,-9560.79
312930831799927872,4326,6,4683,10,2020,-13872.56
312930831799927872,4326,6,4683,11,2020,-12849.07
312930831799927872,4326,6,4683,12,2020,-8138.2
3129591320601530880,4286,8,56014,1,2020,-1590.07
3129591320601530880,4286,8,56014,2,2020,-2384.11
3129591320601530880,4286,8,56014,3,2020,2567.96
3129591320601530880,4286,8,56014,4,2020,2567.96
3129591320601530880,4286,8,56014,5,2020,2260.21
3129591320601530880,4286,8,56014,6,2020,2260.21
3129591320601530880,4286,8,56014,7,2020,939.29
3129591320601530880,4286,8,56014,8,2020,547.72
3129591320601530880,4286,8,56014,9,2020,1774.13
3129591320601530880,4286,8,56014,10,2020,1774.13
3129591320601530880,4286,8,56014,11,2020,3737.38
3129591320601530880,4286,8,56014,12,2020,3737.38
31300714193979064,3683,3,74617,1,2020,669.5
31300714193979064,3683,3,74617,2,2020,-1244.71
31300714193979064,3683,3,74617,3,2020,-5940.31
31300714193979064,3683,3,74617,4,2020,2204.96
31300714193979064,3683,3,74617,5,2020,706.23
31300714193979064,3683,3,74617,6,2020,-1671.68
31300714193979064,3683,3,74617,7,2020,-4247.02
31300714193979064,3683,3,74617,8,2020,-8570.96
31300714193979064,3683,3,74617,9,2020,-9722.95
31300714193979064,3683,3,74617,10,2020,-6511.41
31300714193979064,3683,3,74617,11,2020,-6931.68
31300714193979064,3683,3,74617,12,2020,-9925.44
313105817823153472,8839,8,19731,1,2020,-2513.73
313105817823153472,8839,8,19731,2,2020,-1169.94
313105817823153472,8839,8,19731,3,2020,-1163.19
313105817823153472,8839,8,19731,4,2020,-2089.94
