694760055415614080,7402,4,72504,4,2020,-11588.3
694760055415614080,7402,4,72504,5,2020,-16118.56
694760055415614080,7402,4,72504,6,2020,-7764.51
694760055415614080,7402,4,72504,7,2020,-9389.14
694760055415614080,7402,4,72504,8,2020,-6439.08
694760055415614080,7402,4,72504,9,2020,-7136.46
694760055415614080,7402,4,72504,10,2020,-4961.6
694760055415614080,7402,4,72504,11,2020,-7132.05
694760055415614080,7402,4,72504,12,2020,-11975.41
696003923944149632,7329,6,95463,1,2020,-5364.28
696003923944149632,7329,6,95463,2,2020,-780.76
696003923944149632,7329,6,95463,3,2020,1697.68
696003923944149632,7329,6,95463,4,2020,9961.15
696003923944149632,7329,6,95463,5,2020,14177.65
696003923944149632,7329,6,95463,6,2020,14780.24
696003923944149632,7329,6,95463,7,2020,5440.49
696003923944149632,7329,6,95463,8,2020,7511.45
696003923944149632,7329,6,95463,9,2020,9046.77
696003923944149632,7329,6,95463,10,2020,9753.48
696003923944149632,7329,6,95463,11,2020,2662.33
696003923944149632,7329,6,95463,12,2020,8759.48
697095339087468672,1320,0,53462,1,2020,0.0
697095339087468672,1320,0,53462,2,2020,0.0
697095339087468672,1320,0,53462,3,2020,0.0
697095339087468672,1320,0,53462,4,2020,0.0
697095339087468672,1320,0,53462,5,2020,-1218.46
697095339087468672,1320,0,53462,6,2020,-1218.46
697095339087468672,1320,0,53462,7,2020,-1218.46
697095339087468672,1320,0,53462,8,2020,-1218.46
697095339087468672,1320,0,53462,9,2020,-1218.46
697095339087468672,1320,0,53462,10,2020,-1218.46
697095339087468672,1320,0,53462,11,2020,-2080.96
697095339087468672,1320,0,53462,12,2020,-4940.87
697674230333567744,3656,2,38645,1,2020,-6039.57
697674230333567744,3656,2,38645,2,2020,-11643.43
697674230333567744,3656,2,38645,3,2020,-10239.44
697674230333567744,3656,2,38645,4,2020,-5655.69
697674230333567744,3656,2,38645,5,2020,-6678.47
697674230333567744,3656,2,38645,6,2020,-1498.71
697674230333567744,3656,2,38645,7,2020,-3667.29
697674230333567744,3656,2,38645,8,2020,-2032.22
697674230333567744,3656,2,38645,9,2020,-5160.97
697674230333567744,3656,2,38645,10,2020,-8377.03
697674230333567744,3656,2,38645,11,2020,-11238.25
697674230333567744,3656,2,38645,12,2020,-6395.87
698535771630118272,3325,2,62014,1,2020,7410.33
698535771630118272,3325,2,62014,2,2020,12128.77
698535771630118272,3325,2,62014,3,2020,8474.92
698535771630118272,3325,2,62014,4,2020,6031.56
698535771630118272,3325,2,62014,5,2020,6315.1
698535771630118272,3325,2,62014,6,2020,6257.05
698535771630118272,3325,2,62014,7,2020,3985.17
698535771630118272,3325,2,62014,8,2020,4118.12
698535771630118272,3325,2,62014,9,2020,10258.23
698535771630118272,3325,2,62014,10,2020,7708.53
698535771630118272,3325,2,62014,11,2020,6892.44
698535771630118272,3325,2,62014,12,2020,9183.83
699205498931354240,8184,4,63262,1,2020,-3198.73
699205498931354240,8184,4,63262,2,2020,-2104.66
699205498931354240,8184,4,63262,3,2020,2028.64
699205498931354240,8184,4,63262,4,2020,1405.82
699205498931354240,8184,4,63262,5,2020,1.12
699205498931354240,8184,4,63262,6,2020,5136.2
699205498931354240,8184,4,63262,7,2020,5652.87
699205498931354240,8184,4,63262,8,2020,4456.74
699205498931354240,8184,4,63262,9,2020,8283.41
699205498931354240,8184,4,63262,10,2020,12020.21
699205498931354240,8184,4,63262,11,2020,15278.75
699205498931354240,8184,4,63262,12,2020,13020.64
701176207953859456,3765,2,70899,1,2020,-1225.43
701176207953859456,3765,2,70899,2,2020,-3603.59
701176207953859456,3765,2,70899,3,2020,88.11
701176207953859456,3765,2,70899,4,2020,-1771.74
701176207953859456,3765,2,70899,5,2020,-4483.76
701176207953859456,3765,2,70899,6,2020,-9240.47
701176207953859456,3765,2,70899,7,2020,-5369.9
701176207953859456,3765,2,70899,8,2020,-1429.8
701176207953859456,3765,2,70899,9,2020,5211.63
701176207953859456,3765,2,70899,10,2020,3048.34
701176207953859456,3765,2,70899,11,2020,1991.7
701176207953859456,3765,2,70899,12,2020,-974.14
701370497844170496,1546,7,78857,1,2020,0.0
701370497844170496,1546,7,78857,2,2020,-1724.02
701370497844170496,1546,7,78857,3,2020,-2094.6
701370497844170496,1546,7,78857,4,2020,-1920.93
701370497844170496,1546,7,78857,5,2020,-2944.37
701370497844170496,1546,7,78857,6,2020,-4663.86
701370497844170496,1546,7,78857,7,2020,-2806.67
701370497844170496,1546,7,78857,8,2020,-1514.0
701370497844170496,1546,7,78857,9,2020,-4324.5
701370497844170496,1546,7,78857,10,2020,-6441.0
701370497844170496,1546,7,78857,11,2020,-4945.35
701370497844170496,1546,7,78857,12,2020,-5409.19
701652049175591552,6963,8,99706,1,2020,1237.69
701652049175591552,6963,8,99706,2,2020,1560.58
701652049175591552,6963,8,99706,3,2020,-1150.17
701652049175591552,6963,8,99706,4,2020,1052.79
701652049175591552,6963,8,99706,5,2020,1052.79
701652049175591552,6963,8,99706,6,2020,-718.13
701652049175591552,6963,8,99706,7,2020,2324.25
701652049175591552,6963,8,99706,8,2020,961.32
701652049175591552,6963,8,99706,9,2020,3465.18
701652049175591552,6963,8,99706,10,2020,2746.15
701652049175591552,6963,8,99706,11,2020,3750.21
701652049175591552,6963,8,99706,12,2020,571.89
702966300249772672,3812,7,41262,1,2020,-3880.6
702966300249772672,3812,7,41262,2,2020,-4727.71
702966300249772672,3812,7,41262,3,2020,-9821.81
702966300249772672,3812,7,41262,4,2020,-10186.01
702966300249772672,3812,7,41262,5,2020,-13262.81
702966300249772672,3812,7,41262,6,2020,-14283.31
702966300249772672,3812,7,41262,7,2020,-12864.08
702966300249772672,3812,7,41262,8,2020,-10252.55
702966300249772672,3812,7,41262,9,2020,-3064.62
702966300249772672,3812,7,41262,10,2020,-2959.61
702966300249772672,3812,7,41262,11,2020,-848.14
702966300249772672,3812,7,41262,12,2020,-114.69
703026034448604416,6687,1,74446,1,2020,4534.98
703026034448604416,6687,1,74446,2,2020,301.69
703026034448604416,6687,1,74446,3,2020,-540.22
703026034448604416,6687,1,74446,4,2020,4824.08
703026034448604416,6687,1,74446,5,2020,5054.38
703026034448604416,6687,1,74446,6,2020,3721.05
703026034448604416,6687,1,74446,7,2020,5783.18
703026034448604416,6687,1,74446,8,2020,5173.04
703026034448604416,6687,1,74446,9,2020,10519.46
703026034448604416,6687,1,74446,10,2020,11273.93
703026034448604416,6687,1,74446,11,2020,14246.59
703026034448604416,6687,1,74446,12,2020,16139.94
704357549421242880,8164,0,25925,1,2020,-1017.53
704357549421242880,8164,0,25925,2,2020,-2045.65
704357549421242880,8164,0,25925,3,2020,-1635.47
704357549421242880,8164,0,25925,4,2020,-707.25
704357549421242880,8164,0,25925,5,2020,144.23
704357549421242880,8164,0,25925,6,2020,-893.7
704357549421242880,8164,0,25925,7,2020,-1375.31
704357549421242880,8164,0,25925,8,2020,3180.3
704357549421242880,8164,0,25925,9,2020,3180.3
704357549421242880,8164,0,25925,10,2020,2276.69
704357549421242880,8164,0,25925,11,2020,3285.1
704357549421242880,8164,0,25925,12,2020,4255.72
705462371472353408,8352,0,49138,1,2020,-1033.83
705462371472353408,8352,0,49138,2,2020,1839.7
705462371472353408,8352,0,49138,3,2020,2515.45
705462371472353408,8352,0,49138,4,2020,2515.45
705462371472353408,8352,0,49138,5,2020,-48.09
705462371472353408,8352,0,49138,6,2020,-48.09
705462371472353408,8352,0,49138,7,2020,-1578.85
705462371472353408,8352,0,49138,8,2020,-1578.85
705462371472353408,8352,0,49138,9,2020,-3090.71
705462371472353408,8352,0,49138,10,2020,-3576.06
705462371472353408,8352,0,49138,11,2020,-3472.39
705462371472353408,8352,0,49138,12,2020,-5031.19
705529638180029440,9319,7,6727,1,2020,1955.53
705529638180029440,9319,7,6727,2,2020,-2697.76
705529638180029440,9319,7,6727,3,2020,-2864.88
705529638180029440,9319,7,6727,4,2020,-6436.62
705529638180029440,9319,7,6727,5,2020,-11413.35
705529638180029440,9319,7,6727,6,2020,-13383.51
705529638180029440,9319,7,6727,7,2020,-12717.04
705529638180029440,9319,7,6727,8,2020,-9742.71
705529638180029440,9319,7,6727,9,2020,-8057.05
705529638180029440,9319,7,6727,10,2020,-5820.09
705529638180029440,9319,7,6727,11,2020,-632.28
705529638180029440,9319,7,6727,12,2020,-923.98
707011733787379840,4431,1,58886,1,2020,1212.56
707011733787379840,4431,1,58886,2,2020,-1628.31
707011733787379840,4431,1,58886,3,2020,-4705.12
707011733787379840,4431,1,58886,4,2020,-6638.02
707011733787379840,4431,1,58886,5,2020,-5092.46
707011733787379840,4431,1,58886,6,2020,-5826.02
707011733787379840,4431,1,58886,7,2020,-6300.29
707011733787379840,4431,1,58886,8,2020,-7270.36
707011733787379840,4431,1,58886,9,2020,-6084.3
707011733787379840,4431,1,58886,10,2020,-3427.5
707011733787379840,4431,1,58886,11,2020,29.2
707011733787379840,4431,1,58886,12,2020,-5353.25
707173912190081920,2168,6,20419,1,2020,1862.0
707173912190081920,2168,6,20419,2,2020,3162.98
707173912190081920,2168,6,20419,3,2020,-304.88
707173912190081920,2168,6,20419,4,2020,-7915.84
707173912190081920,2168,6,20419,5,2020,-5930.59
707173912190081920,2168,6,20419,6,2020,-7000.53
707173912190081920,2168,6,20419,7,2020,-12386.93
707173912190081920,2168,6,20419,8,2020,-12727.35
707173912190081920,2168,6,20419,9,2020,-16913.77
707173912190081920,2168,6,20419,10,2020,-22433.06
707173912190081920,2168,6,20419,11,2020,-24113.28
707173912190081920,2168,6,20419,12,2020,-28283.21
707947719280790016,7176,4,68227,1,2020,0.0
707947719280790016,7176,4,68227,2,2020,0.0
707947719280790016,7176,4,68227,3,2020,0.0
707947719280790016,7176,4,68227,4,2020,0.0
707947719280790016,7176,4,68227,5,2020,0.0
707947719280790016,7176,4,68227,6,2020,0.0
707947719280790016,7176,4,68227,7,2020,0.0
707947719280790016,7176,4,68227,8,2020,0.0
707947719280790016,7176,4,68227,9,2020,0.0
707947719280790016,7176,4,68227,10,2020,944.43
707947719280790016,7176,4,68227,11,2020,1960.57
707947719280790016,7176,4,68227,12,2020,1960.57
709045409898619776,3377,8,76813,1,2020,1878.13
709045409898619776,3377,8,76813,2,2020,3209.7
709045409898619776,3377,8,76813,3,2020,3578.14
709045409898619776,3377,8,76813,4,2020,4067.66
709045409898619776,3377,8,76813,5,2020,6297.82
709045409898619776,3377,8,76813,6,2020,5611.81
709045409898619776,3377,8,76813,7,2020,4897.02
709045409898619776,3377,8,76813,8,2020,5768.13
709045409898619776,3377,8,76813,9,2020,5042.75
709045409898619776,3377,8,76813,10,2020,12334.79
709045409898619776,3377,8,76813,11,2020,9601.86
709045409898619776,3377,8,76813,12,2020,13221.03
709091492889603584,5070,3,63666,1,2020,968.02
709091492889603584,5070,3,63666,2,2020,4466.42
709091492889603584,5070,3,63666,3,2020,5118.28
709091492889603584,5070,3,63666,4,2020,-163.1
709091492889603584,5070,3,63666,5,2020,2294.18
709091492889603584,5070,3,63666,6,2020,2460.06
709091492889603584,5070,3,63666,7,2020,6128.56
709091492889603584,5070,3,63666,8,2020,11752.67
709091492889603584,5070,3,63666,9,2020,7539.26
709091492889603584,5070,3,63666,10,2020,12372.09
709091492889603584,5070,3,63666,11,2020,8244.21
709091492889603584,5070,3,63666,12,2020,8981.43
710639843307943936,9970,5,57480,1,2020,1848.29
710639843307943936,9970,5,57480,2,2020,-2346.54
710639843307943936,9970,5,57480,3,2020,-2901.7
710639843307943936,9970,5,57480,4,2020,-3373.2
710639843307943936,9970,5,57480,5,2020,-1044.02
710639843307943936,9970,5,57480,6,2020,-6814.33
710639843307943936,9970,5,57480,7,2020,-9591.6
710639843307943936,9970,5,57480,8,2020,-10946.97
710639843307943936,9970,5,57480,9,2020,-5483.49
710639843307943936,9970,5,57480,10,2020,-3423.38
710639843307943936,9970,5,57480,11,2020,-7269.96
710639843307943936,9970,5,57480,12,2020,-7318.99
7106839639082916,8570,1,69213,1,2020,1660.23
7106839639082916,8570,1,69213,2,2020,1660.23
7106839639082916,8570,1,69213,3,2020,3999.46
7106839639082916,8570,1,69213,4,2020,4752.62
7106839639082916,8570,1,69213,5,2020,2855.54
7106839639082916,8570,1,69213,6,2020,-485.97
