2618244491524084736,3068,2,79877,9,2020,-1288.11
2618244491524084736,3068,2,79877,10,2020,3404.31
2618244491524084736,3068,2,79877,11,2020,3316.82
2618244491524084736,3068,2,79877,12,2020,328.32
2618266425658075648,1894,3,45723,1,2020,0.0
2618266425658075648,1894,3,45723,2,2020,0.0
2618266425658075648,1894,3,45723,3,2020,359.54
2618266425658075648,1894,3,45723,4,2020,359.54
2618266425658075648,1894,3,45723,5,2020,359.54
2618266425658075648,1894,3,45723,6,2020,359.54
2618266425658075648,1894,3,45723,7,2020,359.54
2618266425658075648,1894,3,45723,8,2020,359.54
2618266425658075648,1894,3,45723,9,2020,359.54
2618266425658075648,1894,3,45723,10,2020,359.54
2618266425658075648,1894,3,45723,11,2020,359.54
2618266425658075648,1894,3,45723,12,2020,359.54
2620505955526663680,7246,7,61627,1,2020,2401.49
2620505955526663680,7246,7,61627,2,2020,4022.84
2620505955526663680,7246,7,61627,3,2020,8554.21
2620505955526663680,7246,7,61627,4,2020,31.38
2620505955526663680,7246,7,61627,5,2020,-2877.72
2620505955526663680,7246,7,61627,6,2020,4073.0
2620505955526663680,7246,7,61627,7,2020,-520.58
2620505955526663680,7246,7,61627,8,2020,5089.7
2620505955526663680,7246,7,61627,9,2020,5149.08
2620505955526663680,7246,7,61627,10,2020,8605.17
2620505955526663680,7246,7,61627,11,2020,11178.93
2620505955526663680,7246,7,61627,12,2020,13972.5
2620699401776964608,2324,3,25632,1,2020,-3921.68
2620699401776964608,2324,3,25632,2,2020,-965.44
2620699401776964608,2324,3,25632,3,2020,2412.87
2620699401776964608,2324,3,25632,4,2020,2215.89
2620699401776964608,2324,3,25632,5,2020,1536.66
2620699401776964608,2324,3,25632,6,2020,5072.46
2620699401776964608,2324,3,25632,7,2020,7815.68
2620699401776964608,2324,3,25632,8,2020,7168.92
2620699401776964608,2324,3,25632,9,2020,11990.64
2620699401776964608,2324,3,25632,10,2020,2630.61
2620699401776964608,2324,3,25632,11,2020,-4587.74
2620699401776964608,2324,3,25632,12,2020,-1222.95
2621732630575826432,3802,3,92904,1,2020,-5828.22
2621732630575826432,3802,3,92904,2,2020,-5079.59
2621732630575826432,3802,3,92904,3,2020,-6974.55
2621732630575826432,3802,3,92904,4,2020,-1810.31
2621732630575826432,3802,3,92904,5,2020,-896.69
2621732630575826432,3802,3,92904,6,2020,-6013.47
2621732630575826432,3802,3,92904,7,2020,-1788.27
2621732630575826432,3802,3,92904,8,2020,-3911.64
2621732630575826432,3802,3,92904,9,2020,-1251.17
2621732630575826432,3802,3,92904,10,2020,1823.47
2621732630575826432,3802,3,92904,11,2020,5637.58
2621732630575826432,3802,3,92904,12,2020,2673.95
2622103965489639424,6324,0,60007,1,2020,-2686.57
2622103965489639424,6324,0,60007,2,2020,1266.04
2622103965489639424,6324,0,60007,3,2020,-2427.22
2622103965489639424,6324,0,60007,4,2020,3427.75
2622103965489639424,6324,0,60007,5,2020,3528.84
2622103965489639424,6324,0,60007,6,2020,4827.09
2622103965489639424,6324,0,60007,7,2020,8669.11
2622103965489639424,6324,0,60007,8,2020,8606.76
2622103965489639424,6324,0,60007,9,2020,7430.19
2622103965489639424,6324,0,60007,10,2020,6979.72
2622103965489639424,6324,0,60007,11,2020,6388.62
2622103965489639424,6324,0,60007,12,2020,3819.16
2622339360017297408,7292,9,9905,1,2020,-4743.33
2622339360017297408,7292,9,9905,2,2020,-7661.92
2622339360017297408,7292,9,9905,3,2020,-15036.88
2622339360017297408,7292,9,9905,4,2020,-12868.1
2622339360017297408,7292,9,9905,5,2020,-16556.41
2622339360017297408,7292,9,9905,6,2020,-11972.85
2622339360017297408,7292,9,9905,7,2020,-5978.77
2622339360017297408,7292,9,9905,8,2020,-10989.12
2622339360017297408,7292,9,9905,9,2020,-8251.07
2622339360017297408,7292,9,9905,10,2020,-6293.84
2622339360017297408,7292,9,9905,11,2020,-4566.89
2622339360017297408,7292,9,9905,12,2020,-3566.77
2622677493109980672,3228,6,9128,1,2020,341.84
2622677493109980672,3228,6,9128,2,2020,1535.6
2622677493109980672,3228,6,9128,3,2020,4746.79
2622677493109980672,3228,6,9128,4,2020,4746.79
2622677493109980672,3228,6,9128,5,2020,3743.73
2622677493109980672,3228,6,9128,6,2020,180.8
2622677493109980672,3228,6,9128,7,2020,-907.28
2622677493109980672,3228,6,9128,8,2020,-352.36
2622677493109980672,3228,6,9128,9,2020,520.04
2622677493109980672,3228,6,9128,10,2020,460.36
2622677493109980672,3228,6,9128,11,2020,2193.38
2622677493109980672,3228,6,9128,12,2020,3471.49
2625891806053430784,2968,4,42695,1,2020,-2358.09
2625891806053430784,2968,4,42695,2,2020,1450.71
2625891806053430784,2968,4,42695,3,2020,-2999.81
2625891806053430784,2968,4,42695,4,2020,-3985.74
2625891806053430784,2968,4,42695,5,2020,9796.35
2625891806053430784,2968,4,42695,6,2020,13138.05
2625891806053430784,2968,4,42695,7,2020,8979.01
2625891806053430784,2968,4,42695,8,2020,14759.63
2625891806053430784,2968,4,42695,9,2020,11755.3
2625891806053430784,2968,4,42695,10,2020,7867.67
2625891806053430784,2968,4,42695,11,2020,6589.39
2625891806053430784,2968,4,42695,12,2020,6346.4
2626984267042284032,2700,1,65256,1,2020,1644.35
2626984267042284032,2700,1,65256,2,2020,-1905.35
2626984267042284032,2700,1,65256,3,2020,-810.06
2626984267042284032,2700,1,65256,4,2020,-11570.54
2626984267042284032,2700,1,65256,5,2020,-16565.88
2626984267042284032,2700,1,65256,6,2020,-18054.97
2626984267042284032,2700,1,65256,7,2020,-20454.21
2626984267042284032,2700,1,65256,8,2020,-13566.41
2626984267042284032,2700,1,65256,9,2020,-9951.63
2626984267042284032,2700,1,65256,10,2020,-10723.61
2626984267042284032,2700,1,65256,11,2020,-15392.59
2626984267042284032,2700,1,65256,12,2020,-21629.25
2627940527087473664,2359,7,89408,1,2020,-3821.5
2627940527087473664,2359,7,89408,2,2020,-1095.95
2627940527087473664,2359,7,89408,3,2020,-7557.3
2627940527087473664,2359,7,89408,4,2020,-8037.5
2627940527087473664,2359,7,89408,5,2020,-11024.08
2627940527087473664,2359,7,89408,6,2020,-11536.61
2627940527087473664,2359,7,89408,7,2020,-15075.87
2627940527087473664,2359,7,89408,8,2020,-8099.21
2627940527087473664,2359,7,89408,9,2020,-10460.18
2627940527087473664,2359,7,89408,10,2020,-18624.6
2627940527087473664,2359,7,89408,11,2020,-19852.46
2627940527087473664,2359,7,89408,12,2020,-25839.17
2627962088698975744,370,8,62790,1,2020,507.07
2627962088698975744,370,8,62790,2,2020,1865.35
2627962088698975744,370,8,62790,3,2020,1680.21
2627962088698975744,370,8,62790,4,2020,7303.97
2627962088698975744,370,8,62790,5,2020,7947.36
2627962088698975744,370,8,62790,6,2020,18701.4
2627962088698975744,370,8,62790,7,2020,10630.32
2627962088698975744,370,8,62790,8,2020,5549.65
2627962088698975744,370,8,62790,9,2020,1284.57
2627962088698975744,370,8,62790,10,2020,-316.1
2627962088698975744,370,8,62790,11,2020,2454.6
2627962088698975744,370,8,62790,12,2020,-5741.62
2628495063082174976,8458,8,98754,1,2020,672.51
2628495063082174976,8458,8,98754,2,2020,3691.11
2628495063082174976,8458,8,98754,3,2020,6907.17
2628495063082174976,8458,8,98754,4,2020,5478.74
2628495063082174976,8458,8,98754,5,2020,6678.22
2628495063082174976,8458,8,98754,6,2020,10560.51
2628495063082174976,8458,8,98754,7,2020,10742.4
2628495063082174976,8458,8,98754,8,2020,11371.37
2628495063082174976,8458,8,98754,9,2020,9340.91
2628495063082174976,8458,8,98754,10,2020,6778.55
2628495063082174976,8458,8,98754,11,2020,7966.82
2628495063082174976,8458,8,98754,12,2020,6251.24
2628828024208234496,8494,4,50969,1,2020,1781.89
2628828024208234496,8494,4,50969,2,2020,-601.32
2628828024208234496,8494,4,50969,3,2020,-2406.94
2628828024208234496,8494,4,50969,4,2020,789.45
2628828024208234496,8494,4,50969,5,2020,5041.86
2628828024208234496,8494,4,50969,6,2020,6203.31
2628828024208234496,8494,4,50969,7,2020,4534.38
2628828024208234496,8494,4,50969,8,2020,6647.3
2628828024208234496,8494,4,50969,9,2020,9202.15
2628828024208234496,8494,4,50969,10,2020,6039.72
2628828024208234496,8494,4,50969,11,2020,4456.28
2628828024208234496,8494,4,50969,12,2020,7753.59
263006445679535584,537,1,28788,1,2020,1761.57
263006445679535584,537,1,28788,2,2020,1690.43
263006445679535584,537,1,28788,3,2020,1690.43
263006445679535584,537,1,28788,4,2020,1786.95
263006445679535584,537,1,28788,5,2020,1786.95
263006445679535584,537,1,28788,6,2020,3093.38
263006445679535584,537,1,28788,7,2020,3093.38
263006445679535584,537,1,28788,8,2020,3243.58
263006445679535584,537,1,28788,9,2020,946.26
263006445679535584,537,1,28788,10,2020,244.98
263006445679535584,537,1,28788,11,2020,313.62
263006445679535584,537,1,28788,12,2020,313.62
263021740143510976,7192,7,17518,1,2020,-1880.84
263021740143510976,7192,7,17518,2,2020,-2840.72
263021740143510976,7192,7,17518,3,2020,33.42
263021740143510976,7192,7,17518,4,2020,1194.22
263021740143510976,7192,7,17518,5,2020,6753.17
263021740143510976,7192,7,17518,6,2020,14827.07
263021740143510976,7192,7,17518,7,2020,17758.11
263021740143510976,7192,7,17518,8,2020,18960.63
263021740143510976,7192,7,17518,9,2020,16722.86
263021740143510976,7192,7,17518,10,2020,20624.74
263021740143510976,7192,7,17518,11,2020,13412.13
263021740143510976,7192,7,17518,12,2020,11903.24
2630546899631622144,8899,0,47259,1,2020,0.0
2630546899631622144,8899,0,47259,2,2020,83.76
2630546899631622144,8899,0,47259,3,2020,1303.08
2630546899631622144,8899,0,47259,4,2020,-134.03
2630546899631622144,8899,0,47259,5,2020,1844.59
2630546899631622144,8899,0,47259,6,2020,1844.59
2630546899631622144,8899,0,47259,7,2020,3762.28
2630546899631622144,8899,0,47259,8,2020,4920.38
2630546899631622144,8899,0,47259,9,2020,4920.38
2630546899631622144,8899,0,47259,10,2020,4319.29
2630546899631622144,8899,0,47259,11,2020,3080.4
2630546899631622144,8899,0,47259,12,2020,2119.57
2631555412936298496,5335,2,37431,1,2020,0.0
2631555412936298496,5335,2,37431,2,2020,0.0
2631555412936298496,5335,2,37431,3,2020,1957.17
2631555412936298496,5335,2,37431,4,2020,1957.17
2631555412936298496,5335,2,37431,5,2020,3650.86
2631555412936298496,5335,2,37431,6,2020,3518.36
2631555412936298496,5335,2,37431,7,2020,3518.36
2631555412936298496,5335,2,37431,8,2020,3518.36
2631555412936298496,5335,2,37431,9,2020,3518.36
2631555412936298496,5335,2,37431,10,2020,4744.85
2631555412936298496,5335,2,37431,11,2020,4744.85
2631555412936298496,5335,2,37431,12,2020,4018.86
2631584320447677440,7399,2,38998,1,2020,3198.12
2631584320447677440,7399,2,38998,2,2020,9537.88
2631584320447677440,7399,2,38998,3,2020,15335.33
2631584320447677440,7399,2,38998,4,2020,10493.29
2631584320447677440,7399,2,38998,5,2020,5911.03
2631584320447677440,7399,2,38998,6,2020,14849.88
2631584320447677440,7399,2,38998,7,2020,9421.61
2631584320447677440,7399,2,38998,8,2020,4913.12
2631584320447677440,7399,2,38998,9,2020,7948.62
2631584320447677440,7399,2,38998,10,2020,13013.58
2631584320447677440,7399,2,38998,11,2020,14605.94
2631584320447677440,7399,2,38998,12,2020,13385.39
2631743578048847872,8264,9,49960,1,2020,1099.74
2631743578048847872,8264,9,49960,2,2020,5381.21
2631743578048847872,8264,9,49960,3,2020,6101.25
2631743578048847872,8264,9,49960,4,2020,4198.0
2631743578048847872,8264,9,49960,5,2020,5505.41
2631743578048847872,8264,9,49960,6,2020,9202.1
2631743578048847872,8264,9,49960,7,2020,16668.94
2631743578048847872,8264,9,49960,8,2020,19154.55
2631743578048847872,8264,9,49960,9,2020,16527.75
2631743578048847872,8264,9,49960,10,2020,13078.96
2631743578048847872,8264,9,49960,11,2020,14873.81
2631743578048847872,8264,9,49960,12,2020,22457.71
2632693832165278208,5892,5,19686,1,2020,68.24
2632693832165278208,5892,5,19686,2,2020,-1287.45
2632693832165278208,5892,5,19686,3,2020,-2519.32
2632693832165278208,5892,5,19686,4,2020,-1251.46
2632693832165278208,5892,5,19686,5,2020,145.44
2632693832165278208,5892,5,19686,6,2020,844.84
2632693832165278208,5892,5,19686,7,2020,2851.09
2632693832165278208,5892,5,19686,8,2020,1095.79
2632693832165278208,5892,5,19686,9,2020,5679.19
