3290363966638027264,2635,0,86608,11,2020,-5924.06
3290363966638027264,2635,0,86608,12,2020,-6714.06
3291166808146569728,5316,5,8420,1,2020,8407.42
3291166808146569728,5316,5,8420,2,2020,2874.72
3291166808146569728,5316,5,8420,3,2020,-3996.85
3291166808146569728,5316,5,8420,4,2020,-3708.36
3291166808146569728,5316,5,8420,5,2020,-6071.21
3291166808146569728,5316,5,8420,6,2020,-3280.94
3291166808146569728,5316,5,8420,7,2020,-3963.61
3291166808146569728,5316,5,8420,8,2020,4016.15
3291166808146569728,5316,5,8420,9,2020,9956.48
3291166808146569728,5316,5,8420,10,2020,8598.1
3291166808146569728,5316,5,8420,11,2020,10607.29
3291166808146569728,5316,5,8420,12,2020,6413.5
3291659121480913408,6248,3,40050,1,2020,-934.15
3291659121480913408,6248,3,40050,2,2020,-1846.95
3291659121480913408,6248,3,40050,3,2020,-4358.61
3291659121480913408,6248,3,40050,4,2020,-4306.47
3291659121480913408,6248,3,40050,5,2020,-2463.29
3291659121480913408,6248,3,40050,6,2020,-5326.97
3291659121480913408,6248,3,40050,7,2020,-6349.06
3291659121480913408,6248,3,40050,8,2020,-8066.45
3291659121480913408,6248,3,40050,9,2020,-8479.47
3291659121480913408,6248,3,40050,10,2020,-11686.41
3291659121480913408,6248,3,40050,11,2020,-11588.57
3291659121480913408,6248,3,40050,12,2020,-11981.0
3292391390291119616,2920,3,44458,1,2020,-556.21
3292391390291119616,2920,3,44458,2,2020,-8165.46
3292391390291119616,2920,3,44458,3,2020,-9129.5
3292391390291119616,2920,3,44458,4,2020,-10253.78
3292391390291119616,2920,3,44458,5,2020,-10521.2
3292391390291119616,2920,3,44458,6,2020,-5407.78
3292391390291119616,2920,3,44458,7,2020,-6340.91
3292391390291119616,2920,3,44458,8,2020,-7636.09
3292391390291119616,2920,3,44458,9,2020,-7084.64
3292391390291119616,2920,3,44458,10,2020,-10863.42
3292391390291119616,2920,3,44458,11,2020,-10427.32
3292391390291119616,2920,3,44458,12,2020,-7680.71
3292606133626449920,1008,1,98063,1,2020,118.48
3292606133626449920,1008,1,98063,2,2020,-7129.58
3292606133626449920,1008,1,98063,3,2020,-8056.79
3292606133626449920,1008,1,98063,4,2020,-9027.69
3292606133626449920,1008,1,98063,5,2020,-7621.57
3292606133626449920,1008,1,98063,6,2020,-6750.1
3292606133626449920,1008,1,98063,7,2020,-7239.04
3292606133626449920,1008,1,98063,8,2020,-4986.86
3292606133626449920,1008,1,98063,9,2020,619.87
3292606133626449920,1008,1,98063,10,2020,3464.05
3292606133626449920,1008,1,98063,11,2020,1335.13
3292606133626449920,1008,1,98063,12,2020,1657.24
3293023819533272064,3523,0,1448,1,2020,917.77
3293023819533272064,3523,0,1448,2,2020,-1424.87
3293023819533272064,3523,0,1448,3,2020,-6692.49
3293023819533272064,3523,0,1448,4,2020,-7293.94
3293023819533272064,3523,0,1448,5,2020,-4863.79
3293023819533272064,3523,0,1448,6,2020,-8220.98
3293023819533272064,3523,0,1448,7,2020,-6335.49
3293023819533272064,3523,0,1448,8,2020,-13781.26
3293023819533272064,3523,0,1448,9,2020,-8196.55
3293023819533272064,3523,0,1448,10,2020,-14038.07
3293023819533272064,3523,0,1448,11,2020,-8412.49
3293023819533272064,3523,0,1448,12,2020,-370.59
3293600785620191232,3235,0,53953,1,2020,-4070.27
3293600785620191232,3235,0,53953,2,2020,-1119.96
3293600785620191232,3235,0,53953,3,2020,1031.77
3293600785620191232,3235,0,53953,4,2020,6625.38
3293600785620191232,3235,0,53953,5,2020,8102.08
3293600785620191232,3235,0,53953,6,2020,7528.08
3293600785620191232,3235,0,53953,7,2020,5686.3
3293600785620191232,3235,0,53953,8,2020,10710.62
3293600785620191232,3235,0,53953,9,2020,9808.27
3293600785620191232,3235,0,53953,10,2020,12526.11
3293600785620191232,3235,0,53953,11,2020,5589.49
3293600785620191232,3235,0,53953,12,2020,-1117.78
3295563812046364672,5528,4,30473,1,2020,-539.75
3295563812046364672,5528,4,30473,2,2020,3583.46
3295563812046364672,5528,4,30473,3,2020,289.24
3295563812046364672,5528,4,30473,4,2020,4949.55
3295563812046364672,5528,4,30473,5,2020,10156.25
3295563812046364672,5528,4,30473,6,2020,3610.84
3295563812046364672,5528,4,30473,7,2020,-104.61
3295563812046364672,5528,4,30473,8,2020,-11932.78
3295563812046364672,5528,4,30473,9,2020,-7506.94
3295563812046364672,5528,4,30473,10,2020,-4450.47
3295563812046364672,5528,4,30473,11,2020,1422.84
3295563812046364672,5528,4,30473,12,2020,2135.67
3296133002390909440,7658,2,5977,1,2020,654.13
3296133002390909440,7658,2,5977,2,2020,-689.4
3296133002390909440,7658,2,5977,3,2020,4424.87
3296133002390909440,7658,2,5977,4,2020,-1086.83
3296133002390909440,7658,2,5977,5,2020,1351.17
3296133002390909440,7658,2,5977,6,2020,6247.41
3296133002390909440,7658,2,5977,7,2020,6151.09
3296133002390909440,7658,2,5977,8,2020,8639.76
3296133002390909440,7658,2,5977,9,2020,11476.01
3296133002390909440,7658,2,5977,10,2020,12451.86
3296133002390909440,7658,2,5977,11,2020,10027.51
3296133002390909440,7658,2,5977,12,2020,3089.34
3297136392135741952,4344,8,51312,1,2020,-6509.19
3297136392135741952,4344,8,51312,2,2020,-4579.18
3297136392135741952,4344,8,51312,3,2020,-13057.47
3297136392135741952,4344,8,51312,4,2020,-20408.55
3297136392135741952,4344,8,51312,5,2020,-21562.45
3297136392135741952,4344,8,51312,6,2020,-17118.79
3297136392135741952,4344,8,51312,7,2020,-17890.07
3297136392135741952,4344,8,51312,8,2020,-24704.1
3297136392135741952,4344,8,51312,9,2020,-29334.59
3297136392135741952,4344,8,51312,10,2020,-25222.37
3297136392135741952,4344,8,51312,11,2020,-22699.66
3297136392135741952,4344,8,51312,12,2020,-30709.15
3297939544648407552,4257,0,88176,1,2020,2603.22
3297939544648407552,4257,0,88176,2,2020,3315.53
3297939544648407552,4257,0,88176,3,2020,2437.13
3297939544648407552,4257,0,88176,4,2020,5019.67
3297939544648407552,4257,0,88176,5,2020,-350.13
3297939544648407552,4257,0,88176,6,2020,-472.54
3297939544648407552,4257,0,88176,7,2020,-1689.71
3297939544648407552,4257,0,88176,8,2020,-1698.8
3297939544648407552,4257,0,88176,9,2020,892.38
3297939544648407552,4257,0,88176,10,2020,-700.9
3297939544648407552,4257,0,88176,11,2020,-3322.25
3297939544648407552,4257,0,88176,12,2020,-3722.75
3298364747192051200,5473,0,38003,1,2020,7579.0
3298364747192051200,5473,0,38003,2,2020,6996.78
3298364747192051200,5473,0,38003,3,2020,2520.25
3298364747192051200,5473,0,38003,4,2020,-424.84
3298364747192051200,5473,0,38003,5,2020,757.63
3298364747192051200,5473,0,38003,6,2020,4444.73
3298364747192051200,5473,0,38003,7,2020,-1780.49
3298364747192051200,5473,0,38003,8,2020,-896.41
3298364747192051200,5473,0,38003,9,2020,187.16
3298364747192051200,5473,0,38003,10,2020,2943.37
3298364747192051200,5473,0,38003,11,2020,8724.9
3298364747192051200,5473,0,38003,12,2020,5544.67
3298861134205913088,1814,1,40703,1,2020,2478.35
3298861134205913088,1814,1,40703,2,2020,924.64
3298861134205913088,1814,1,40703,3,2020,692.26
3298861134205913088,1814,1,40703,4,2020,456.58
3298861134205913088,1814,1,40703,5,2020,2891.22
3298861134205913088,1814,1,40703,6,2020,4328.47
3298861134205913088,1814,1,40703,7,2020,3967.82
3298861134205913088,1814,1,40703,8,2020,3967.82
3298861134205913088,1814,1,40703,9,2020,3967.82
3298861134205913088,1814,1,40703,10,2020,3257.51
3298861134205913088,1814,1,40703,11,2020,3689.68
3298861134205913088,1814,1,40703,12,2020,3628.95
3300208504358714368,96,9,8041,1,2020,4809.99
3300208504358714368,96,9,8041,2,2020,4534.46
3300208504358714368,96,9,8041,3,2020,4539.63
3300208504358714368,96,9,8041,4,2020,7466.66
3300208504358714368,96,9,8041,5,2020,4046.29
3300208504358714368,96,9,8041,6,2020,2889.71
3300208504358714368,96,9,8041,7,2020,3817.9
3300208504358714368,96,9,8041,8,2020,3508.57
3300208504358714368,96,9,8041,9,2020,3579.71
3300208504358714368,96,9,8041,10,2020,6120.88
3300208504358714368,96,9,8041,11,2020,6869.32
3300208504358714368,96,9,8041,12,2020,6829.54
3300235125260505088,1990,3,94873,1,2020,-3106.97
3300235125260505088,1990,3,94873,2,2020,774.42
3300235125260505088,1990,3,94873,3,2020,-4158.78
3300235125260505088,1990,3,94873,4,2020,-6212.84
3300235125260505088,1990,3,94873,5,2020,-3050.52
3300235125260505088,1990,3,94873,6,2020,-4105.87
3300235125260505088,1990,3,94873,7,2020,-8270.56
3300235125260505088,1990,3,94873,8,2020,-18830.32
3300235125260505088,1990,3,94873,9,2020,-20279.43
3300235125260505088,1990,3,94873,10,2020,-23480.69
3300235125260505088,1990,3,94873,11,2020,-12755.8
3300235125260505088,1990,3,94873,12,2020,-14422.82
330039793142276800,633,5,56451,1,2020,-2537.83
330039793142276800,633,5,56451,2,2020,-9025.49
330039793142276800,633,5,56451,3,2020,-13818.09
330039793142276800,633,5,56451,4,2020,-9631.51
330039793142276800,633,5,56451,5,2020,-7009.56
330039793142276800,633,5,56451,6,2020,-708.55
330039793142276800,633,5,56451,7,2020,5335.44
330039793142276800,633,5,56451,8,2020,6283.8
330039793142276800,633,5,56451,9,2020,11366.68
330039793142276800,633,5,56451,10,2020,15494.25
330039793142276800,633,5,56451,11,2020,17346.21
330039793142276800,633,5,56451,12,2020,13759.18
3301056053165480960,767,4,56942,1,2020,-6053.82
3301056053165480960,767,4,56942,2,2020,-2562.18
3301056053165480960,767,4,56942,3,2020,-7587.54
3301056053165480960,767,4,56942,4,2020,-6447.33
3301056053165480960,767,4,56942,5,2020,-7019.04
3301056053165480960,767,4,56942,6,2020,-9376.64
3301056053165480960,767,4,56942,7,2020,-11793.56
3301056053165480960,767,4,56942,8,2020,-16579.09
3301056053165480960,767,4,56942,9,2020,-10019.39
3301056053165480960,767,4,56942,10,2020,-10835.14
3301056053165480960,767,4,56942,11,2020,-6584.19
3301056053165480960,767,4,56942,12,2020,-2336.73
3301600711858870784,3344,2,89518,1,2020,-179.66
3301600711858870784,3344,2,89518,2,2020,-1800.41
3301600711858870784,3344,2,89518,3,2020,1482.11
3301600711858870784,3344,2,89518,4,2020,2092.59
3301600711858870784,3344,2,89518,5,2020,1697.22
3301600711858870784,3344,2,89518,6,2020,1324.71
3301600711858870784,3344,2,89518,7,2020,1746.34
3301600711858870784,3344,2,89518,8,2020,4349.74
3301600711858870784,3344,2,89518,9,2020,3873.37
3301600711858870784,3344,2,89518,10,2020,4588.95
3301600711858870784,3344,2,89518,11,2020,4670.06
3301600711858870784,3344,2,89518,12,2020,6097.05
3302036926289291264,5943,4,13334,1,2020,3305.85
3302036926289291264,5943,4,13334,2,2020,-2350.04
3302036926289291264,5943,4,13334,3,2020,3119.4
3302036926289291264,5943,4,13334,4,2020,-501.57
3302036926289291264,5943,4,13334,5,2020,-10923.73
3302036926289291264,5943,4,13334,6,2020,-16517.01
3302036926289291264,5943,4,13334,7,2020,-15622.54
3302036926289291264,5943,4,13334,8,2020,-22291.45
3302036926289291264,5943,4,13334,9,2020,-20756.14
3302036926289291264,5943,4,13334,10,2020,-26580.22
3302036926289291264,5943,4,13334,11,2020,-26386.95
3302036926289291264,5943,4,13334,12,2020,-33306.48
3302594525968176640,5648,7,62253,1,2020,-987.91
3302594525968176640,5648,7,62253,2,2020,1368.84
3302594525968176640,5648,7,62253,3,2020,-1495.34
3302594525968176640,5648,7,62253,4,2020,-6800.96
3302594525968176640,5648,7,62253,5,2020,-243.56
3302594525968176640,5648,7,62253,6,2020,-843.95
3302594525968176640,5648,7,62253,7,2020,-13153.69
3302594525968176640,5648,7,62253,8,2020,-16302.94
3302594525968176640,5648,7,62253,9,2020,-21861.87
3302594525968176640,5648,7,62253,10,2020,-23929.27
3302594525968176640,5648,7,62253,11,2020,-25691.52
3302594525968176640,5648,7,62253,12,2020,-32522.5
330376069172600320,4138,5,89397,1,2020,3107.85
330376069172600320,4138,5,89397,2,2020,10513.08
330376069172600320,4138,5,89397,3,2020,13739.15
330376069172600320,4138,5,89397,4,2020,12894.08
330376069172600320,4138,5,89397,5,2020,11022.34
330376069172600320,4138,5,89397,6,2020,9345.0
330376069172600320,4138,5,89397,7,2020,4441.55
330376069172600320,4138,5,89397,8,2020,5089.85
330376069172600320,4138,5,89397,9,2020,14341.57
330376069172600320,4138,5,89397,10,2020,11848.1
330376069172600320,4138,5,89397,11,2020,3282.94
