2603997955443121152,3570,8,82390,9,2020,-7739.8
2603997955443121152,3570,8,82390,10,2020,-10768.14
2603997955443121152,3570,8,82390,11,2020,-16697.46
2603997955443121152,3570,8,82390,12,2020,-23310.51
2604277422079043072,2762,7,20822,1,2020,-2550.4
2604277422079043072,2762,7,20822,2,2020,-2550.4
2604277422079043072,2762,7,20822,3,2020,-6661.82
2604277422079043072,2762,7,20822,4,2020,-7026.06
2604277422079043072,2762,7,20822,5,2020,-5210.07
2604277422079043072,2762,7,20822,6,2020,-5796.97
2604277422079043072,2762,7,20822,7,2020,-721.32
2604277422079043072,2762,7,20822,8,2020,-1186.82
2604277422079043072,2762,7,20822,9,2020,519.5
2604277422079043072,2762,7,20822,10,2020,-4638.52
2604277422079043072,2762,7,20822,11,2020,-4436.36
2604277422079043072,2762,7,20822,12,2020,-4773.34
2607567766191219200,9175,8,15237,1,2020,-7119.21
2607567766191219200,9175,8,15237,2,2020,-6178.7
2607567766191219200,9175,8,15237,3,2020,-7521.91
2607567766191219200,9175,8,15237,4,2020,-3694.23
2607567766191219200,9175,8,15237,5,2020,-1586.22
2607567766191219200,9175,8,15237,6,2020,-3009.35
2607567766191219200,9175,8,15237,7,2020,1517.27
2607567766191219200,9175,8,15237,8,2020,-42.4
2607567766191219200,9175,8,15237,9,2020,2048.78
2607567766191219200,9175,8,15237,10,2020,-397.12
2607567766191219200,9175,8,15237,11,2020,-2493.35
2607567766191219200,9175,8,15237,12,2020,-9051.95
2607829308351379968,4330,5,98681,1,2020,750.48
2607829308351379968,4330,5,98681,2,2020,2951.97
2607829308351379968,4330,5,98681,3,2020,-5969.6
2607829308351379968,4330,5,98681,4,2020,-3505.64
2607829308351379968,4330,5,98681,5,2020,-4256.55
2607829308351379968,4330,5,98681,6,2020,688.35
2607829308351379968,4330,5,98681,7,2020,-968.95
2607829308351379968,4330,5,98681,8,2020,-2740.55
2607829308351379968,4330,5,98681,9,2020,-1990.15
2607829308351379968,4330,5,98681,10,2020,1382.28
2607829308351379968,4330,5,98681,11,2020,3528.24
2607829308351379968,4330,5,98681,12,2020,3420.41
260877016253556064,6881,6,74907,1,2020,5884.89
260877016253556064,6881,6,74907,2,2020,8764.71
260877016253556064,6881,6,74907,3,2020,7723.93
260877016253556064,6881,6,74907,4,2020,11089.55
260877016253556064,6881,6,74907,5,2020,9695.79
260877016253556064,6881,6,74907,6,2020,11204.34
260877016253556064,6881,6,74907,7,2020,11577.34
260877016253556064,6881,6,74907,8,2020,13424.21
260877016253556064,6881,6,74907,9,2020,12524.14
260877016253556064,6881,6,74907,10,2020,11312.06
260877016253556064,6881,6,74907,11,2020,11011.55
260877016253556064,6881,6,74907,12,2020,9720.74
2609167186961946624,4785,6,34201,1,2020,-2051.9
2609167186961946624,4785,6,34201,2,2020,2438.82
2609167186961946624,4785,6,34201,3,2020,2303.33
2609167186961946624,4785,6,34201,4,2020,-4999.01
2609167186961946624,4785,6,34201,5,2020,-259.63
2609167186961946624,4785,6,34201,6,2020,-2378.39
2609167186961946624,4785,6,34201,7,2020,-210.51
2609167186961946624,4785,6,34201,8,2020,209.82
2609167186961946624,4785,6,34201,9,2020,3025.25
2609167186961946624,4785,6,34201,10,2020,536.15
2609167186961946624,4785,6,34201,11,2020,-5371.56
2609167186961946624,4785,6,34201,12,2020,-6154.98
2609651783432978944,6472,9,50672,1,2020,3402.37
2609651783432978944,6472,9,50672,2,2020,3963.16
2609651783432978944,6472,9,50672,3,2020,7589.91
2609651783432978944,6472,9,50672,4,2020,5370.88
2609651783432978944,6472,9,50672,5,2020,4134.73
2609651783432978944,6472,9,50672,6,2020,-1877.5
2609651783432978944,6472,9,50672,7,2020,-1458.61
2609651783432978944,6472,9,50672,8,2020,-794.16
2609651783432978944,6472,9,50672,9,2020,-1278.65
2609651783432978944,6472,9,50672,10,2020,-466.16
2609651783432978944,6472,9,50672,11,2020,2916.61
2609651783432978944,6472,9,50672,12,2020,4369.73
260997781830618784,6750,2,95090,1,2020,2180.87
260997781830618784,6750,2,95090,2,2020,2850.9
260997781830618784,6750,2,95090,3,2020,1392.9
260997781830618784,6750,2,95090,4,2020,4233.23
260997781830618784,6750,2,95090,5,2020,4615.58
260997781830618784,6750,2,95090,6,2020,-209.8
260997781830618784,6750,2,95090,7,2020,-448.1
260997781830618784,6750,2,95090,8,2020,697.58
260997781830618784,6750,2,95090,9,2020,-2595.81
260997781830618784,6750,2,95090,10,2020,-2206.73
260997781830618784,6750,2,95090,11,2020,-6419.9
260997781830618784,6750,2,95090,12,2020,-6264.29
2610169757516870656,1915,7,23643,1,2020,5138.82
2610169757516870656,1915,7,23643,2,2020,4941.27
2610169757516870656,1915,7,23643,3,2020,5373.25
2610169757516870656,1915,7,23643,4,2020,16577.94
2610169757516870656,1915,7,23643,5,2020,13072.26
2610169757516870656,1915,7,23643,6,2020,11321.99
2610169757516870656,1915,7,23643,7,2020,16168.31
2610169757516870656,1915,7,23643,8,2020,11917.38
2610169757516870656,1915,7,23643,9,2020,15623.68
2610169757516870656,1915,7,23643,10,2020,15804.99
2610169757516870656,1915,7,23643,11,2020,14600.47
2610169757516870656,1915,7,23643,12,2020,21246.79
2610264128850235392,4823,4,1350,1,2020,-1144.55
2610264128850235392,4823,4,1350,2,2020,-6229.43
2610264128850235392,4823,4,1350,3,2020,-6574.03
2610264128850235392,4823,4,1350,4,2020,-6062.12
2610264128850235392,4823,4,1350,5,2020,-8359.42
2610264128850235392,4823,4,1350,6,2020,-10634.14
2610264128850235392,4823,4,1350,7,2020,-11063.14
2610264128850235392,4823,4,1350,8,2020,-15942.11
2610264128850235392,4823,4,1350,9,2020,-12484.71
2610264128850235392,4823,4,1350,10,2020,-15224.36
2610264128850235392,4823,4,1350,11,2020,-12522.28
2610264128850235392,4823,4,1350,12,2020,-18259.39
2612505419006441984,4241,2,93401,1,2020,1531.35
2612505419006441984,4241,2,93401,2,2020,1054.39
2612505419006441984,4241,2,93401,3,2020,3406.21
2612505419006441984,4241,2,93401,4,2020,4499.96
2612505419006441984,4241,2,93401,5,2020,2099.12
2612505419006441984,4241,2,93401,6,2020,1883.02
2612505419006441984,4241,2,93401,7,2020,3673.19
2612505419006441984,4241,2,93401,8,2020,2278.87
2612505419006441984,4241,2,93401,9,2020,996.43
2612505419006441984,4241,2,93401,10,2020,1028.87
2612505419006441984,4241,2,93401,11,2020,1028.87
2612505419006441984,4241,2,93401,12,2020,1028.87
2613299489752445952,7787,3,25914,1,2020,1855.26
2613299489752445952,7787,3,25914,2,2020,-1096.77
2613299489752445952,7787,3,25914,3,2020,-1086.66
2613299489752445952,7787,3,25914,4,2020,-865.04
2613299489752445952,7787,3,25914,5,2020,-5095.14
2613299489752445952,7787,3,25914,6,2020,-5018.85
2613299489752445952,7787,3,25914,7,2020,-3650.14
2613299489752445952,7787,3,25914,8,2020,-181.07
2613299489752445952,7787,3,25914,9,2020,-2932.38
2613299489752445952,7787,3,25914,10,2020,-9168.84
2613299489752445952,7787,3,25914,11,2020,-11535.12
2613299489752445952,7787,3,25914,12,2020,-9576.26
2613546309764546560,2873,8,93405,1,2020,-7276.99
2613546309764546560,2873,8,93405,2,2020,-4722.78
2613546309764546560,2873,8,93405,3,2020,-2236.61
2613546309764546560,2873,8,93405,4,2020,-3170.79
2613546309764546560,2873,8,93405,5,2020,3290.03
2613546309764546560,2873,8,93405,6,2020,3441.29
2613546309764546560,2873,8,93405,7,2020,3800.77
2613546309764546560,2873,8,93405,8,2020,2739.57
2613546309764546560,2873,8,93405,9,2020,5946.81
2613546309764546560,2873,8,93405,10,2020,9199.85
2613546309764546560,2873,8,93405,11,2020,6233.46
2613546309764546560,2873,8,93405,12,2020,8767.3
2614161516695870976,9366,1,50485,1,2020,-7028.44
2614161516695870976,9366,1,50485,2,2020,-6156.11
2614161516695870976,9366,1,50485,3,2020,-3374.9
2614161516695870976,9366,1,50485,4,2020,-3117.63
2614161516695870976,9366,1,50485,5,2020,-3145.73
2614161516695870976,9366,1,50485,6,2020,149.59
2614161516695870976,9366,1,50485,7,2020,2088.48
2614161516695870976,9366,1,50485,8,2020,-2574.06
2614161516695870976,9366,1,50485,9,2020,-1478.44
2614161516695870976,9366,1,50485,10,2020,-1033.39
2614161516695870976,9366,1,50485,11,2020,-529.89
2614161516695870976,9366,1,50485,12,2020,237.17
2614286504441269760,6280,7,75833,1,2020,-5361.32
2614286504441269760,6280,7,75833,2,2020,-8405.31
2614286504441269760,6280,7,75833,3,2020,-5822.16
2614286504441269760,6280,7,75833,4,2020,-6183.53
2614286504441269760,6280,7,75833,5,2020,-10146.48
2614286504441269760,6280,7,75833,6,2020,-9918.26
2614286504441269760,6280,7,75833,7,2020,-5743.44
2614286504441269760,6280,7,75833,8,2020,-4657.06
2614286504441269760,6280,7,75833,9,2020,-7766.02
2614286504441269760,6280,7,75833,10,2020,-9239.84
2614286504441269760,6280,7,75833,11,2020,-13364.5
2614286504441269760,6280,7,75833,12,2020,-17815.49
2615426726566059008,8649,6,70363,1,2020,5939.62
2615426726566059008,8649,6,70363,2,2020,6528.78
2615426726566059008,8649,6,70363,3,2020,6962.33
2615426726566059008,8649,6,70363,4,2020,7649.34
2615426726566059008,8649,6,70363,5,2020,8815.46
2615426726566059008,8649,6,70363,6,2020,7730.88
2615426726566059008,8649,6,70363,7,2020,10192.88
2615426726566059008,8649,6,70363,8,2020,11686.17
2615426726566059008,8649,6,70363,9,2020,12401.11
2615426726566059008,8649,6,70363,10,2020,12725.24
2615426726566059008,8649,6,70363,11,2020,7957.18
2615426726566059008,8649,6,70363,12,2020,6230.58
2615490999058176512,8301,1,63881,1,2020,4943.21
2615490999058176512,8301,1,63881,2,2020,6186.4
2615490999058176512,8301,1,63881,3,2020,4337.26
2615490999058176512,8301,1,63881,4,2020,9688.94
2615490999058176512,8301,1,63881,5,2020,11618.74
2615490999058176512,8301,1,63881,6,2020,9000.98
2615490999058176512,8301,1,63881,7,2020,8119.28
2615490999058176512,8301,1,63881,8,2020,12079.18
2615490999058176512,8301,1,63881,9,2020,13307.47
2615490999058176512,8301,1,63881,10,2020,13028.07
2615490999058176512,8301,1,63881,11,2020,12789.65
2615490999058176512,8301,1,63881,12,2020,15347.98
2616955668354499584,5181,7,51735,1,2020,3739.02
2616955668354499584,5181,7,51735,2,2020,3131.93
2616955668354499584,5181,7,51735,3,2020,5127.66
2616955668354499584,5181,7,51735,4,2020,9443.43
2616955668354499584,5181,7,51735,5,2020,14886.63
2616955668354499584,5181,7,51735,6,2020,9478.63
2616955668354499584,5181,7,51735,7,2020,9642.87
2616955668354499584,5181,7,51735,8,2020,12579.21
2616955668354499584,5181,7,51735,9,2020,11842.68
2616955668354499584,5181,7,51735,10,2020,3649.42
2616955668354499584,5181,7,51735,11,2020,2027.3
2616955668354499584,5181,7,51735,12,2020,5459.75
261709767291100192,219,5,43737,1,2020,4529.37
261709767291100192,219,5,43737,2,2020,8373.74
261709767291100192,219,5,43737,3,2020,4671.05
261709767291100192,219,5,43737,4,2020,2078.21
261709767291100192,219,5,43737,5,2020,879.67
261709767291100192,219,5,43737,6,2020,2546.91
261709767291100192,219,5,43737,7,2020,4370.66
261709767291100192,219,5,43737,8,2020,2652.0
261709767291100192,219,5,43737,9,2020,7894.34
261709767291100192,219,5,43737,10,2020,13209.46
261709767291100192,219,5,43737,11,2020,20021.88
261709767291100192,219,5,43737,12,2020,26824.64
261728610212602112,8019,3,99333,1,2020,-1494.24
261728610212602112,8019,3,99333,2,2020,515.66
261728610212602112,8019,3,99333,3,2020,879.9
261728610212602112,8019,3,99333,4,2020,-1038.01
261728610212602112,8019,3,99333,5,2020,-564.39
261728610212602112,8019,3,99333,6,2020,1423.36
261728610212602112,8019,3,99333,7,2020,202.18
261728610212602112,8019,3,99333,8,2020,-2140.87
261728610212602112,8019,3,99333,9,2020,984.48
261728610212602112,8019,3,99333,10,2020,1595.92
261728610212602112,8019,3,99333,11,2020,2943.56
261728610212602112,8019,3,99333,12,2020,230.99
2618244491524084736,3068,2,79877,1,2020,148.48
2618244491524084736,3068,2,79877,2,2020,-293.35
2618244491524084736,3068,2,79877,3,2020,-645.29
2618244491524084736,3068,2,79877,4,2020,2183.67
2618244491524084736,3068,2,79877,5,2020,4305.55
2618244491524084736,3068,2,79877,6,2020,-448.41
2618244491524084736,3068,2,79877,7,2020,-4405.72
2618244491524084736,3068,2,79877,8,2020,19.34
