583042521834511104,6538,4,82226,4,2020,19865.09
583042521834511104,6538,4,82226,5,2020,25579.81
583042521834511104,6538,4,82226,6,2020,31987.25
583042521834511104,6538,4,82226,7,2020,30096.51
583042521834511104,6538,4,82226,8,2020,32354.67
583042521834511104,6538,4,82226,9,2020,36912.03
583042521834511104,6538,4,82226,10,2020,38883.22
583042521834511104,6538,4,82226,11,2020,28034.94
583042521834511104,6538,4,82226,12,2020,31565.2
583247921304773504,915,5,17423,1,2020,1309.82
583247921304773504,915,5,17423,2,2020,93.07
583247921304773504,915,5,17423,3,2020,-4451.82
583247921304773504,915,5,17423,4,2020,-4650.06
583247921304773504,915,5,17423,5,2020,-5171.92
583247921304773504,915,5,17423,6,2020,-5308.86
583247921304773504,915,5,17423,7,2020,-11976.18
583247921304773504,915,5,17423,8,2020,-9243.14
583247921304773504,915,5,17423,9,2020,-10003.11
583247921304773504,915,5,17423,10,2020,-13962.84
583247921304773504,915,5,17423,11,2020,-9917.02
583247921304773504,915,5,17423,12,2020,-13276.59
583335318668436096,2411,9,30943,1,2020,-5689.29
583335318668436096,2411,9,30943,2,2020,-6592.87
583335318668436096,2411,9,30943,3,2020,-535.06
583335318668436096,2411,9,30943,4,2020,-1295.05
583335318668436096,2411,9,30943,5,2020,-1571.4
583335318668436096,2411,9,30943,6,2020,-3532.22
583335318668436096,2411,9,30943,7,2020,-792.76
583335318668436096,2411,9,30943,8,2020,2011.84
583335318668436096,2411,9,30943,9,2020,-1681.72
583335318668436096,2411,9,30943,10,2020,-79.4
583335318668436096,2411,9,30943,11,2020,-792.48
583335318668436096,2411,9,30943,12,2020,-818.45
583365271418457344,605,5,26295,1,2020,-2217.31
583365271418457344,605,5,26295,2,2020,-4120.47
583365271418457344,605,5,26295,3,2020,-3602.11
583365271418457344,605,5,26295,4,2020,-6264.99
583365271418457344,605,5,26295,5,2020,-6983.69
583365271418457344,605,5,26295,6,2020,-8250.56
583365271418457344,605,5,26295,7,2020,-3199.95
583365271418457344,605,5,26295,8,2020,-3820.57
583365271418457344,605,5,26295,9,2020,-4048.09
583365271418457344,605,5,26295,10,2020,-5885.88
583365271418457344,605,5,26295,11,2020,-7897.91
583365271418457344,605,5,26295,12,2020,-8281.16
583672074199625728,1655,1,277,1,2020,5433.88
583672074199625728,1655,1,277,2,2020,3817.9
583672074199625728,1655,1,277,3,2020,2584.92
583672074199625728,1655,1,277,4,2020,12520.02
583672074199625728,1655,1,277,5,2020,9732.93
583672074199625728,1655,1,277,6,2020,7169.55
583672074199625728,1655,1,277,7,2020,7938.14
583672074199625728,1655,1,277,8,2020,9449.02
583672074199625728,1655,1,277,9,2020,16478.91
583672074199625728,1655,1,277,10,2020,26120.19
583672074199625728,1655,1,277,11,2020,26605.61
583672074199625728,1655,1,277,12,2020,24977.51
583793297779589248,6264,9,60054,1,2020,2899.09
583793297779589248,6264,9,60054,2,2020,2643.65
583793297779589248,6264,9,60054,3,2020,5076.83
583793297779589248,6264,9,60054,4,2020,3200.42
583793297779589248,6264,9,60054,5,2020,6615.94
583793297779589248,6264,9,60054,6,2020,5675.76
583793297779589248,6264,9,60054,7,2020,7155.73
583793297779589248,6264,9,60054,8,2020,3942.96
583793297779589248,6264,9,60054,9,2020,-3514.21
583793297779589248,6264,9,60054,10,2020,-8640.98
583793297779589248,6264,9,60054,11,2020,-4880.6
583793297779589248,6264,9,60054,12,2020,-2557.89
584523009191425792,8973,7,97050,1,2020,-3822.39
584523009191425792,8973,7,97050,2,2020,-1426.99
584523009191425792,8973,7,97050,3,2020,-6398.67
584523009191425792,8973,7,97050,4,2020,-8830.81
584523009191425792,8973,7,97050,5,2020,-6289.04
584523009191425792,8973,7,97050,6,2020,-2223.84
584523009191425792,8973,7,97050,7,2020,6143.76
584523009191425792,8973,7,97050,8,2020,5778.85
584523009191425792,8973,7,97050,9,2020,2690.84
584523009191425792,8973,7,97050,10,2020,1076.17
584523009191425792,8973,7,97050,11,2020,10124.36
584523009191425792,8973,7,97050,12,2020,16700.39
584574290352137728,4492,4,38717,1,2020,-826.25
584574290352137728,4492,4,38717,2,2020,-6137.46
584574290352137728,4492,4,38717,3,2020,-4844.65
584574290352137728,4492,4,38717,4,2020,-6117.49
584574290352137728,4492,4,38717,5,2020,-4882.77
584574290352137728,4492,4,38717,6,2020,-5517.18
584574290352137728,4492,4,38717,7,2020,-8769.01
584574290352137728,4492,4,38717,8,2020,-6855.89
584574290352137728,4492,4,38717,9,2020,-10550.79
584574290352137728,4492,4,38717,10,2020,-7476.29
584574290352137728,4492,4,38717,11,2020,-9590.65
584574290352137728,4492,4,38717,12,2020,-11275.29
585508082821748864,3258,4,37149,1,2020,3217.3
585508082821748864,3258,4,37149,2,2020,5929.67
585508082821748864,3258,4,37149,3,2020,9407.63
585508082821748864,3258,4,37149,4,2020,6849.7
585508082821748864,3258,4,37149,5,2020,7965.45
585508082821748864,3258,4,37149,6,2020,2313.73
585508082821748864,3258,4,37149,7,2020,3583.25
585508082821748864,3258,4,37149,8,2020,10342.94
585508082821748864,3258,4,37149,9,2020,4967.22
585508082821748864,3258,4,37149,10,2020,5451.88
585508082821748864,3258,4,37149,11,2020,4895.02
585508082821748864,3258,4,37149,12,2020,9004.44
585868916463362304,7615,7,51674,1,2020,2625.77
585868916463362304,7615,7,51674,2,2020,2717.41
585868916463362304,7615,7,51674,3,2020,-67.17
585868916463362304,7615,7,51674,4,2020,-1469.45
585868916463362304,7615,7,51674,5,2020,-3596.42
585868916463362304,7615,7,51674,6,2020,-5384.38
585868916463362304,7615,7,51674,7,2020,-7432.7
585868916463362304,7615,7,51674,8,2020,-2584.18
585868916463362304,7615,7,51674,9,2020,-7467.05
585868916463362304,7615,7,51674,10,2020,-6410.84
585868916463362304,7615,7,51674,11,2020,-7978.12
585868916463362304,7615,7,51674,12,2020,-5612.4
586379725854718720,2551,9,69639,1,2020,287.61
586379725854718720,2551,9,69639,2,2020,-2606.64
586379725854718720,2551,9,69639,3,2020,-6186.98
586379725854718720,2551,9,69639,4,2020,-4285.25
586379725854718720,2551,9,69639,5,2020,-4607.44
586379725854718720,2551,9,69639,6,2020,-3959.42
586379725854718720,2551,9,69639,7,2020,-3541.72
586379725854718720,2551,9,69639,8,2020,-3155.18
586379725854718720,2551,9,69639,9,2020,-6580.51
586379725854718720,2551,9,69639,10,2020,-8636.29
586379725854718720,2551,9,69639,11,2020,-8636.29
586379725854718720,2551,9,69639,12,2020,-5076.78
587694725720035968,5672,3,76038,1,2020,-1875.1
587694725720035968,5672,3,76038,2,2020,-4454.97
587694725720035968,5672,3,76038,3,2020,-14063.45
587694725720035968,5672,3,76038,4,2020,-9058.57
587694725720035968,5672,3,76038,5,2020,-15682.01
587694725720035968,5672,3,76038,6,2020,-17005.87
587694725720035968,5672,3,76038,7,2020,-8914.06
587694725720035968,5672,3,76038,8,2020,-4473.41
587694725720035968,5672,3,76038,9,2020,-1623.23
587694725720035968,5672,3,76038,10,2020,2518.07
587694725720035968,5672,3,76038,11,2020,7615.08
587694725720035968,5672,3,76038,12,2020,8452.13
587704064879274496,7904,7,9182,1,2020,-513.38
587704064879274496,7904,7,9182,2,2020,3117.04
587704064879274496,7904,7,9182,3,2020,-3650.91
587704064879274496,7904,7,9182,4,2020,-6724.09
587704064879274496,7904,7,9182,5,2020,-3784.88
587704064879274496,7904,7,9182,6,2020,1824.03
587704064879274496,7904,7,9182,7,2020,5660.26
587704064879274496,7904,7,9182,8,2020,-1823.21
587704064879274496,7904,7,9182,9,2020,3965.75
587704064879274496,7904,7,9182,10,2020,-1713.0
587704064879274496,7904,7,9182,11,2020,1673.09
587704064879274496,7904,7,9182,12,2020,8624.72
588035887038201600,1184,2,36008,1,2020,-3334.36
588035887038201600,1184,2,36008,2,2020,-4918.07
588035887038201600,1184,2,36008,3,2020,-2947.51
588035887038201600,1184,2,36008,4,2020,-829.59
588035887038201600,1184,2,36008,5,2020,-2176.7
588035887038201600,1184,2,36008,6,2020,259.64
588035887038201600,1184,2,36008,7,2020,5330.32
588035887038201600,1184,2,36008,8,2020,7518.47
588035887038201600,1184,2,36008,9,2020,7558.0
588035887038201600,1184,2,36008,10,2020,-1964.75
588035887038201600,1184,2,36008,11,2020,-7455.13
588035887038201600,1184,2,36008,12,2020,-9075.01
588783712488378880,90,6,38294,1,2020,-3069.85
588783712488378880,90,6,38294,2,2020,5403.28
588783712488378880,90,6,38294,3,2020,6121.49
588783712488378880,90,6,38294,4,2020,3628.49
588783712488378880,90,6,38294,5,2020,220.09
588783712488378880,90,6,38294,6,2020,7584.95
588783712488378880,90,6,38294,7,2020,4241.11
588783712488378880,90,6,38294,8,2020,5117.89
588783712488378880,90,6,38294,9,2020,10825.43
588783712488378880,90,6,38294,10,2020,10130.68
588783712488378880,90,6,38294,11,2020,11984.1
588783712488378880,90,6,38294,12,2020,5587.01
589612079302060928,5616,0,58498,1,2020,-1156.64
589612079302060928,5616,0,58498,2,2020,-1538.88
589612079302060928,5616,0,58498,3,2020,-2406.76
589612079302060928,5616,0,58498,4,2020,2469.23
589612079302060928,5616,0,58498,5,2020,1902.38
589612079302060928,5616,0,58498,6,2020,1330.89
589612079302060928,5616,0,58498,7,2020,-2047.99
589612079302060928,5616,0,58498,8,2020,179.55
589612079302060928,5616,0,58498,9,2020,-285.05
589612079302060928,5616,0,58498,10,2020,-2463.14
589612079302060928,5616,0,58498,11,2020,-3373.13
589612079302060928,5616,0,58498,12,2020,-5406.6
590813079537007744,8170,5,47261,1,2020,-585.39
590813079537007744,8170,5,47261,2,2020,-1458.98
590813079537007744,8170,5,47261,3,2020,1529.58
590813079537007744,8170,5,47261,4,2020,-6022.86
590813079537007744,8170,5,47261,5,2020,-7931.35
590813079537007744,8170,5,47261,6,2020,-10424.37
590813079537007744,8170,5,47261,7,2020,-7287.81
590813079537007744,8170,5,47261,8,2020,-8917.48
590813079537007744,8170,5,47261,9,2020,-4057.19
590813079537007744,8170,5,47261,10,2020,-3889.06
590813079537007744,8170,5,47261,11,2020,-1636.42
590813079537007744,8170,5,47261,12,2020,3792.39
590944644407458688,7884,1,95649,1,2020,-1412.14
590944644407458688,7884,1,95649,2,2020,71.16
590944644407458688,7884,1,95649,3,2020,5718.2
590944644407458688,7884,1,95649,4,2020,11169.0
590944644407458688,7884,1,95649,5,2020,7844.39
590944644407458688,7884,1,95649,6,2020,11086.97
590944644407458688,7884,1,95649,7,2020,12964.64
590944644407458688,7884,1,95649,8,2020,10499.85
590944644407458688,7884,1,95649,9,2020,21921.37
590944644407458688,7884,1,95649,10,2020,22298.42
590944644407458688,7884,1,95649,11,2020,17618.69
590944644407458688,7884,1,95649,12,2020,12172.47
591376583396523520,4729,3,80367,1,2020,-3664.38
591376583396523520,4729,3,80367,2,2020,-2479.08
591376583396523520,4729,3,80367,3,2020,-6743.72
591376583396523520,4729,3,80367,4,2020,-13065.11
591376583396523520,4729,3,80367,5,2020,-17152.62
591376583396523520,4729,3,80367,6,2020,-11345.9
591376583396523520,4729,3,80367,7,2020,-6042.98
591376583396523520,4729,3,80367,8,2020,-3231.74
591376583396523520,4729,3,80367,9,2020,1575.14
591376583396523520,4729,3,80367,10,2020,4081.55
591376583396523520,4729,3,80367,11,2020,2113.73
591376583396523520,4729,3,80367,12,2020,-2364.85
591589154709053952,6704,1,93425,1,2020,6607.38
591589154709053952,6704,1,93425,2,2020,8833.03
591589154709053952,6704,1,93425,3,2020,8449.12
591589154709053952,6704,1,93425,4,2020,6620.22
591589154709053952,6704,1,93425,5,2020,7030.05
591589154709053952,6704,1,93425,6,2020,3332.75
591589154709053952,6704,1,93425,7,2020,4300.38
591589154709053952,6704,1,93425,8,2020,8752.54
591589154709053952,6704,1,93425,9,2020,4730.59
591589154709053952,6704,1,93425,10,2020,5705.01
591589154709053952,6704,1,93425,11,2020,10264.36
591589154709053952,6704,1,93425,12,2020,14958.02
593779334199381248,3123,3,90753,1,2020,-2114.08
593779334199381248,3123,3,90753,2,2020,-4830.87
593779334199381248,3123,3,90753,3,2020,-20.2
593779334199381248,3123,3,90753,4,2020,489.99
