2545044381531892736,2704,0,70359,5,2020,0.0
2545044381531892736,2704,0,70359,6,2020,0.0
2545044381531892736,2704,0,70359,7,2020,0.0
2545044381531892736,2704,0,70359,8,2020,0.0
2545044381531892736,2704,0,70359,9,2020,0.0
2545044381531892736,2704,0,70359,10,2020,0.0
2545044381531892736,2704,0,70359,11,2020,1222.15
2545044381531892736,2704,0,70359,12,2020,1222.15
2546899552964107776,2183,1,79319,1,2020,-4092.48
2546899552964107776,2183,1,79319,2,2020,-3833.9
2546899552964107776,2183,1,79319,3,2020,-7468.22
2546899552964107776,2183,1,79319,4,2020,-9013.89
2546899552964107776,2183,1,79319,5,2020,-4581.72
2546899552964107776,2183,1,79319,6,2020,-6317.71
2546899552964107776,2183,1,79319,7,2020,-7032.38
2546899552964107776,2183,1,79319,8,2020,-5987.73
2546899552964107776,2183,1,79319,9,2020,-6091.28
2546899552964107776,2183,1,79319,10,2020,-6280.81
2546899552964107776,2183,1,79319,11,2020,-11474.85
2546899552964107776,2183,1,79319,12,2020,-9021.53
2547370175620444672,9830,2,52875,1,2020,0.0
2547370175620444672,9830,2,52875,2,2020,-800.8
2547370175620444672,9830,2,52875,3,2020,-800.8
2547370175620444672,9830,2,52875,4,2020,-800.8
2547370175620444672,9830,2,52875,5,2020,-800.8
2547370175620444672,9830,2,52875,6,2020,-800.8
2547370175620444672,9830,2,52875,7,2020,-800.8
2547370175620444672,9830,2,52875,8,2020,-800.8
2547370175620444672,9830,2,52875,9,2020,-2362.78
2547370175620444672,9830,2,52875,10,2020,-2362.78
2547370175620444672,9830,2,52875,11,2020,-2362.78
2547370175620444672,9830,2,52875,12,2020,-2362.78
2548578637980212224,3096,0,55462,1,2020,1157.23
2548578637980212224,3096,0,55462,2,2020,1263.58
2548578637980212224,3096,0,55462,3,2020,-877.9
2548578637980212224,3096,0,55462,4,2020,-1769.02
2548578637980212224,3096,0,55462,5,2020,-541.23
2548578637980212224,3096,0,55462,6,2020,144.07
2548578637980212224,3096,0,55462,7,2020,1064.87
2548578637980212224,3096,0,55462,8,2020,489.55
2548578637980212224,3096,0,55462,9,2020,-158.36
2548578637980212224,3096,0,55462,10,2020,290.78
2548578637980212224,3096,0,55462,11,2020,1112.18
2548578637980212224,3096,0,55462,12,2020,1544.6
2549535531111093248,79,9,82611,1,2020,4856.17
2549535531111093248,79,9,82611,2,2020,-587.56
2549535531111093248,79,9,82611,3,2020,-1268.77
2549535531111093248,79,9,82611,4,2020,-3272.19
2549535531111093248,79,9,82611,5,2020,-1663.98
2549535531111093248,79,9,82611,6,2020,-5277.29
2549535531111093248,79,9,82611,7,2020,-3010.64
2549535531111093248,79,9,82611,8,2020,-7074.84
2549535531111093248,79,9,82611,9,2020,-16607.01
2549535531111093248,79,9,82611,10,2020,-21427.83
2549535531111093248,79,9,82611,11,2020,-22956.29
2549535531111093248,79,9,82611,12,2020,-22664.17
2549823375783220224,8015,8,65034,1,2020,1708.88
2549823375783220224,8015,8,65034,2,2020,3335.4
2549823375783220224,8015,8,65034,3,2020,3377.04
2549823375783220224,8015,8,65034,4,2020,8250.87
2549823375783220224,8015,8,65034,5,2020,1828.52
2549823375783220224,8015,8,65034,6,2020,526.05
2549823375783220224,8015,8,65034,7,2020,1866.15
2549823375783220224,8015,8,65034,8,2020,-525.95
2549823375783220224,8015,8,65034,9,2020,2323.56
2549823375783220224,8015,8,65034,10,2020,5119.4
2549823375783220224,8015,8,65034,11,2020,-31.79
2549823375783220224,8015,8,65034,12,2020,2329.26
2550013300483613184,4771,9,86757,1,2020,-1537.23
2550013300483613184,4771,9,86757,2,2020,588.85
2550013300483613184,4771,9,86757,3,2020,-281.82
2550013300483613184,4771,9,86757,4,2020,-3200.53
2550013300483613184,4771,9,86757,5,2020,-4827.74
2550013300483613184,4771,9,86757,6,2020,-4882.8
2550013300483613184,4771,9,86757,7,2020,-3867.6
2550013300483613184,4771,9,86757,8,2020,-1301.27
2550013300483613184,4771,9,86757,9,2020,-831.53
2550013300483613184,4771,9,86757,10,2020,-2910.68
2550013300483613184,4771,9,86757,11,2020,-2607.81
2550013300483613184,4771,9,86757,12,2020,-7308.4
2550560199879143936,7269,4,1233,1,2020,4907.63
2550560199879143936,7269,4,1233,2,2020,5399.16
2550560199879143936,7269,4,1233,3,2020,10417.56
2550560199879143936,7269,4,1233,4,2020,10022.22
2550560199879143936,7269,4,1233,5,2020,8486.79
2550560199879143936,7269,4,1233,6,2020,9554.38
2550560199879143936,7269,4,1233,7,2020,3485.31
2550560199879143936,7269,4,1233,8,2020,3262.56
2550560199879143936,7269,4,1233,9,2020,3223.15
2550560199879143936,7269,4,1233,10,2020,6379.55
2550560199879143936,7269,4,1233,11,2020,6388.97
2550560199879143936,7269,4,1233,12,2020,8834.62
2551588286099921408,5345,4,46203,1,2020,873.78
2551588286099921408,5345,4,46203,2,2020,-365.49
2551588286099921408,5345,4,46203,3,2020,-365.49
2551588286099921408,5345,4,46203,4,2020,-365.49
2551588286099921408,5345,4,46203,5,2020,-3814.73
2551588286099921408,5345,4,46203,6,2020,-6289.6
2551588286099921408,5345,4,46203,7,2020,-4749.28
2551588286099921408,5345,4,46203,8,2020,-5646.94
2551588286099921408,5345,4,46203,9,2020,-5646.94
2551588286099921408,5345,4,46203,10,2020,-5646.94
2551588286099921408,5345,4,46203,11,2020,-5646.94
2551588286099921408,5345,4,46203,12,2020,-5646.94
2552152200454308864,3556,3,71779,1,2020,2294.94
2552152200454308864,3556,3,71779,2,2020,3862.53
2552152200454308864,3556,3,71779,3,2020,3862.53
2552152200454308864,3556,3,71779,4,2020,3747.5
2552152200454308864,3556,3,71779,5,2020,5644.2
2552152200454308864,3556,3,71779,6,2020,4172.85
2552152200454308864,3556,3,71779,7,2020,4560.76
2552152200454308864,3556,3,71779,8,2020,4560.76
2552152200454308864,3556,3,71779,9,2020,5114.85
2552152200454308864,3556,3,71779,10,2020,5114.85
2552152200454308864,3556,3,71779,11,2020,1881.45
2552152200454308864,3556,3,71779,12,2020,1881.45
2552879319461780992,499,5,75830,1,2020,952.64
2552879319461780992,499,5,75830,2,2020,5273.42
2552879319461780992,499,5,75830,3,2020,11940.01
2552879319461780992,499,5,75830,4,2020,15642.2
2552879319461780992,499,5,75830,5,2020,20892.4
2552879319461780992,499,5,75830,6,2020,21316.02
2552879319461780992,499,5,75830,7,2020,14736.58
2552879319461780992,499,5,75830,8,2020,23252.14
2552879319461780992,499,5,75830,9,2020,19147.96
2552879319461780992,499,5,75830,10,2020,18728.52
2552879319461780992,499,5,75830,11,2020,20203.32
2552879319461780992,499,5,75830,12,2020,16758.97
2556195365618138624,9963,4,9457,1,2020,599.69
2556195365618138624,9963,4,9457,2,2020,1775.07
2556195365618138624,9963,4,9457,3,2020,-1599.35
2556195365618138624,9963,4,9457,4,2020,-3199.77
2556195365618138624,9963,4,9457,5,2020,-1475.73
2556195365618138624,9963,4,9457,6,2020,-7156.15
2556195365618138624,9963,4,9457,7,2020,-7658.89
2556195365618138624,9963,4,9457,8,2020,-902.34
2556195365618138624,9963,4,9457,9,2020,111.23
2556195365618138624,9963,4,9457,10,2020,2385.17
2556195365618138624,9963,4,9457,11,2020,7013.61
2556195365618138624,9963,4,9457,12,2020,10151.33
2559195124226977280,2115,2,18405,1,2020,-9403.88
2559195124226977280,2115,2,18405,2,2020,-993.34
2559195124226977280,2115,2,18405,3,2020,872.35
2559195124226977280,2115,2,18405,4,2020,4853.77
2559195124226977280,2115,2,18405,5,2020,1091.52
2559195124226977280,2115,2,18405,6,2020,-8129.98
2559195124226977280,2115,2,18405,7,2020,-5472.03
2559195124226977280,2115,2,18405,8,2020,-17384.93
2559195124226977280,2115,2,18405,9,2020,-27267.52
2559195124226977280,2115,2,18405,10,2020,-21788.33
2559195124226977280,2115,2,18405,11,2020,-14049.92
2559195124226977280,2115,2,18405,12,2020,-14600.47
256071406907151104,6818,6,70206,1,2020,2947.45
256071406907151104,6818,6,70206,2,2020,6996.08
256071406907151104,6818,6,70206,3,2020,8094.9
256071406907151104,6818,6,70206,4,2020,5528.15
256071406907151104,6818,6,70206,5,2020,6865.86
256071406907151104,6818,6,70206,6,2020,8794.75
256071406907151104,6818,6,70206,7,2020,11998.71
256071406907151104,6818,6,70206,8,2020,11101.69
256071406907151104,6818,6,70206,9,2020,13624.5
256071406907151104,6818,6,70206,10,2020,13938.2
256071406907151104,6818,6,70206,11,2020,24101.0
256071406907151104,6818,6,70206,12,2020,26859.48
2560832569025229312,988,9,9768,1,2020,43.94
2560832569025229312,988,9,9768,2,2020,1899.25
2560832569025229312,988,9,9768,3,2020,13804.52
2560832569025229312,988,9,9768,4,2020,11614.38
2560832569025229312,988,9,9768,5,2020,18437.31
2560832569025229312,988,9,9768,6,2020,11105.45
2560832569025229312,988,9,9768,7,2020,13442.91
2560832569025229312,988,9,9768,8,2020,3016.05
2560832569025229312,988,9,9768,9,2020,-7370.4
2560832569025229312,988,9,9768,10,2020,-6693.06
2560832569025229312,988,9,9768,11,2020,-9307.57
2560832569025229312,988,9,9768,12,2020,-7468.37
2560869694582820864,6322,0,85356,1,2020,-1766.7
2560869694582820864,6322,0,85356,2,2020,-5135.53
2560869694582820864,6322,0,85356,3,2020,-124.23
2560869694582820864,6322,0,85356,4,2020,-8684.22
2560869694582820864,6322,0,85356,5,2020,-16968.63
2560869694582820864,6322,0,85356,6,2020,-12312.97
2560869694582820864,6322,0,85356,7,2020,-9387.77
2560869694582820864,6322,0,85356,8,2020,-2117.08
2560869694582820864,6322,0,85356,9,2020,-7431.96
2560869694582820864,6322,0,85356,10,2020,-7596.45
2560869694582820864,6322,0,85356,11,2020,-5216.81
2560869694582820864,6322,0,85356,12,2020,185.73
256138946050576608,9672,1,62476,1,2020,-4370.83
256138946050576608,9672,1,62476,2,2020,-6339.75
256138946050576608,9672,1,62476,3,2020,-2718.36
256138946050576608,9672,1,62476,4,2020,-816.8
256138946050576608,9672,1,62476,5,2020,-622.25
256138946050576608,9672,1,62476,6,2020,-4145.28
256138946050576608,9672,1,62476,7,2020,-226.68
256138946050576608,9672,1,62476,8,2020,840.88
256138946050576608,9672,1,62476,9,2020,290.82
256138946050576608,9672,1,62476,10,2020,928.33
256138946050576608,9672,1,62476,11,2020,4294.83
256138946050576608,9672,1,62476,12,2020,3427.95
2561447480028680192,5405,2,54460,1,2020,-1010.12
2561447480028680192,5405,2,54460,2,2020,1206.4
2561447480028680192,5405,2,54460,3,2020,-692.61
2561447480028680192,5405,2,54460,4,2020,-3804.94
2561447480028680192,5405,2,54460,5,2020,-2878.51
2561447480028680192,5405,2,54460,6,2020,-3915.99
2561447480028680192,5405,2,54460,7,2020,-5752.8
2561447480028680192,5405,2,54460,8,2020,-4510.16
2561447480028680192,5405,2,54460,9,2020,-9475.85
2561447480028680192,5405,2,54460,10,2020,-7835.21
2561447480028680192,5405,2,54460,11,2020,-15095.01
2561447480028680192,5405,2,54460,12,2020,-9543.95
2562779546561440256,6839,3,80139,1,2020,-1301.62
2562779546561440256,6839,3,80139,2,2020,-2922.33
2562779546561440256,6839,3,80139,3,2020,-2896.55
2562779546561440256,6839,3,80139,4,2020,-2614.1
2562779546561440256,6839,3,80139,5,2020,-2735.42
2562779546561440256,6839,3,80139,6,2020,645.06
2562779546561440256,6839,3,80139,7,2020,-379.92
2562779546561440256,6839,3,80139,8,2020,-2072.7
2562779546561440256,6839,3,80139,9,2020,-3416.46
2562779546561440256,6839,3,80139,10,2020,-2833.06
2562779546561440256,6839,3,80139,11,2020,-3709.1
2562779546561440256,6839,3,80139,12,2020,-2885.66
2563953117121337344,6985,1,96943,1,2020,-402.58
2563953117121337344,6985,1,96943,2,2020,-1900.63
2563953117121337344,6985,1,96943,3,2020,-2445.2
2563953117121337344,6985,1,96943,4,2020,-3419.06
2563953117121337344,6985,1,96943,5,2020,-3842.59
2563953117121337344,6985,1,96943,6,2020,-3842.59
2563953117121337344,6985,1,96943,7,2020,-4216.12
2563953117121337344,6985,1,96943,8,2020,-5629.42
2563953117121337344,6985,1,96943,9,2020,-6751.34
2563953117121337344,6985,1,96943,10,2020,-5189.81
2563953117121337344,6985,1,96943,11,2020,-5632.58
2563953117121337344,6985,1,96943,12,2020,-1898.86
2564207793132371968,6081,5,59872,1,2020,779.71
2564207793132371968,6081,5,59872,2,2020,6769.99
2564207793132371968,6081,5,59872,3,2020,22334.58
