330376069172600320,4138,5,89397,12,2020,13484.28
3303973102479611904,7437,2,95524,1,2020,4111.38
3303973102479611904,7437,2,95524,2,2020,12707.11
3303973102479611904,7437,2,95524,3,2020,14359.86
3303973102479611904,7437,2,95524,4,2020,16278.71
3303973102479611904,7437,2,95524,5,2020,7805.62
3303973102479611904,7437,2,95524,6,2020,7621.71
3303973102479611904,7437,2,95524,7,2020,8461.46
3303973102479611904,7437,2,95524,8,2020,6184.88
3303973102479611904,7437,2,95524,9,2020,6539.72
3303973102479611904,7437,2,95524,10,2020,2770.0
3303973102479611904,7437,2,95524,11,2020,7171.04
3303973102479611904,7437,2,95524,12,2020,10780.38
3304825389237051904,807,5,24616,1,2020,-118.19
3304825389237051904,807,5,24616,2,2020,-5547.73
3304825389237051904,807,5,24616,3,2020,-6769.96
3304825389237051904,807,5,24616,4,2020,-6302.73
3304825389237051904,807,5,24616,5,2020,-9290.98
3304825389237051904,807,5,24616,6,2020,-9046.54
3304825389237051904,807,5,24616,7,2020,-9245.84
3304825389237051904,807,5,24616,8,2020,-8114.23
3304825389237051904,807,5,24616,9,2020,-9346.08
3304825389237051904,807,5,24616,10,2020,-8592.36
3304825389237051904,807,5,24616,11,2020,-8548.8
3304825389237051904,807,5,24616,12,2020,-7319.77
3305471752566675968,5492,2,94105,1,2020,19.4
3305471752566675968,5492,2,94105,2,2020,2129.85
3305471752566675968,5492,2,94105,3,2020,5853.74
3305471752566675968,5492,2,94105,4,2020,7386.41
3305471752566675968,5492,2,94105,5,2020,5371.53
3305471752566675968,5492,2,94105,6,2020,5485.24
3305471752566675968,5492,2,94105,7,2020,1889.0
3305471752566675968,5492,2,94105,8,2020,1946.48
3305471752566675968,5492,2,94105,9,2020,-603.06
3305471752566675968,5492,2,94105,10,2020,-1869.16
3305471752566675968,5492,2,94105,11,2020,-3271.45
3305471752566675968,5492,2,94105,12,2020,-2877.62
330550456335996608,2065,1,67770,1,2020,2546.74
330550456335996608,2065,1,67770,2,2020,-156.61
330550456335996608,2065,1,67770,3,2020,-595.28
330550456335996608,2065,1,67770,4,2020,-7140.86
330550456335996608,2065,1,67770,5,2020,-3607.76
330550456335996608,2065,1,67770,6,2020,-9235.61
330550456335996608,2065,1,67770,7,2020,-9733.45
330550456335996608,2065,1,67770,8,2020,-9366.03
330550456335996608,2065,1,67770,9,2020,-10128.09
330550456335996608,2065,1,67770,10,2020,-8578.67
330550456335996608,2065,1,67770,11,2020,-8377.73
330550456335996608,2065,1,67770,12,2020,-10163.78
330597025477579200,100,7,62374,1,2020,1391.48
330597025477579200,100,7,62374,2,2020,5345.78
330597025477579200,100,7,62374,3,2020,5217.36
330597025477579200,100,7,62374,4,2020,1708.43
330597025477579200,100,7,62374,5,2020,1908.55
330597025477579200,100,7,62374,6,2020,1369.5
330597025477579200,100,7,62374,7,2020,5881.13
330597025477579200,100,7,62374,8,2020,5594.44
330597025477579200,100,7,62374,9,2020,10870.63
330597025477579200,100,7,62374,10,2020,11509.39
330597025477579200,100,7,62374,11,2020,12938.75
330597025477579200,100,7,62374,12,2020,18135.08
3306001702085967872,593,6,37082,1,2020,307.55
3306001702085967872,593,6,37082,2,2020,233.3
3306001702085967872,593,6,37082,3,2020,1670.87
3306001702085967872,593,6,37082,4,2020,1670.87
3306001702085967872,593,6,37082,5,2020,2640.0
3306001702085967872,593,6,37082,6,2020,4614.81
3306001702085967872,593,6,37082,7,2020,2850.47
3306001702085967872,593,6,37082,8,2020,2681.77
3306001702085967872,593,6,37082,9,2020,2681.77
3306001702085967872,593,6,37082,10,2020,2130.67
3306001702085967872,593,6,37082,11,2020,2130.67
3306001702085967872,593,6,37082,12,2020,1500.68
3306628124659522560,212,7,17018,1,2020,-2043.56
3306628124659522560,212,7,17018,2,2020,-3767.99
3306628124659522560,212,7,17018,3,2020,-9480.57
3306628124659522560,212,7,17018,4,2020,-11426.34
3306628124659522560,212,7,17018,5,2020,-13346.98
3306628124659522560,212,7,17018,6,2020,-19440.2
3306628124659522560,212,7,17018,7,2020,-16676.83
3306628124659522560,212,7,17018,8,2020,-20302.27
3306628124659522560,212,7,17018,9,2020,-15549.73
3306628124659522560,212,7,17018,10,2020,-12496.43
3306628124659522560,212,7,17018,11,2020,-10224.66
3306628124659522560,212,7,17018,12,2020,-10707.36
3307177159800443392,533,6,32546,1,2020,-3165.91
3307177159800443392,533,6,32546,2,2020,-5757.11
3307177159800443392,533,6,32546,3,2020,-5757.11
3307177159800443392,533,6,32546,4,2020,-5757.11
3307177159800443392,533,6,32546,5,2020,-6982.23
3307177159800443392,533,6,32546,6,2020,-7687.59
3307177159800443392,533,6,32546,7,2020,-7687.59
3307177159800443392,533,6,32546,8,2020,-5370.57
3307177159800443392,533,6,32546,9,2020,-7006.42
3307177159800443392,533,6,32546,10,2020,-10367.31
3307177159800443392,533,6,32546,11,2020,-11316.45
3307177159800443392,533,6,32546,12,2020,-11963.36
3309722123994710528,426,1,73295,1,2020,-3122.75
3309722123994710528,426,1,73295,2,2020,-624.11
3309722123994710528,426,1,73295,3,2020,-224.87
3309722123994710528,426,1,73295,4,2020,352.97
3309722123994710528,426,1,73295,5,2020,727.53
3309722123994710528,426,1,73295,6,2020,6242.95
3309722123994710528,426,1,73295,7,2020,3743.06
3309722123994710528,426,1,73295,8,2020,8765.51
3309722123994710528,426,1,73295,9,2020,12571.18
3309722123994710528,426,1,73295,10,2020,5230.6
3309722123994710528,426,1,73295,11,2020,5331.17
3309722123994710528,426,1,73295,12,2020,3802.68
3310627602364094464,2299,1,13559,1,2020,-15898.2
3310627602364094464,2299,1,13559,2,2020,-10574.08
3310627602364094464,2299,1,13559,3,2020,-10359.03
3310627602364094464,2299,1,13559,4,2020,-12906.64
3310627602364094464,2299,1,13559,5,2020,-25566.03
3310627602364094464,2299,1,13559,6,2020,-23311.5
3310627602364094464,2299,1,13559,7,2020,-21722.63
3310627602364094464,2299,1,13559,8,2020,-26576.03
3310627602364094464,2299,1,13559,9,2020,-26299.86
3310627602364094464,2299,1,13559,10,2020,-17561.78
3310627602364094464,2299,1,13559,11,2020,-12703.02
3310627602364094464,2299,1,13559,12,2020,-12689.46
3312254318742125568,9489,1,51620,1,2020,0.0
3312254318742125568,9489,1,51620,2,2020,-1548.51
3312254318742125568,9489,1,51620,3,2020,-1323.98
3312254318742125568,9489,1,51620,4,2020,-766.96
3312254318742125568,9489,1,51620,5,2020,-894.99
3312254318742125568,9489,1,51620,6,2020,722.22
3312254318742125568,9489,1,51620,7,2020,2626.98
3312254318742125568,9489,1,51620,8,2020,721.51
3312254318742125568,9489,1,51620,9,2020,1534.54
3312254318742125568,9489,1,51620,10,2020,4555.64
3312254318742125568,9489,1,51620,11,2020,6963.93
3312254318742125568,9489,1,51620,12,2020,7520.05
3312368221330859008,8041,1,51654,1,2020,-253.89
3312368221330859008,8041,1,51654,2,2020,-2483.86
3312368221330859008,8041,1,51654,3,2020,538.5
3312368221330859008,8041,1,51654,4,2020,-6897.37
3312368221330859008,8041,1,51654,5,2020,-1953.39
3312368221330859008,8041,1,51654,6,2020,-1616.53
3312368221330859008,8041,1,51654,7,2020,5386.57
3312368221330859008,8041,1,51654,8,2020,7623.63
3312368221330859008,8041,1,51654,9,2020,-1223.49
3312368221330859008,8041,1,51654,10,2020,6867.0
3312368221330859008,8041,1,51654,11,2020,3565.38
3312368221330859008,8041,1,51654,12,2020,11192.29
3312815297576418816,5610,7,21745,1,2020,-367.33
3312815297576418816,5610,7,21745,2,2020,-367.33
3312815297576418816,5610,7,21745,3,2020,-2045.16
3312815297576418816,5610,7,21745,4,2020,-1045.98
3312815297576418816,5610,7,21745,5,2020,-2089.66
3312815297576418816,5610,7,21745,6,2020,-975.7
3312815297576418816,5610,7,21745,7,2020,-2511.34
3312815297576418816,5610,7,21745,8,2020,-1508.58
3312815297576418816,5610,7,21745,9,2020,-1317.49
3312815297576418816,5610,7,21745,10,2020,783.55
3312815297576418816,5610,7,21745,11,2020,-401.03
3312815297576418816,5610,7,21745,12,2020,1325.9
3312827118448186880,6711,9,61605,1,2020,1379.39
3312827118448186880,6711,9,61605,2,2020,502.53
3312827118448186880,6711,9,61605,3,2020,-9422.97
3312827118448186880,6711,9,61605,4,2020,-6754.59
3312827118448186880,6711,9,61605,5,2020,-11947.51
3312827118448186880,6711,9,61605,6,2020,-11985.49
3312827118448186880,6711,9,61605,7,2020,-15057.27
3312827118448186880,6711,9,61605,8,2020,-16040.79
3312827118448186880,6711,9,61605,9,2020,-18395.83
3312827118448186880,6711,9,61605,10,2020,-14992.27
3312827118448186880,6711,9,61605,11,2020,-15938.04
3312827118448186880,6711,9,61605,12,2020,-12997.81
331365408251358336,6425,6,89567,1,2020,432.96
331365408251358336,6425,6,89567,2,2020,-2971.58
331365408251358336,6425,6,89567,3,2020,-2971.58
331365408251358336,6425,6,89567,4,2020,-4165.88
331365408251358336,6425,6,89567,5,2020,-4165.88
331365408251358336,6425,6,89567,6,2020,-2671.2
331365408251358336,6425,6,89567,7,2020,-2242.59
331365408251358336,6425,6,89567,8,2020,-61.64
331365408251358336,6425,6,89567,9,2020,-61.64
331365408251358336,6425,6,89567,10,2020,-1414.8
331365408251358336,6425,6,89567,11,2020,-1414.8
331365408251358336,6425,6,89567,12,2020,8.99
3313685911410666496,7241,2,32461,1,2020,0.0
3313685911410666496,7241,2,32461,2,2020,0.0
3313685911410666496,7241,2,32461,3,2020,989.42
3313685911410666496,7241,2,32461,4,2020,-930.26
3313685911410666496,7241,2,32461,5,2020,3232.31
3313685911410666496,7241,2,32461,6,2020,3232.31
3313685911410666496,7241,2,32461,7,2020,1527.15
3313685911410666496,7241,2,32461,8,2020,502.3
3313685911410666496,7241,2,32461,9,2020,1353.37
3313685911410666496,7241,2,32461,10,2020,3789.59
3313685911410666496,7241,2,32461,11,2020,3046.9
3313685911410666496,7241,2,32461,12,2020,5464.6
3314621722168538112,8371,3,45386,1,2020,-4641.47
3314621722168538112,8371,3,45386,2,2020,-3228.98
3314621722168538112,8371,3,45386,3,2020,-1540.42
3314621722168538112,8371,3,45386,4,2020,-3918.95
3314621722168538112,8371,3,45386,5,2020,-4247.81
3314621722168538112,8371,3,45386,6,2020,-4171.08
3314621722168538112,8371,3,45386,7,2020,-4109.58
3314621722168538112,8371,3,45386,8,2020,-6872.57
3314621722168538112,8371,3,45386,9,2020,-3586.13
3314621722168538112,8371,3,45386,10,2020,-3372.48
3314621722168538112,8371,3,45386,11,2020,-277.91
3314621722168538112,8371,3,45386,12,2020,1348.08
3314770633217553408,3153,9,82642,1,2020,0.0
3314770633217553408,3153,9,82642,2,2020,1859.31
3314770633217553408,3153,9,82642,3,2020,-397.63
3314770633217553408,3153,9,82642,4,2020,3022.31
3314770633217553408,3153,9,82642,5,2020,764.86
3314770633217553408,3153,9,82642,6,2020,1396.7
3314770633217553408,3153,9,82642,7,2020,1480.39
3314770633217553408,3153,9,82642,8,2020,-286.04
3314770633217553408,3153,9,82642,9,2020,905.01
3314770633217553408,3153,9,82642,10,2020,2012.63
3314770633217553408,3153,9,82642,11,2020,605.48
3314770633217553408,3153,9,82642,12,2020,419.14
331605930879694592,1923,5,39406,1,2020,358.43
331605930879694592,1923,5,39406,2,2020,3048.57
331605930879694592,1923,5,39406,3,2020,-2166.38
331605930879694592,1923,5,39406,4,2020,-2135.68
331605930879694592,1923,5,39406,5,2020,-11683.2
331605930879694592,1923,5,39406,6,2020,-8983.75
331605930879694592,1923,5,39406,7,2020,-14355.87
331605930879694592,1923,5,39406,8,2020,-16651.93
331605930879694592,1923,5,39406,9,2020,-12251.75
331605930879694592,1923,5,39406,10,2020,-11640.43
331605930879694592,1923,5,39406,11,2020,-2825.89
331605930879694592,1923,5,39406,12,2020,-728.23
3316662466738155008,3365,6,29312,1,2020,-546.98
3316662466738155008,3365,6,29312,2,2020,-6692.32
3316662466738155008,3365,6,29312,3,2020,-8942.76
3316662466738155008,3365,6,29312,4,2020,-10198.03
3316662466738155008,3365,6,29312,5,2020,-8394.08
3316662466738155008,3365,6,29312,6,2020,-10568.47
3316662466738155008,3365,6,29312,7,2020,-13715.19
3316662466738155008,3365,6,29312,8,2020,-10543.8
3316662466738155008,3365,6,29312,9,2020,-5097.91
3316662466738155008,3365,6,29312,10,2020,-9704.63
3316662466738155008,3365,6,29312,11,2020,-13398.67
