2837456309828851200,6663,9,44554,7,2020,5297.88
2837456309828851200,6663,9,44554,8,2020,7149.31
2837456309828851200,6663,9,44554,9,2020,8713.76
2837456309828851200,6663,9,44554,10,2020,8954.16
2837456309828851200,6663,9,44554,11,2020,11392.83
2837456309828851200,6663,9,44554,12,2020,13011.91
2838680368992369664,6909,5,35721,1,2020,2313.76
2838680368992369664,6909,5,35721,2,2020,6340.07
2838680368992369664,6909,5,35721,3,2020,6686.31
2838680368992369664,6909,5,35721,4,2020,5526.3
2838680368992369664,6909,5,35721,5,2020,7548.08
2838680368992369664,6909,5,35721,6,2020,5066.87
2838680368992369664,6909,5,35721,7,2020,5440.27
2838680368992369664,6909,5,35721,8,2020,7077.87
2838680368992369664,6909,5,35721,9,2020,7407.44
2838680368992369664,6909,5,35721,10,2020,5936.22
2838680368992369664,6909,5,35721,11,2020,5286.75
2838680368992369664,6909,5,35721,12,2020,4716.59
2838859275163095040,3442,2,4260,1,2020,0.0
2838859275163095040,3442,2,4260,2,2020,0.0
2838859275163095040,3442,2,4260,3,2020,0.0
2838859275163095040,3442,2,4260,4,2020,-1631.18
2838859275163095040,3442,2,4260,5,2020,-1289.95
2838859275163095040,3442,2,4260,6,2020,-1289.95
2838859275163095040,3442,2,4260,7,2020,-896.77
2838859275163095040,3442,2,4260,8,2020,-864.59
2838859275163095040,3442,2,4260,9,2020,1420.42
2838859275163095040,3442,2,4260,10,2020,2760.55
2838859275163095040,3442,2,4260,11,2020,2760.55
2838859275163095040,3442,2,4260,12,2020,2760.55
2839707321688514048,8637,4,24702,1,2020,12380.4
2839707321688514048,8637,4,24702,2,2020,6456.94
2839707321688514048,8637,4,24702,3,2020,5739.59
2839707321688514048,8637,4,24702,4,2020,-1306.29
2839707321688514048,8637,4,24702,5,2020,-108.39
2839707321688514048,8637,4,24702,6,2020,2379.65
2839707321688514048,8637,4,24702,7,2020,5804.7
2839707321688514048,8637,4,24702,8,2020,10546.77
2839707321688514048,8637,4,24702,9,2020,11882.55
2839707321688514048,8637,4,24702,10,2020,10938.13
2839707321688514048,8637,4,24702,11,2020,4266.89
2839707321688514048,8637,4,24702,12,2020,1776.04
283980082325918976,6354,5,73921,1,2020,-4002.87
283980082325918976,6354,5,73921,2,2020,-7493.15
283980082325918976,6354,5,73921,3,2020,-8137.26
283980082325918976,6354,5,73921,4,2020,-4919.47
283980082325918976,6354,5,73921,5,2020,-4794.0
283980082325918976,6354,5,73921,6,2020,-7789.84
283980082325918976,6354,5,73921,7,2020,-6753.4
283980082325918976,6354,5,73921,8,2020,-5486.03
283980082325918976,6354,5,73921,9,2020,-7129.55
283980082325918976,6354,5,73921,10,2020,-2677.87
283980082325918976,6354,5,73921,11,2020,-6918.98
283980082325918976,6354,5,73921,12,2020,-9750.31
2839816490551419904,3439,8,7487,1,2020,-1851.55
2839816490551419904,3439,8,7487,2,2020,-12387.3
2839816490551419904,3439,8,7487,3,2020,-6883.27
2839816490551419904,3439,8,7487,4,2020,-5166.37
2839816490551419904,3439,8,7487,5,2020,-4675.9
2839816490551419904,3439,8,7487,6,2020,5384.55
2839816490551419904,3439,8,7487,7,2020,-3161.17
2839816490551419904,3439,8,7487,8,2020,-8026.34
2839816490551419904,3439,8,7487,9,2020,-677.69
2839816490551419904,3439,8,7487,10,2020,6051.81
2839816490551419904,3439,8,7487,11,2020,5712.21
2839816490551419904,3439,8,7487,12,2020,-4760.22
2842294971234414080,3576,9,26117,1,2020,-2130.9
2842294971234414080,3576,9,26117,2,2020,-2118.85
2842294971234414080,3576,9,26117,3,2020,-4938.99
2842294971234414080,3576,9,26117,4,2020,-2102.05
2842294971234414080,3576,9,26117,5,2020,3304.07
2842294971234414080,3576,9,26117,6,2020,-399.79
2842294971234414080,3576,9,26117,7,2020,1154.18
2842294971234414080,3576,9,26117,8,2020,5393.72
2842294971234414080,3576,9,26117,9,2020,2739.39
2842294971234414080,3576,9,26117,10,2020,4624.55
2842294971234414080,3576,9,26117,11,2020,5075.78
2842294971234414080,3576,9,26117,12,2020,-546.13
2842994769432771072,7294,3,38302,1,2020,-1509.17
2842994769432771072,7294,3,38302,2,2020,3626.59
2842994769432771072,7294,3,38302,3,2020,4477.65
2842994769432771072,7294,3,38302,4,2020,4802.11
2842994769432771072,7294,3,38302,5,2020,6760.62
2842994769432771072,7294,3,38302,6,2020,7397.23
2842994769432771072,7294,3,38302,7,2020,5399.89
2842994769432771072,7294,3,38302,8,2020,11552.95
2842994769432771072,7294,3,38302,9,2020,9889.25
2842994769432771072,7294,3,38302,10,2020,14258.28
2842994769432771072,7294,3,38302,11,2020,13248.09
2842994769432771072,7294,3,38302,12,2020,14739.02
2843024430249305088,9361,7,81250,1,2020,383.48
2843024430249305088,9361,7,81250,2,2020,-4564.79
2843024430249305088,9361,7,81250,3,2020,-9073.88
2843024430249305088,9361,7,81250,4,2020,-10400.41
2843024430249305088,9361,7,81250,5,2020,-11340.83
2843024430249305088,9361,7,81250,6,2020,-8839.01
2843024430249305088,9361,7,81250,7,2020,-9069.3
2843024430249305088,9361,7,81250,8,2020,-12367.81
2843024430249305088,9361,7,81250,9,2020,-16995.42
2843024430249305088,9361,7,81250,10,2020,-13112.53
2843024430249305088,9361,7,81250,11,2020,-12618.52
2843024430249305088,9361,7,81250,12,2020,-14297.44
2843296999586967040,7748,0,21096,1,2020,6045.37
2843296999586967040,7748,0,21096,2,2020,4888.47
2843296999586967040,7748,0,21096,3,2020,12049.35
2843296999586967040,7748,0,21096,4,2020,17966.33
2843296999586967040,7748,0,21096,5,2020,19907.62
2843296999586967040,7748,0,21096,6,2020,20678.28
2843296999586967040,7748,0,21096,7,2020,27358.58
2843296999586967040,7748,0,21096,8,2020,32669.13
2843296999586967040,7748,0,21096,9,2020,29199.31
2843296999586967040,7748,0,21096,10,2020,21833.04
2843296999586967040,7748,0,21096,11,2020,18745.8
2843296999586967040,7748,0,21096,12,2020,23738.29
2843853257911420928,256,2,37303,1,2020,-2678.73
2843853257911420928,256,2,37303,2,2020,-5325.93
2843853257911420928,256,2,37303,3,2020,-4557.29
2843853257911420928,256,2,37303,4,2020,-3157.7
2843853257911420928,256,2,37303,5,2020,-582.72
2843853257911420928,256,2,37303,6,2020,-1367.23
2843853257911420928,256,2,37303,7,2020,-1884.98
2843853257911420928,256,2,37303,8,2020,-3489.93
2843853257911420928,256,2,37303,9,2020,3224.54
2843853257911420928,256,2,37303,10,2020,1852.9
2843853257911420928,256,2,37303,11,2020,12830.46
2843853257911420928,256,2,37303,12,2020,18847.48
284422241350488960,6529,7,64474,1,2020,-2818.02
284422241350488960,6529,7,64474,2,2020,239.35
284422241350488960,6529,7,64474,3,2020,-1064.08
284422241350488960,6529,7,64474,4,2020,1032.31
284422241350488960,6529,7,64474,5,2020,648.78
284422241350488960,6529,7,64474,6,2020,-721.98
284422241350488960,6529,7,64474,7,2020,249.14
284422241350488960,6529,7,64474,8,2020,-554.68
284422241350488960,6529,7,64474,9,2020,-770.55
284422241350488960,6529,7,64474,10,2020,551.82
284422241350488960,6529,7,64474,11,2020,-727.7
284422241350488960,6529,7,64474,12,2020,756.07
2848287878593400320,6497,8,74626,1,2020,-640.57
2848287878593400320,6497,8,74626,2,2020,507.6
2848287878593400320,6497,8,74626,3,2020,1820.42
2848287878593400320,6497,8,74626,4,2020,1662.51
2848287878593400320,6497,8,74626,5,2020,3559.86
2848287878593400320,6497,8,74626,6,2020,669.26
2848287878593400320,6497,8,74626,7,2020,-4451.18
2848287878593400320,6497,8,74626,8,2020,-4829.47
2848287878593400320,6497,8,74626,9,2020,-7388.46
2848287878593400320,6497,8,74626,10,2020,-7576.87
2848287878593400320,6497,8,74626,11,2020,-8379.24
2848287878593400320,6497,8,74626,12,2020,-7783.3
2850919223495890944,1334,8,19244,1,2020,4775.4
2850919223495890944,1334,8,19244,2,2020,-1960.7
2850919223495890944,1334,8,19244,3,2020,1169.98
2850919223495890944,1334,8,19244,4,2020,-327.09
2850919223495890944,1334,8,19244,5,2020,1926.06
2850919223495890944,1334,8,19244,6,2020,5299.46
2850919223495890944,1334,8,19244,7,2020,3532.09
2850919223495890944,1334,8,19244,8,2020,7402.34
2850919223495890944,1334,8,19244,9,2020,1860.86
2850919223495890944,1334,8,19244,10,2020,-6010.28
2850919223495890944,1334,8,19244,11,2020,-6568.1
2850919223495890944,1334,8,19244,12,2020,-5931.22
2851215655493073920,765,2,85986,1,2020,1735.4
2851215655493073920,765,2,85986,2,2020,-644.93
2851215655493073920,765,2,85986,3,2020,-644.93
2851215655493073920,765,2,85986,4,2020,938.97
2851215655493073920,765,2,85986,5,2020,6880.9
2851215655493073920,765,2,85986,6,2020,6322.91
2851215655493073920,765,2,85986,7,2020,5647.84
2851215655493073920,765,2,85986,8,2020,2039.08
2851215655493073920,765,2,85986,9,2020,3681.25
2851215655493073920,765,2,85986,10,2020,2639.52
2851215655493073920,765,2,85986,11,2020,2749.45
2851215655493073920,765,2,85986,12,2020,4502.69
285256955396758976,6282,8,56484,1,2020,8628.22
285256955396758976,6282,8,56484,2,2020,12766.62
285256955396758976,6282,8,56484,3,2020,10643.53
285256955396758976,6282,8,56484,4,2020,7549.98
285256955396758976,6282,8,56484,5,2020,10343.19
285256955396758976,6282,8,56484,6,2020,6786.36
285256955396758976,6282,8,56484,7,2020,6827.24
285256955396758976,6282,8,56484,8,2020,9206.47
285256955396758976,6282,8,56484,9,2020,14832.08
285256955396758976,6282,8,56484,10,2020,20255.84
285256955396758976,6282,8,56484,11,2020,17396.47
285256955396758976,6282,8,56484,12,2020,19100.88
2854964746486548480,8096,0,77586,1,2020,0.0
2854964746486548480,8096,0,77586,2,2020,861.44
2854964746486548480,8096,0,77586,3,2020,861.44
2854964746486548480,8096,0,77586,4,2020,-573.51
2854964746486548480,8096,0,77586,5,2020,-119.37
2854964746486548480,8096,0,77586,6,2020,54.84
2854964746486548480,8096,0,77586,7,2020,408.88
2854964746486548480,8096,0,77586,8,2020,-670.35
2854964746486548480,8096,0,77586,9,2020,-1865.49
2854964746486548480,8096,0,77586,10,2020,-1865.49
2854964746486548480,8096,0,77586,11,2020,-2014.5
2854964746486548480,8096,0,77586,12,2020,-2541.3
285954202652059168,3097,1,47726,1,2020,-1154.76
285954202652059168,3097,1,47726,2,2020,-2399.1
285954202652059168,3097,1,47726,3,2020,-6346.92
285954202652059168,3097,1,47726,4,2020,-7201.73
285954202652059168,3097,1,47726,5,2020,-11844.68
285954202652059168,3097,1,47726,6,2020,-14528.32
285954202652059168,3097,1,47726,7,2020,-18786.25
285954202652059168,3097,1,47726,8,2020,-20030.87
285954202652059168,3097,1,47726,9,2020,-21238.07
285954202652059168,3097,1,47726,10,2020,-25103.46
285954202652059168,3097,1,47726,11,2020,-18617.23
285954202652059168,3097,1,47726,12,2020,-15651.33
2859882723363792384,5894,6,6227,1,2020,860.28
2859882723363792384,5894,6,6227,2,2020,7862.47
2859882723363792384,5894,6,6227,3,2020,4857.83
2859882723363792384,5894,6,6227,4,2020,11363.93
2859882723363792384,5894,6,6227,5,2020,14664.16
2859882723363792384,5894,6,6227,6,2020,10774.3
2859882723363792384,5894,6,6227,7,2020,11679.01
2859882723363792384,5894,6,6227,8,2020,10618.93
2859882723363792384,5894,6,6227,9,2020,9249.74
2859882723363792384,5894,6,6227,10,2020,3963.13
2859882723363792384,5894,6,6227,11,2020,1633.34
2859882723363792384,5894,6,6227,12,2020,1523.87
2859990409115161088,7493,4,47902,1,2020,-723.11
2859990409115161088,7493,4,47902,2,2020,-723.11
2859990409115161088,7493,4,47902,3,2020,1383.36
2859990409115161088,7493,4,47902,4,2020,2299.15
2859990409115161088,7493,4,47902,5,2020,6442.08
2859990409115161088,7493,4,47902,6,2020,4251.82
2859990409115161088,7493,4,47902,7,2020,422.01
2859990409115161088,7493,4,47902,8,2020,-4539.94
2859990409115161088,7493,4,47902,9,2020,-3819.94
2859990409115161088,7493,4,47902,10,2020,-4311.69
2859990409115161088,7493,4,47902,11,2020,-3509.23
2859990409115161088,7493,4,47902,12,2020,-3713.19
2861340736673216512,6245,8,61719,1,2020,-8011.95
2861340736673216512,6245,8,61719,2,2020,-3902.95
2861340736673216512,6245,8,61719,3,2020,1554.06
2861340736673216512,6245,8,61719,4,2020,5747.79
2861340736673216512,6245,8,61719,5,2020,6261.01
2861340736673216512,6245,8,61719,6,2020,9015.81
