2940293047534737408,6984,0,79363,6,2020,-7453.34
2940293047534737408,6984,0,79363,7,2020,-7583.74
2940293047534737408,6984,0,79363,8,2020,-7779.17
2940293047534737408,6984,0,79363,9,2020,-7136.11
2940293047534737408,6984,0,79363,10,2020,-7868.05
2940293047534737408,6984,0,79363,11,2020,-6938.63
2940293047534737408,6984,0,79363,12,2020,-9571.92
2940764872507333632,8670,1,92531,1,2020,-1406.75
2940764872507333632,8670,1,92531,2,2020,-598.82
2940764872507333632,8670,1,92531,3,2020,-464.34
2940764872507333632,8670,1,92531,4,2020,10.27
2940764872507333632,8670,1,92531,5,2020,-1746.92
2940764872507333632,8670,1,92531,6,2020,-3857.68
2940764872507333632,8670,1,92531,7,2020,-1899.83
2940764872507333632,8670,1,92531,8,2020,-8534.24
2940764872507333632,8670,1,92531,9,2020,-11901.48
2940764872507333632,8670,1,92531,10,2020,-12665.49
2940764872507333632,8670,1,92531,11,2020,-12196.99
2940764872507333632,8670,1,92531,12,2020,-12205.7
294088249766139200,490,0,96704,1,2020,-304.31
294088249766139200,490,0,96704,2,2020,1343.5
294088249766139200,490,0,96704,3,2020,173.44
294088249766139200,490,0,96704,4,2020,173.44
294088249766139200,490,0,96704,5,2020,173.44
294088249766139200,490,0,96704,6,2020,173.44
294088249766139200,490,0,96704,7,2020,173.44
294088249766139200,490,0,96704,8,2020,196.1
294088249766139200,490,0,96704,9,2020,998.68
294088249766139200,490,0,96704,10,2020,998.68
294088249766139200,490,0,96704,11,2020,2937.07
294088249766139200,490,0,96704,12,2020,2937.07
2941094327342075392,1513,9,15132,1,2020,-3976.17
2941094327342075392,1513,9,15132,2,2020,-6624.92
2941094327342075392,1513,9,15132,3,2020,-10550.05
2941094327342075392,1513,9,15132,4,2020,-5894.94
2941094327342075392,1513,9,15132,5,2020,-6667.67
2941094327342075392,1513,9,15132,6,2020,-1421.46
2941094327342075392,1513,9,15132,7,2020,-3872.6
2941094327342075392,1513,9,15132,8,2020,-1458.05
2941094327342075392,1513,9,15132,9,2020,5691.09
2941094327342075392,1513,9,15132,10,2020,-2250.32
2941094327342075392,1513,9,15132,11,2020,-10843.12
2941094327342075392,1513,9,15132,12,2020,-12413.7
2941204054118214656,1582,6,29081,1,2020,-2413.08
2941204054118214656,1582,6,29081,2,2020,-2938.86
2941204054118214656,1582,6,29081,3,2020,-952.49
2941204054118214656,1582,6,29081,4,2020,-3826.25
2941204054118214656,1582,6,29081,5,2020,4820.26
2941204054118214656,1582,6,29081,6,2020,2260.52
2941204054118214656,1582,6,29081,7,2020,5769.25
2941204054118214656,1582,6,29081,8,2020,8867.42
2941204054118214656,1582,6,29081,9,2020,6274.27
2941204054118214656,1582,6,29081,10,2020,3173.04
2941204054118214656,1582,6,29081,11,2020,4777.94
2941204054118214656,1582,6,29081,12,2020,3071.42
2941316468853664768,7547,1,31629,1,2020,-2227.17
2941316468853664768,7547,1,31629,2,2020,-656.48
2941316468853664768,7547,1,31629,3,2020,-1897.18
2941316468853664768,7547,1,31629,4,2020,-3508.79
2941316468853664768,7547,1,31629,5,2020,-8311.32
2941316468853664768,7547,1,31629,6,2020,-6992.22
2941316468853664768,7547,1,31629,7,2020,-4875.45
2941316468853664768,7547,1,31629,8,2020,879.6
2941316468853664768,7547,1,31629,9,2020,4906.98
2941316468853664768,7547,1,31629,10,2020,10414.29
2941316468853664768,7547,1,31629,11,2020,3478.75
2941316468853664768,7547,1,31629,12,2020,3568.47
2941365674317021184,4868,2,45858,1,2020,0.0
2941365674317021184,4868,2,45858,2,2020,0.0
2941365674317021184,4868,2,45858,3,2020,1593.16
2941365674317021184,4868,2,45858,4,2020,1593.16
2941365674317021184,4868,2,45858,5,2020,3121.98
2941365674317021184,4868,2,45858,6,2020,3121.98
2941365674317021184,4868,2,45858,7,2020,7052.92
2941365674317021184,4868,2,45858,8,2020,7052.92
2941365674317021184,4868,2,45858,9,2020,7922.45
2941365674317021184,4868,2,45858,10,2020,7387.47
2941365674317021184,4868,2,45858,11,2020,7167.28
2941365674317021184,4868,2,45858,12,2020,7525.51
2941449287269392384,1380,4,89806,1,2020,-8723.1
2941449287269392384,1380,4,89806,2,2020,-7388.99
2941449287269392384,1380,4,89806,3,2020,-10506.41
2941449287269392384,1380,4,89806,4,2020,-7383.23
2941449287269392384,1380,4,89806,5,2020,-11091.95
2941449287269392384,1380,4,89806,6,2020,-14344.06
2941449287269392384,1380,4,89806,7,2020,-15463.75
2941449287269392384,1380,4,89806,8,2020,-13017.02
2941449287269392384,1380,4,89806,9,2020,-13080.5
2941449287269392384,1380,4,89806,10,2020,-12424.23
2941449287269392384,1380,4,89806,11,2020,-9621.83
2941449287269392384,1380,4,89806,12,2020,-10754.5
2941714830387687424,1225,5,42228,1,2020,0.0
2941714830387687424,1225,5,42228,2,2020,0.0
2941714830387687424,1225,5,42228,3,2020,-1168.87
2941714830387687424,1225,5,42228,4,2020,-2191.79
2941714830387687424,1225,5,42228,5,2020,-2191.79
2941714830387687424,1225,5,42228,6,2020,-3662.22
2941714830387687424,1225,5,42228,7,2020,-2935.8
2941714830387687424,1225,5,42228,8,2020,-3670.87
2941714830387687424,1225,5,42228,9,2020,-3670.87
2941714830387687424,1225,5,42228,10,2020,-2055.72
2941714830387687424,1225,5,42228,11,2020,-3144.03
2941714830387687424,1225,5,42228,12,2020,-3144.03
2943213494644099072,7574,9,51130,1,2020,-5146.54
2943213494644099072,7574,9,51130,2,2020,4405.41
2943213494644099072,7574,9,51130,3,2020,8114.77
2943213494644099072,7574,9,51130,4,2020,11099.67
2943213494644099072,7574,9,51130,5,2020,16597.84
2943213494644099072,7574,9,51130,6,2020,18717.44
2943213494644099072,7574,9,51130,7,2020,10276.85
2943213494644099072,7574,9,51130,8,2020,14135.15
2943213494644099072,7574,9,51130,9,2020,12682.02
2943213494644099072,7574,9,51130,10,2020,5016.11
2943213494644099072,7574,9,51130,11,2020,3602.08
2943213494644099072,7574,9,51130,12,2020,-3276.23
2943715859109928448,7857,5,35192,1,2020,-312.44
2943715859109928448,7857,5,35192,2,2020,-1748.99
2943715859109928448,7857,5,35192,3,2020,3059.63
2943715859109928448,7857,5,35192,4,2020,12425.52
2943715859109928448,7857,5,35192,5,2020,10977.77
2943715859109928448,7857,5,35192,6,2020,9529.03
2943715859109928448,7857,5,35192,7,2020,8167.4
2943715859109928448,7857,5,35192,8,2020,9695.38
2943715859109928448,7857,5,35192,9,2020,14011.65
2943715859109928448,7857,5,35192,10,2020,14209.46
2943715859109928448,7857,5,35192,11,2020,13658.28
2943715859109928448,7857,5,35192,12,2020,15108.62
2945126423034219520,7262,0,51293,1,2020,-298.52
2945126423034219520,7262,0,51293,2,2020,-1233.14
2945126423034219520,7262,0,51293,3,2020,-1331.93
2945126423034219520,7262,0,51293,4,2020,639.27
2945126423034219520,7262,0,51293,5,2020,3427.73
2945126423034219520,7262,0,51293,6,2020,3427.73
2945126423034219520,7262,0,51293,7,2020,8195.05
2945126423034219520,7262,0,51293,8,2020,7833.93
2945126423034219520,7262,0,51293,9,2020,10353.24
2945126423034219520,7262,0,51293,10,2020,6718.9
2945126423034219520,7262,0,51293,11,2020,9158.15
2945126423034219520,7262,0,51293,12,2020,12637.71
2946746227057725440,1528,6,82055,1,2020,-2933.78
2946746227057725440,1528,6,82055,2,2020,4205.92
2946746227057725440,1528,6,82055,3,2020,4398.74
2946746227057725440,1528,6,82055,4,2020,-4046.77
2946746227057725440,1528,6,82055,5,2020,-529.82
2946746227057725440,1528,6,82055,6,2020,13895.67
2946746227057725440,1528,6,82055,7,2020,15008.46
2946746227057725440,1528,6,82055,8,2020,11093.46
2946746227057725440,1528,6,82055,9,2020,6469.36
2946746227057725440,1528,6,82055,10,2020,703.84
2946746227057725440,1528,6,82055,11,2020,5389.76
2946746227057725440,1528,6,82055,12,2020,-2892.58
2947751004172453376,8358,8,57548,1,2020,1971.74
2947751004172453376,8358,8,57548,2,2020,-703.63
2947751004172453376,8358,8,57548,3,2020,876.49
2947751004172453376,8358,8,57548,4,2020,1892.21
2947751004172453376,8358,8,57548,5,2020,8016.99
2947751004172453376,8358,8,57548,6,2020,1671.93
2947751004172453376,8358,8,57548,7,2020,12018.06
2947751004172453376,8358,8,57548,8,2020,16598.55
2947751004172453376,8358,8,57548,9,2020,17328.63
2947751004172453376,8358,8,57548,10,2020,13867.7
2947751004172453376,8358,8,57548,11,2020,20626.01
2947751004172453376,8358,8,57548,12,2020,15836.49
2949166700459937792,6827,6,36264,1,2020,-3293.7
2949166700459937792,6827,6,36264,2,2020,4047.91
2949166700459937792,6827,6,36264,3,2020,5998.1
2949166700459937792,6827,6,36264,4,2020,4779.88
2949166700459937792,6827,6,36264,5,2020,2931.12
2949166700459937792,6827,6,36264,6,2020,4347.03
2949166700459937792,6827,6,36264,7,2020,-2348.07
2949166700459937792,6827,6,36264,8,2020,-3632.02
2949166700459937792,6827,6,36264,9,2020,-5470.81
2949166700459937792,6827,6,36264,10,2020,-11771.23
2949166700459937792,6827,6,36264,11,2020,-14227.58
2949166700459937792,6827,6,36264,12,2020,-10998.61
2949663882990292992,5743,8,55100,1,2020,-714.81
2949663882990292992,5743,8,55100,2,2020,2640.5
2949663882990292992,5743,8,55100,3,2020,5000.37
2949663882990292992,5743,8,55100,4,2020,3989.82
2949663882990292992,5743,8,55100,5,2020,3423.11
2949663882990292992,5743,8,55100,6,2020,3451.84
2949663882990292992,5743,8,55100,7,2020,1442.95
2949663882990292992,5743,8,55100,8,2020,1834.63
2949663882990292992,5743,8,55100,9,2020,1834.63
2949663882990292992,5743,8,55100,10,2020,398.94
2949663882990292992,5743,8,55100,11,2020,97.01
2949663882990292992,5743,8,55100,12,2020,5558.57
2950790175869649408,1404,4,62987,1,2020,1236.13
2950790175869649408,1404,4,62987,2,2020,1236.13
2950790175869649408,1404,4,62987,3,2020,1260.75
2950790175869649408,1404,4,62987,4,2020,1260.75
2950790175869649408,1404,4,62987,5,2020,472.26
2950790175869649408,1404,4,62987,6,2020,-1299.08
2950790175869649408,1404,4,62987,7,2020,-1299.08
2950790175869649408,1404,4,62987,8,2020,-655.15
2950790175869649408,1404,4,62987,9,2020,544.8
2950790175869649408,1404,4,62987,10,2020,-360.7
2950790175869649408,1404,4,62987,11,2020,-360.7
2950790175869649408,1404,4,62987,12,2020,-425.88
2951087985308170240,2798,8,92384,1,2020,-3387.08
2951087985308170240,2798,8,92384,2,2020,-5723.96
2951087985308170240,2798,8,92384,3,2020,-2559.59
2951087985308170240,2798,8,92384,4,2020,-6459.84
2951087985308170240,2798,8,92384,5,2020,-4582.72
2951087985308170240,2798,8,92384,6,2020,-9230.85
2951087985308170240,2798,8,92384,7,2020,-3412.86
2951087985308170240,2798,8,92384,8,2020,533.46
2951087985308170240,2798,8,92384,9,2020,3087.59
2951087985308170240,2798,8,92384,10,2020,-2360.13
2951087985308170240,2798,8,92384,11,2020,-23.91
2951087985308170240,2798,8,92384,12,2020,-5435.54
2953253088711503872,2735,7,84934,1,2020,3131.4
2953253088711503872,2735,7,84934,2,2020,11055.5
2953253088711503872,2735,7,84934,3,2020,9255.58
2953253088711503872,2735,7,84934,4,2020,6658.78
2953253088711503872,2735,7,84934,5,2020,16156.26
2953253088711503872,2735,7,84934,6,2020,10076.79
2953253088711503872,2735,7,84934,7,2020,9922.09
2953253088711503872,2735,7,84934,8,2020,1841.33
2953253088711503872,2735,7,84934,9,2020,2433.14
2953253088711503872,2735,7,84934,10,2020,4018.33
2953253088711503872,2735,7,84934,11,2020,6251.66
2953253088711503872,2735,7,84934,12,2020,12828.06
2953728048780692992,5562,5,678,1,2020,-2246.66
2953728048780692992,5562,5,678,2,2020,-633.84
2953728048780692992,5562,5,678,3,2020,1227.54
2953728048780692992,5562,5,678,4,2020,4330.31
2953728048780692992,5562,5,678,5,2020,5580.14
2953728048780692992,5562,5,678,6,2020,6211.55
2953728048780692992,5562,5,678,7,2020,6366.36
2953728048780692992,5562,5,678,8,2020,8268.35
2953728048780692992,5562,5,678,9,2020,6216.33
2953728048780692992,5562,5,678,10,2020,5127.4
2953728048780692992,5562,5,678,11,2020,7494.43
2953728048780692992,5562,5,678,12,2020,9349.09
2954357458117190144,9377,2,73960,1,2020,-253.93
2954357458117190144,9377,2,73960,2,2020,1429.68
2954357458117190144,9377,2,73960,3,2020,377.86
2954357458117190144,9377,2,73960,4,2020,-2679.73
