2487731668578069504,8189,8,13878,3,2020,2342.14
2487731668578069504,8189,8,13878,4,2020,2040.1
2487731668578069504,8189,8,13878,5,2020,3430.93
2487731668578069504,8189,8,13878,6,2020,9449.34
2487731668578069504,8189,8,13878,7,2020,9065.43
2487731668578069504,8189,8,13878,8,2020,7962.08
2487731668578069504,8189,8,13878,9,2020,7274.24
2487731668578069504,8189,8,13878,10,2020,3435.59
2487731668578069504,8189,8,13878,11,2020,958.87
2487731668578069504,8189,8,13878,12,2020,5244.01
2490072617901655552,245,6,67764,1,2020,-7404.79
2490072617901655552,245,6,67764,2,2020,-4124.76
2490072617901655552,245,6,67764,3,2020,474.45
2490072617901655552,245,6,67764,4,2020,-4208.63
2490072617901655552,245,6,67764,5,2020,-8819.51
2490072617901655552,245,6,67764,6,2020,-1818.68
2490072617901655552,245,6,67764,7,2020,-7925.15
2490072617901655552,245,6,67764,8,2020,-5786.17
2490072617901655552,245,6,67764,9,2020,-6979.64
2490072617901655552,245,6,67764,10,2020,-11963.56
2490072617901655552,245,6,67764,11,2020,-17704.4
2490072617901655552,245,6,67764,12,2020,-8649.99
2490096561452301824,6187,8,42375,1,2020,-2593.18
2490096561452301824,6187,8,42375,2,2020,429.1
2490096561452301824,6187,8,42375,3,2020,4999.68
2490096561452301824,6187,8,42375,4,2020,10801.1
2490096561452301824,6187,8,42375,5,2020,12213.26
2490096561452301824,6187,8,42375,6,2020,6334.38
2490096561452301824,6187,8,42375,7,2020,9971.53
2490096561452301824,6187,8,42375,8,2020,10512.3
2490096561452301824,6187,8,42375,9,2020,15761.84
2490096561452301824,6187,8,42375,10,2020,8081.84
2490096561452301824,6187,8,42375,11,2020,9254.72
2490096561452301824,6187,8,42375,12,2020,12506.65
2491519743964167680,3641,8,8134,1,2020,-936.13
2491519743964167680,3641,8,8134,2,2020,1222.32
2491519743964167680,3641,8,8134,3,2020,4561.82
2491519743964167680,3641,8,8134,4,2020,3177.92
2491519743964167680,3641,8,8134,5,2020,8597.52
2491519743964167680,3641,8,8134,6,2020,13081.56
2491519743964167680,3641,8,8134,7,2020,19932.05
2491519743964167680,3641,8,8134,8,2020,22297.9
2491519743964167680,3641,8,8134,9,2020,32423.5
2491519743964167680,3641,8,8134,10,2020,33573.03
2491519743964167680,3641,8,8134,11,2020,25618.1
2491519743964167680,3641,8,8134,12,2020,26057.47
249195818884389568,8693,1,97881,1,2020,2567.29
249195818884389568,8693,1,97881,2,2020,-1832.58
249195818884389568,8693,1,97881,3,2020,382.76
249195818884389568,8693,1,97881,4,2020,-686.46
249195818884389568,8693,1,97881,5,2020,-4340.87
249195818884389568,8693,1,97881,6,2020,-3563.33
249195818884389568,8693,1,97881,7,2020,-6510.31
249195818884389568,8693,1,97881,8,2020,-1983.2
249195818884389568,8693,1,97881,9,2020,-3207.37
249195818884389568,8693,1,97881,10,2020,-4137.69
249195818884389568,8693,1,97881,11,2020,-2250.55
249195818884389568,8693,1,97881,12,2020,-2572.9
2492420154834317312,6714,6,64797,1,2020,493.11
2492420154834317312,6714,6,64797,2,2020,2499.46
2492420154834317312,6714,6,64797,3,2020,1429.49
2492420154834317312,6714,6,64797,4,2020,-503.71
2492420154834317312,6714,6,64797,5,2020,-1764.07
2492420154834317312,6714,6,64797,6,2020,4629.11
2492420154834317312,6714,6,64797,7,2020,6137.05
2492420154834317312,6714,6,64797,8,2020,5769.92
2492420154834317312,6714,6,64797,9,2020,4868.47
2492420154834317312,6714,6,64797,10,2020,2299.56
2492420154834317312,6714,6,64797,11,2020,1158.16
2492420154834317312,6714,6,64797,12,2020,-2925.77
249383402739336896,9844,3,26661,1,2020,1292.72
249383402739336896,9844,3,26661,2,2020,10376.64
249383402739336896,9844,3,26661,3,2020,12185.03
249383402739336896,9844,3,26661,4,2020,15431.51
249383402739336896,9844,3,26661,5,2020,6502.21
249383402739336896,9844,3,26661,6,2020,181.88
249383402739336896,9844,3,26661,7,2020,6000.81
249383402739336896,9844,3,26661,8,2020,3442.23
249383402739336896,9844,3,26661,9,2020,2679.82
249383402739336896,9844,3,26661,10,2020,-924.08
249383402739336896,9844,3,26661,11,2020,-2903.28
249383402739336896,9844,3,26661,12,2020,-4482.29
2493893237046748672,544,8,76677,1,2020,-521.55
2493893237046748672,544,8,76677,2,2020,-1249.72
2493893237046748672,544,8,76677,3,2020,-2203.88
2493893237046748672,544,8,76677,4,2020,-798.73
2493893237046748672,544,8,76677,5,2020,-798.73
2493893237046748672,544,8,76677,6,2020,-2055.7
2493893237046748672,544,8,76677,7,2020,-3597.68
2493893237046748672,544,8,76677,8,2020,-2188.28
2493893237046748672,544,8,76677,9,2020,-1105.05
2493893237046748672,544,8,76677,10,2020,10.83
2493893237046748672,544,8,76677,11,2020,516.65
2493893237046748672,544,8,76677,12,2020,516.65
2494111648573008384,1422,7,31211,1,2020,-1383.3
2494111648573008384,1422,7,31211,2,2020,-1016.52
2494111648573008384,1422,7,31211,3,2020,-878.2
2494111648573008384,1422,7,31211,4,2020,-1260.02
2494111648573008384,1422,7,31211,5,2020,2234.99
2494111648573008384,1422,7,31211,6,2020,4635.88
2494111648573008384,1422,7,31211,7,2020,919.89
2494111648573008384,1422,7,31211,8,2020,-4711.37
2494111648573008384,1422,7,31211,9,2020,-3301.82
2494111648573008384,1422,7,31211,10,2020,-5761.53
2494111648573008384,1422,7,31211,11,2020,-6760.99
2494111648573008384,1422,7,31211,12,2020,-7410.54
2494207371562749952,8741,7,46611,1,2020,3792.93
2494207371562749952,8741,7,46611,2,2020,1762.02
2494207371562749952,8741,7,46611,3,2020,2427.34
2494207371562749952,8741,7,46611,4,2020,-2431.73
2494207371562749952,8741,7,46611,5,2020,-3758.83
2494207371562749952,8741,7,46611,6,2020,575.72
2494207371562749952,8741,7,46611,7,2020,4117.94
2494207371562749952,8741,7,46611,8,2020,3925.1
2494207371562749952,8741,7,46611,9,2020,5808.15
2494207371562749952,8741,7,46611,10,2020,2865.49
2494207371562749952,8741,7,46611,11,2020,5844.57
2494207371562749952,8741,7,46611,12,2020,205.76
2494637683717784064,2156,6,48571,1,2020,0.0
2494637683717784064,2156,6,48571,2,2020,-1024.79
2494637683717784064,2156,6,48571,3,2020,467.95
2494637683717784064,2156,6,48571,4,2020,969.13
2494637683717784064,2156,6,48571,5,2020,3390.61
2494637683717784064,2156,6,48571,6,2020,4450.07
2494637683717784064,2156,6,48571,7,2020,3141.43
2494637683717784064,2156,6,48571,8,2020,5853.54
2494637683717784064,2156,6,48571,9,2020,7816.19
2494637683717784064,2156,6,48571,10,2020,5168.03
2494637683717784064,2156,6,48571,11,2020,5168.03
2494637683717784064,2156,6,48571,12,2020,6345.15
2495660682553779712,2862,8,99733,1,2020,952.63
2495660682553779712,2862,8,99733,2,2020,-3464.9
2495660682553779712,2862,8,99733,3,2020,-5303.9
2495660682553779712,2862,8,99733,4,2020,-8952.88
2495660682553779712,2862,8,99733,5,2020,-9529.11
2495660682553779712,2862,8,99733,6,2020,-13771.74
2495660682553779712,2862,8,99733,7,2020,-11281.03
2495660682553779712,2862,8,99733,8,2020,-14887.79
2495660682553779712,2862,8,99733,9,2020,-16652.81
2495660682553779712,2862,8,99733,10,2020,-15525.81
2495660682553779712,2862,8,99733,11,2020,-18306.2
2495660682553779712,2862,8,99733,12,2020,-17586.85
2495706809555454464,183,8,319,1,2020,117.92
2495706809555454464,183,8,319,2,2020,1161.68
2495706809555454464,183,8,319,3,2020,-3594.44
2495706809555454464,183,8,319,4,2020,-4640.7
2495706809555454464,183,8,319,5,2020,-4663.17
2495706809555454464,183,8,319,6,2020,-4915.96
2495706809555454464,183,8,319,7,2020,-6826.27
2495706809555454464,183,8,319,8,2020,-11794.61
2495706809555454464,183,8,319,9,2020,-6670.61
2495706809555454464,183,8,319,10,2020,-5834.84
2495706809555454464,183,8,319,11,2020,-2494.36
2495706809555454464,183,8,319,12,2020,-4711.41
2496235397536089600,6136,6,92809,1,2020,0.0
2496235397536089600,6136,6,92809,2,2020,0.0
2496235397536089600,6136,6,92809,3,2020,-104.29
2496235397536089600,6136,6,92809,4,2020,-104.29
2496235397536089600,6136,6,92809,5,2020,-104.29
2496235397536089600,6136,6,92809,6,2020,-104.29
2496235397536089600,6136,6,92809,7,2020,-104.29
2496235397536089600,6136,6,92809,8,2020,-104.29
2496235397536089600,6136,6,92809,9,2020,-1971.13
2496235397536089600,6136,6,92809,10,2020,-483.95
2496235397536089600,6136,6,92809,11,2020,-1411.85
2496235397536089600,6136,6,92809,12,2020,-1411.85
249682909731872992,9106,6,98780,1,2020,1100.63
249682909731872992,9106,6,98780,2,2020,457.91
249682909731872992,9106,6,98780,3,2020,300.9
249682909731872992,9106,6,98780,4,2020,-1729.4
249682909731872992,9106,6,98780,5,2020,-3166.04
249682909731872992,9106,6,98780,6,2020,-4601.51
249682909731872992,9106,6,98780,7,2020,-1785.48
249682909731872992,9106,6,98780,8,2020,-50.2
249682909731872992,9106,6,98780,9,2020,3438.11
249682909731872992,9106,6,98780,10,2020,-591.58
249682909731872992,9106,6,98780,11,2020,3275.44
249682909731872992,9106,6,98780,12,2020,2236.04
2497643037442694656,548,7,11399,1,2020,0.0
2497643037442694656,548,7,11399,2,2020,0.0
2497643037442694656,548,7,11399,3,2020,0.0
2497643037442694656,548,7,11399,4,2020,0.0
2497643037442694656,548,7,11399,5,2020,0.0
2497643037442694656,548,7,11399,6,2020,0.0
2497643037442694656,548,7,11399,7,2020,460.68
2497643037442694656,548,7,11399,8,2020,1648.31
2497643037442694656,548,7,11399,9,2020,1648.31
2497643037442694656,548,7,11399,10,2020,1648.31
2497643037442694656,548,7,11399,11,2020,1648.31
2497643037442694656,548,7,11399,12,2020,1648.31
2497871227268828672,696,1,82349,1,2020,2493.21
2497871227268828672,696,1,82349,2,2020,5412.55
2497871227268828672,696,1,82349,3,2020,6298.34
2497871227268828672,696,1,82349,4,2020,5942.86
2497871227268828672,696,1,82349,5,2020,7700.18
2497871227268828672,696,1,82349,6,2020,7618.66
2497871227268828672,696,1,82349,7,2020,4734.26
2497871227268828672,696,1,82349,8,2020,2047.06
2497871227268828672,696,1,82349,9,2020,4132.74
2497871227268828672,696,1,82349,10,2020,-2604.36
2497871227268828672,696,1,82349,11,2020,-5227.09
2497871227268828672,696,1,82349,12,2020,-7606.05
2497927370217774592,5493,9,4879,1,2020,-5985.06
2497927370217774592,5493,9,4879,2,2020,-3117.74
2497927370217774592,5493,9,4879,3,2020,-5028.77
2497927370217774592,5493,9,4879,4,2020,-4359.87
2497927370217774592,5493,9,4879,5,2020,-8393.28
2497927370217774592,5493,9,4879,6,2020,-11568.91
2497927370217774592,5493,9,4879,7,2020,-19466.96
2497927370217774592,5493,9,4879,8,2020,-23015.83
2497927370217774592,5493,9,4879,9,2020,-21537.05
2497927370217774592,5493,9,4879,10,2020,-20268.38
2497927370217774592,5493,9,4879,11,2020,-19276.98
2497927370217774592,5493,9,4879,12,2020,-19423.27
2498045472837332992,7801,5,66677,1,2020,2742.35
2498045472837332992,7801,5,66677,2,2020,294.15
2498045472837332992,7801,5,66677,3,2020,-549.45
2498045472837332992,7801,5,66677,4,2020,-1801.91
2498045472837332992,7801,5,66677,5,2020,-646.96
2498045472837332992,7801,5,66677,6,2020,-3195.84
2498045472837332992,7801,5,66677,7,2020,-2386.22
2498045472837332992,7801,5,66677,8,2020,-3177.11
2498045472837332992,7801,5,66677,9,2020,-2810.83
2498045472837332992,7801,5,66677,10,2020,-2598.54
2498045472837332992,7801,5,66677,11,2020,-2223.73
2498045472837332992,7801,5,66677,12,2020,-1226.7
2498256617742617088,4795,5,9705,1,2020,3742.98
2498256617742617088,4795,5,9705,2,2020,4815.74
2498256617742617088,4795,5,9705,3,2020,1635.8
2498256617742617088,4795,5,9705,4,2020,1277.64
2498256617742617088,4795,5,9705,5,2020,-4611.06
2498256617742617088,4795,5,9705,6,2020,-5897.84
2498256617742617088,4795,5,9705,7,2020,-2870.21
2498256617742617088,4795,5,9705,8,2020,-5103.38
2498256617742617088,4795,5,9705,9,2020,-8289.06
2498256617742617088,4795,5,9705,10,2020,-8354.76
2498256617742617088,4795,5,9705,11,2020,-10407.74
2498256617742617088,4795,5,9705,12,2020,-13631.28
2499438733042070016,6475,6,28423,1,2020,5879.24
2499438733042070016,6475,6,28423,2,2020,9734.13
2499438733042070016,6475,6,28423,3,2020,11747.27
2499438733042070016,6475,6,28423,4,2020,8613.74
2499438733042070016,6475,6,28423,5,2020,10664.04
