381318006776968896,3052,6,87003,9,2020,-4740.31
381318006776968896,3052,6,87003,10,2020,-5789.12
381318006776968896,3052,6,87003,11,2020,-8834.95
381318006776968896,3052,6,87003,12,2020,-8022.26
381929360234491840,8347,3,62428,1,2020,0.0
381929360234491840,8347,3,62428,2,2020,-1070.13
381929360234491840,8347,3,62428,3,2020,-1070.13
381929360234491840,8347,3,62428,4,2020,-1070.13
381929360234491840,8347,3,62428,5,2020,-39.16
381929360234491840,8347,3,62428,6,2020,-39.16
381929360234491840,8347,3,62428,7,2020,-39.16
381929360234491840,8347,3,62428,8,2020,-39.16
381929360234491840,8347,3,62428,9,2020,-39.16
381929360234491840,8347,3,62428,10,2020,-39.16
381929360234491840,8347,3,62428,11,2020,-39.16
381929360234491840,8347,3,62428,12,2020,-898.9
383541973118844736,840,0,60953,1,2020,-678.99
383541973118844736,840,0,60953,2,2020,-7093.38
383541973118844736,840,0,60953,3,2020,-7393.64
383541973118844736,840,0,60953,4,2020,-13864.75
383541973118844736,840,0,60953,5,2020,-13642.28
383541973118844736,840,0,60953,6,2020,-9615.87
383541973118844736,840,0,60953,7,2020,-9363.14
383541973118844736,840,0,60953,8,2020,-8510.83
383541973118844736,840,0,60953,9,2020,-6652.45
383541973118844736,840,0,60953,10,2020,-7918.54
383541973118844736,840,0,60953,11,2020,-14663.68
383541973118844736,840,0,60953,12,2020,-25738.22
383773306591662976,7469,4,80344,1,2020,-495.67
383773306591662976,7469,4,80344,2,2020,6164.83
383773306591662976,7469,4,80344,3,2020,10564.95
383773306591662976,7469,4,80344,4,2020,6708.73
383773306591662976,7469,4,80344,5,2020,13867.79
383773306591662976,7469,4,80344,6,2020,9147.35
383773306591662976,7469,4,80344,7,2020,10444.54
383773306591662976,7469,4,80344,8,2020,6951.44
383773306591662976,7469,4,80344,9,2020,4037.01
383773306591662976,7469,4,80344,10,2020,4497.46
383773306591662976,7469,4,80344,11,2020,1086.01
383773306591662976,7469,4,80344,12,2020,-1334.05
384668062822863808,7410,2,38871,1,2020,2219.12
384668062822863808,7410,2,38871,2,2020,-1351.31
384668062822863808,7410,2,38871,3,2020,-4183.2
384668062822863808,7410,2,38871,4,2020,-17394.78
384668062822863808,7410,2,38871,5,2020,-14763.61
384668062822863808,7410,2,38871,6,2020,-18610.44
384668062822863808,7410,2,38871,7,2020,-24511.22
384668062822863808,7410,2,38871,8,2020,-20217.44
384668062822863808,7410,2,38871,9,2020,-31404.94
384668062822863808,7410,2,38871,10,2020,-40022.28
384668062822863808,7410,2,38871,11,2020,-42734.45
384668062822863808,7410,2,38871,12,2020,-44438.87
385799180483035200,5158,7,95981,1,2020,-641.9
385799180483035200,5158,7,95981,2,2020,1547.87
385799180483035200,5158,7,95981,3,2020,1980.34
385799180483035200,5158,7,95981,4,2020,-3844.33
385799180483035200,5158,7,95981,5,2020,-1975.01
385799180483035200,5158,7,95981,6,2020,-5058.46
385799180483035200,5158,7,95981,7,2020,-7404.46
385799180483035200,5158,7,95981,8,2020,-5213.53
385799180483035200,5158,7,95981,9,2020,-3927.0
385799180483035200,5158,7,95981,10,2020,-1940.89
385799180483035200,5158,7,95981,11,2020,248.72
385799180483035200,5158,7,95981,12,2020,3160.51
386179698669043072,2064,2,80450,1,2020,-727.97
386179698669043072,2064,2,80450,2,2020,5642.68
386179698669043072,2064,2,80450,3,2020,7740.38
386179698669043072,2064,2,80450,4,2020,15835.74
386179698669043072,2064,2,80450,5,2020,17234.1
386179698669043072,2064,2,80450,6,2020,14332.62
386179698669043072,2064,2,80450,7,2020,8811.26
386179698669043072,2064,2,80450,8,2020,11649.7
386179698669043072,2064,2,80450,9,2020,10293.57
386179698669043072,2064,2,80450,10,2020,10187.04
386179698669043072,2064,2,80450,11,2020,9904.55
386179698669043072,2064,2,80450,12,2020,7541.33
38699651908488984,8171,3,8746,1,2020,2426.87
38699651908488984,8171,3,8746,2,2020,1386.12
38699651908488984,8171,3,8746,3,2020,946.35
38699651908488984,8171,3,8746,4,2020,2700.64
38699651908488984,8171,3,8746,5,2020,2842.6
38699651908488984,8171,3,8746,6,2020,279.83
38699651908488984,8171,3,8746,7,2020,-647.29
38699651908488984,8171,3,8746,8,2020,2786.97
38699651908488984,8171,3,8746,9,2020,5005.34
38699651908488984,8171,3,8746,10,2020,7740.45
38699651908488984,8171,3,8746,11,2020,8469.94
38699651908488984,8171,3,8746,12,2020,12355.81
387046261448225856,4036,3,13496,1,2020,6170.91
387046261448225856,4036,3,13496,2,2020,6118.01
387046261448225856,4036,3,13496,3,2020,9722.57
387046261448225856,4036,3,13496,4,2020,17533.85
387046261448225856,4036,3,13496,5,2020,18116.16
387046261448225856,4036,3,13496,6,2020,9831.19
387046261448225856,4036,3,13496,7,2020,12788.04
387046261448225856,4036,3,13496,8,2020,25650.06
387046261448225856,4036,3,13496,9,2020,21217.39
387046261448225856,4036,3,13496,10,2020,21832.8
387046261448225856,4036,3,13496,11,2020,26078.23
387046261448225856,4036,3,13496,12,2020,30608.54
387949696053654848,2673,1,81210,1,2020,3515.25
387949696053654848,2673,1,81210,2,2020,3163.52
387949696053654848,2673,1,81210,3,2020,5329.45
387949696053654848,2673,1,81210,4,2020,3377.43
387949696053654848,2673,1,81210,5,2020,3377.43
387949696053654848,2673,1,81210,6,2020,5880.37
387949696053654848,2673,1,81210,7,2020,11253.01
387949696053654848,2673,1,81210,8,2020,15028.14
387949696053654848,2673,1,81210,9,2020,17288.85
387949696053654848,2673,1,81210,10,2020,17612.32
387949696053654848,2673,1,81210,11,2020,19027.02
387949696053654848,2673,1,81210,12,2020,19882.25
388200785586446080,2970,6,81720,1,2020,5725.38
388200785586446080,2970,6,81720,2,2020,11059.99
388200785586446080,2970,6,81720,3,2020,8756.06
388200785586446080,2970,6,81720,4,2020,6229.66
388200785586446080,2970,6,81720,5,2020,12101.58
388200785586446080,2970,6,81720,6,2020,6806.09
388200785586446080,2970,6,81720,7,2020,2194.33
388200785586446080,2970,6,81720,8,2020,7805.18
388200785586446080,2970,6,81720,9,2020,8259.16
388200785586446080,2970,6,81720,10,2020,14481.18
388200785586446080,2970,6,81720,11,2020,12084.89
388200785586446080,2970,6,81720,12,2020,11943.34
390555007529522752,9603,4,11260,1,2020,-5366.23
390555007529522752,9603,4,11260,2,2020,-2232.98
390555007529522752,9603,4,11260,3,2020,-5058.75
390555007529522752,9603,4,11260,4,2020,-13576.11
390555007529522752,9603,4,11260,5,2020,-10837.85
390555007529522752,9603,4,11260,6,2020,-8844.02
390555007529522752,9603,4,11260,7,2020,-4857.48
390555007529522752,9603,4,11260,8,2020,-5327.16
390555007529522752,9603,4,11260,9,2020,-7294.0
390555007529522752,9603,4,11260,10,2020,-14850.69
390555007529522752,9603,4,11260,11,2020,-13113.7
390555007529522752,9603,4,11260,12,2020,-9771.56
390619132085653696,6841,8,63024,1,2020,-7004.02
390619132085653696,6841,8,63024,2,2020,-10901.22
390619132085653696,6841,8,63024,3,2020,-14027.94
390619132085653696,6841,8,63024,4,2020,-16713.3
390619132085653696,6841,8,63024,5,2020,-14848.58
390619132085653696,6841,8,63024,6,2020,-21001.65
390619132085653696,6841,8,63024,7,2020,-22082.02
390619132085653696,6841,8,63024,8,2020,-26068.7
390619132085653696,6841,8,63024,9,2020,-24359.72
390619132085653696,6841,8,63024,10,2020,-23412.5
390619132085653696,6841,8,63024,11,2020,-24489.83
390619132085653696,6841,8,63024,12,2020,-22556.96
392242169181139264,4959,5,61376,1,2020,-5279.72
392242169181139264,4959,5,61376,2,2020,-1893.31
392242169181139264,4959,5,61376,3,2020,-4794.76
392242169181139264,4959,5,61376,4,2020,-1077.28
392242169181139264,4959,5,61376,5,2020,-3798.17
392242169181139264,4959,5,61376,6,2020,-2375.22
392242169181139264,4959,5,61376,7,2020,-951.34
392242169181139264,4959,5,61376,8,2020,-153.08
392242169181139264,4959,5,61376,9,2020,3368.24
392242169181139264,4959,5,61376,10,2020,1244.59
392242169181139264,4959,5,61376,11,2020,708.82
392242169181139264,4959,5,61376,12,2020,2981.79
392623054795947136,6598,3,48908,1,2020,-2588.62
392623054795947136,6598,3,48908,2,2020,-8202.44
392623054795947136,6598,3,48908,3,2020,-9234.98
392623054795947136,6598,3,48908,4,2020,-16913.93
392623054795947136,6598,3,48908,5,2020,-11383.49
392623054795947136,6598,3,48908,6,2020,-4544.26
392623054795947136,6598,3,48908,7,2020,-5523.9
392623054795947136,6598,3,48908,8,2020,-14251.16
392623054795947136,6598,3,48908,9,2020,-11633.22
392623054795947136,6598,3,48908,10,2020,-9781.17
392623054795947136,6598,3,48908,11,2020,-8405.03
392623054795947136,6598,3,48908,12,2020,-97.43
392771088176991296,7507,2,95935,1,2020,2165.99
392771088176991296,7507,2,95935,2,2020,-2371.75
392771088176991296,7507,2,95935,3,2020,-5673.59
392771088176991296,7507,2,95935,4,2020,-1761.79
392771088176991296,7507,2,95935,5,2020,-1142.94
392771088176991296,7507,2,95935,6,2020,-7063.3
392771088176991296,7507,2,95935,7,2020,-8268.4
392771088176991296,7507,2,95935,8,2020,-1585.24
392771088176991296,7507,2,95935,9,2020,-6431.41
392771088176991296,7507,2,95935,10,2020,-4112.63
392771088176991296,7507,2,95935,11,2020,-9203.23
392771088176991296,7507,2,95935,12,2020,6837.75
394786190154085568,8118,5,92218,1,2020,5286.54
394786190154085568,8118,5,92218,2,2020,3031.93
394786190154085568,8118,5,92218,3,2020,6727.05
394786190154085568,8118,5,92218,4,2020,6376.32
394786190154085568,8118,5,92218,5,2020,3907.91
394786190154085568,8118,5,92218,6,2020,1081.73
394786190154085568,8118,5,92218,7,2020,2022.77
394786190154085568,8118,5,92218,8,2020,3519.62
394786190154085568,8118,5,92218,9,2020,-1509.15
394786190154085568,8118,5,92218,10,2020,-703.05
394786190154085568,8118,5,92218,11,2020,2295.31
394786190154085568,8118,5,92218,12,2020,5390.54
394967025458044544,3892,1,49853,1,2020,-1159.45
394967025458044544,3892,1,49853,2,2020,4871.53
394967025458044544,3892,1,49853,3,2020,396.56
394967025458044544,3892,1,49853,4,2020,-11183.93
394967025458044544,3892,1,49853,5,2020,-14961.84
394967025458044544,3892,1,49853,6,2020,-11812.09
394967025458044544,3892,1,49853,7,2020,-1374.35
394967025458044544,3892,1,49853,8,2020,6698.82
394967025458044544,3892,1,49853,9,2020,6569.27
394967025458044544,3892,1,49853,10,2020,4597.25
394967025458044544,3892,1,49853,11,2020,6266.62
394967025458044544,3892,1,49853,12,2020,12215.52
400419481087438336,6182,7,16108,1,2020,-3447.01
400419481087438336,6182,7,16108,2,2020,-5717.62
400419481087438336,6182,7,16108,3,2020,1542.05
400419481087438336,6182,7,16108,4,2020,7934.4
400419481087438336,6182,7,16108,5,2020,4278.48
400419481087438336,6182,7,16108,6,2020,5609.97
400419481087438336,6182,7,16108,7,2020,6492.64
400419481087438336,6182,7,16108,8,2020,15091.89
400419481087438336,6182,7,16108,9,2020,12357.75
400419481087438336,6182,7,16108,10,2020,11110.13
400419481087438336,6182,7,16108,11,2020,11561.73
400419481087438336,6182,7,16108,12,2020,12714.49
400500465805423168,3406,6,21167,1,2020,8046.1
400500465805423168,3406,6,21167,2,2020,6070.09
400500465805423168,3406,6,21167,3,2020,10582.75
400500465805423168,3406,6,21167,4,2020,5936.76
400500465805423168,3406,6,21167,5,2020,5275.62
400500465805423168,3406,6,21167,6,2020,3479.32
400500465805423168,3406,6,21167,7,2020,5687.32
400500465805423168,3406,6,21167,8,2020,3327.91
400500465805423168,3406,6,21167,9,2020,24.78
400500465805423168,3406,6,21167,10,2020,5800.74
400500465805423168,3406,6,21167,11,2020,10591.49
400500465805423168,3406,6,21167,12,2020,9212.31
400545390962560448,2,8,86036,1,2020,-1050.01
400545390962560448,2,8,86036,2,2020,-9103.5
400545390962560448,2,8,86036,3,2020,-12123.08
400545390962560448,2,8,86036,4,2020,-11231.29
400545390962560448,2,8,86036,5,2020,3089.89
400545390962560448,2,8,86036,6,2020,-3548.01
400545390962560448,2,8,86036,7,2020,-2747.79
400545390962560448,2,8,86036,8,2020,-1451.9
400545390962560448,2,8,86036,9,2020,-9600.49
