662267027644877312,1664,2,36582,5,2020,-1899.67
662267027644877312,1664,2,36582,6,2020,-1899.67
662267027644877312,1664,2,36582,7,2020,-1899.67
662267027644877312,1664,2,36582,8,2020,-1984.68
662267027644877312,1664,2,36582,9,2020,-3631.51
662267027644877312,1664,2,36582,10,2020,-5162.89
662267027644877312,1664,2,36582,11,2020,-5162.89
662267027644877312,1664,2,36582,12,2020,-4960.11
66229395359203944,9086,3,66682,1,2020,1157.33
66229395359203944,9086,3,66682,2,2020,1513.68
66229395359203944,9086,3,66682,3,2020,3891.89
66229395359203944,9086,3,66682,4,2020,3891.89
66229395359203944,9086,3,66682,5,2020,2597.4
66229395359203944,9086,3,66682,6,2020,2597.4
66229395359203944,9086,3,66682,7,2020,1844.12
66229395359203944,9086,3,66682,8,2020,1844.12
66229395359203944,9086,3,66682,9,2020,3379.61
66229395359203944,9086,3,66682,10,2020,3379.61
66229395359203944,9086,3,66682,11,2020,3379.61
66229395359203944,9086,3,66682,12,2020,2927.0
662332483855393408,1615,8,67882,1,2020,2631.8
662332483855393408,1615,8,67882,2,2020,8186.98
662332483855393408,1615,8,67882,3,2020,5619.3
662332483855393408,1615,8,67882,4,2020,4056.92
662332483855393408,1615,8,67882,5,2020,1991.7
662332483855393408,1615,8,67882,6,2020,-1714.79
662332483855393408,1615,8,67882,7,2020,-1815.19
662332483855393408,1615,8,67882,8,2020,-5095.5
662332483855393408,1615,8,67882,9,2020,-3710.95
662332483855393408,1615,8,67882,10,2020,-4059.28
662332483855393408,1615,8,67882,11,2020,-4313.19
662332483855393408,1615,8,67882,12,2020,-5484.6
663008063645259648,7899,0,59507,1,2020,-3923.42
663008063645259648,7899,0,59507,2,2020,-5603.09
663008063645259648,7899,0,59507,3,2020,-2590.34
663008063645259648,7899,0,59507,4,2020,-3528.92
663008063645259648,7899,0,59507,5,2020,-4374.97
663008063645259648,7899,0,59507,6,2020,-2618.8
663008063645259648,7899,0,59507,7,2020,-645.57
663008063645259648,7899,0,59507,8,2020,-2912.48
663008063645259648,7899,0,59507,9,2020,-2661.97
663008063645259648,7899,0,59507,10,2020,-2293.01
663008063645259648,7899,0,59507,11,2020,-1650.49
663008063645259648,7899,0,59507,12,2020,2669.42
66384040439454344,3676,8,25177,1,2020,-1970.35
66384040439454344,3676,8,25177,2,2020,-3802.04
66384040439454344,3676,8,25177,3,2020,-5014.73
66384040439454344,3676,8,25177,4,2020,-4606.51
66384040439454344,3676,8,25177,5,2020,-2615.73
66384040439454344,3676,8,25177,6,2020,-4175.17
66384040439454344,3676,8,25177,7,2020,-4880.88
66384040439454344,3676,8,25177,8,2020,-3602.31
66384040439454344,3676,8,25177,9,2020,-3219.96
66384040439454344,3676,8,25177,10,2020,-4777.83
66384040439454344,3676,8,25177,11,2020,-4722.96
66384040439454344,3676,8,25177,12,2020,-3513.45
663865810234435840,490,5,50416,1,2020,-11624.38
663865810234435840,490,5,50416,2,2020,-8247.08
663865810234435840,490,5,50416,3,2020,-4256.3
663865810234435840,490,5,50416,4,2020,-6104.78
663865810234435840,490,5,50416,5,2020,-7097.78
663865810234435840,490,5,50416,6,2020,-9834.25
663865810234435840,490,5,50416,7,2020,-9236.83
663865810234435840,490,5,50416,8,2020,-2211.97
663865810234435840,490,5,50416,9,2020,1034.63
663865810234435840,490,5,50416,10,2020,5312.39
663865810234435840,490,5,50416,11,2020,8371.5
663865810234435840,490,5,50416,12,2020,7627.5
664458270754524416,4574,8,1855,1,2020,4667.2
664458270754524416,4574,8,1855,2,2020,1850.1
664458270754524416,4574,8,1855,3,2020,3740.28
664458270754524416,4574,8,1855,4,2020,-5755.31
664458270754524416,4574,8,1855,5,2020,-5451.66
664458270754524416,4574,8,1855,6,2020,-9489.97
664458270754524416,4574,8,1855,7,2020,-14600.97
664458270754524416,4574,8,1855,8,2020,-4678.89
664458270754524416,4574,8,1855,9,2020,-12200.47
664458270754524416,4574,8,1855,10,2020,-10298.57
664458270754524416,4574,8,1855,11,2020,-14087.5
664458270754524416,4574,8,1855,12,2020,-14350.21
664582005887549184,9801,1,72282,1,2020,-2085.16
664582005887549184,9801,1,72282,2,2020,-2715.74
664582005887549184,9801,1,72282,3,2020,-2931.25
664582005887549184,9801,1,72282,4,2020,-4979.58
664582005887549184,9801,1,72282,5,2020,-9041.9
664582005887549184,9801,1,72282,6,2020,-6747.2
664582005887549184,9801,1,72282,7,2020,-6151.62
664582005887549184,9801,1,72282,8,2020,-8360.33
664582005887549184,9801,1,72282,9,2020,-1522.69
664582005887549184,9801,1,72282,10,2020,-2582.76
664582005887549184,9801,1,72282,11,2020,-3323.93
664582005887549184,9801,1,72282,12,2020,-1258.91
665283314283462656,4355,7,54373,1,2020,-2297.78
665283314283462656,4355,7,54373,2,2020,6427.72
665283314283462656,4355,7,54373,3,2020,12648.25
665283314283462656,4355,7,54373,4,2020,9262.55
665283314283462656,4355,7,54373,5,2020,3988.33
665283314283462656,4355,7,54373,6,2020,5929.06
665283314283462656,4355,7,54373,7,2020,4809.78
665283314283462656,4355,7,54373,8,2020,11564.67
665283314283462656,4355,7,54373,9,2020,16880.15
665283314283462656,4355,7,54373,10,2020,14967.16
665283314283462656,4355,7,54373,11,2020,8525.56
665283314283462656,4355,7,54373,12,2020,14118.87
665608492301247104,2499,6,91187,1,2020,-706.42
665608492301247104,2499,6,91187,2,2020,-706.42
665608492301247104,2499,6,91187,3,2020,-706.42
665608492301247104,2499,6,91187,4,2020,-706.42
665608492301247104,2499,6,91187,5,2020,-706.42
665608492301247104,2499,6,91187,6,2020,-706.42
665608492301247104,2499,6,91187,7,2020,-706.42
665608492301247104,2499,6,91187,8,2020,-706.42
665608492301247104,2499,6,91187,9,2020,-706.42
665608492301247104,2499,6,91187,10,2020,-706.42
665608492301247104,2499,6,91187,11,2020,-706.42
665608492301247104,2499,6,91187,12,2020,310.22
665738565835560448,3010,4,22019,1,2020,-142.96
665738565835560448,3010,4,22019,2,2020,-917.1
665738565835560448,3010,4,22019,3,2020,-597.12
665738565835560448,3010,4,22019,4,2020,-1575.86
665738565835560448,3010,4,22019,5,2020,5756.5
665738565835560448,3010,4,22019,6,2020,6904.38
665738565835560448,3010,4,22019,7,2020,5567.79
665738565835560448,3010,4,22019,8,2020,5724.5
665738565835560448,3010,4,22019,9,2020,6552.69
665738565835560448,3010,4,22019,10,2020,4362.91
665738565835560448,3010,4,22019,11,2020,7736.65
665738565835560448,3010,4,22019,12,2020,6842.45
666052696990312576,2971,7,46439,1,2020,280.93
666052696990312576,2971,7,46439,2,2020,437.99
666052696990312576,2971,7,46439,3,2020,126.1
666052696990312576,2971,7,46439,4,2020,874.93
666052696990312576,2971,7,46439,5,2020,2988.42
666052696990312576,2971,7,46439,6,2020,3961.6
666052696990312576,2971,7,46439,7,2020,7106.22
666052696990312576,2971,7,46439,8,2020,5268.5
666052696990312576,2971,7,46439,9,2020,2975.62
666052696990312576,2971,7,46439,10,2020,1803.57
666052696990312576,2971,7,46439,11,2020,4257.86
666052696990312576,2971,7,46439,12,2020,7385.22
666454899306893568,2280,2,83268,1,2020,7595.99
666454899306893568,2280,2,83268,2,2020,7618.39
666454899306893568,2280,2,83268,3,2020,3064.33
666454899306893568,2280,2,83268,4,2020,2413.46
666454899306893568,2280,2,83268,5,2020,6817.82
666454899306893568,2280,2,83268,6,2020,9358.3
666454899306893568,2280,2,83268,7,2020,12853.59
666454899306893568,2280,2,83268,8,2020,11542.7
666454899306893568,2280,2,83268,9,2020,13489.72
666454899306893568,2280,2,83268,10,2020,5926.14
666454899306893568,2280,2,83268,11,2020,6583.49
666454899306893568,2280,2,83268,12,2020,6394.89
667087528604895360,4644,4,1515,1,2020,-3356.55
667087528604895360,4644,4,1515,2,2020,-2122.47
667087528604895360,4644,4,1515,3,2020,-217.25
667087528604895360,4644,4,1515,4,2020,5203.36
667087528604895360,4644,4,1515,5,2020,5979.38
667087528604895360,4644,4,1515,6,2020,8439.32
667087528604895360,4644,4,1515,7,2020,7946.03
667087528604895360,4644,4,1515,8,2020,8601.87
667087528604895360,4644,4,1515,9,2020,7377.56
667087528604895360,4644,4,1515,10,2020,7025.89
667087528604895360,4644,4,1515,11,2020,5953.19
667087528604895360,4644,4,1515,12,2020,5265.55
66757042819681304,228,6,35755,1,2020,1020.86
66757042819681304,228,6,35755,2,2020,-2260.84
66757042819681304,228,6,35755,3,2020,2517.0
66757042819681304,228,6,35755,4,2020,4673.96
66757042819681304,228,6,35755,5,2020,6538.26
66757042819681304,228,6,35755,6,2020,4849.94
66757042819681304,228,6,35755,7,2020,-2517.33
66757042819681304,228,6,35755,8,2020,1444.65
66757042819681304,228,6,35755,9,2020,-4883.24
66757042819681304,228,6,35755,10,2020,-3577.57
66757042819681304,228,6,35755,11,2020,-3606.32
66757042819681304,228,6,35755,12,2020,824.18
667573026116255616,6552,8,36317,1,2020,79.89
667573026116255616,6552,8,36317,2,2020,-3187.78
667573026116255616,6552,8,36317,3,2020,-9324.28
667573026116255616,6552,8,36317,4,2020,-10652.51
667573026116255616,6552,8,36317,5,2020,-13815.33
667573026116255616,6552,8,36317,6,2020,-12265.4
667573026116255616,6552,8,36317,7,2020,-9486.38
667573026116255616,6552,8,36317,8,2020,-13461.63
667573026116255616,6552,8,36317,9,2020,-9742.16
667573026116255616,6552,8,36317,10,2020,-14142.94
667573026116255616,6552,8,36317,11,2020,-13481.43
667573026116255616,6552,8,36317,12,2020,-13539.56
668769153649548160,6291,1,57642,1,2020,532.42
668769153649548160,6291,1,57642,2,2020,-2636.38
668769153649548160,6291,1,57642,3,2020,-3630.75
668769153649548160,6291,1,57642,4,2020,-1755.79
668769153649548160,6291,1,57642,5,2020,-3274.92
668769153649548160,6291,1,57642,6,2020,-1326.04
668769153649548160,6291,1,57642,7,2020,-2045.25
668769153649548160,6291,1,57642,8,2020,-4244.06
668769153649548160,6291,1,57642,9,2020,-4714.27
668769153649548160,6291,1,57642,10,2020,-6028.78
668769153649548160,6291,1,57642,11,2020,-4590.09
668769153649548160,6291,1,57642,12,2020,126.58
66882869408724712,5881,0,38704,1,2020,3087.71
66882869408724712,5881,0,38704,2,2020,3016.61
66882869408724712,5881,0,38704,3,2020,4704.93
66882869408724712,5881,0,38704,4,2020,2355.81
66882869408724712,5881,0,38704,5,2020,2006.05
66882869408724712,5881,0,38704,6,2020,1700.4
66882869408724712,5881,0,38704,7,2020,-2863.07
66882869408724712,5881,0,38704,8,2020,-3041.38
66882869408724712,5881,0,38704,9,2020,-2626.48
66882869408724712,5881,0,38704,10,2020,-2028.65
66882869408724712,5881,0,38704,11,2020,-1843.69
66882869408724712,5881,0,38704,12,2020,-100.13
668986002229710208,2088,1,37938,1,2020,-4074.52
668986002229710208,2088,1,37938,2,2020,-6243.99
668986002229710208,2088,1,37938,3,2020,-14145.92
668986002229710208,2088,1,37938,4,2020,-13597.48
668986002229710208,2088,1,37938,5,2020,-20155.09
668986002229710208,2088,1,37938,6,2020,-20187.87
668986002229710208,2088,1,37938,7,2020,-16329.29
668986002229710208,2088,1,37938,8,2020,-22307.41
668986002229710208,2088,1,37938,9,2020,-21309.52
668986002229710208,2088,1,37938,10,2020,-22939.24
668986002229710208,2088,1,37938,11,2020,-27828.5
668986002229710208,2088,1,37938,12,2020,-33020.22
669400950628924800,1718,4,1416,1,2020,469.98
669400950628924800,1718,4,1416,2,2020,469.98
669400950628924800,1718,4,1416,3,2020,2244.44
669400950628924800,1718,4,1416,4,2020,1986.57
669400950628924800,1718,4,1416,5,2020,2099.93
669400950628924800,1718,4,1416,6,2020,2099.93
669400950628924800,1718,4,1416,7,2020,1720.04
669400950628924800,1718,4,1416,8,2020,154.64
669400950628924800,1718,4,1416,9,2020,223.12
669400950628924800,1718,4,1416,10,2020,-704.68
669400950628924800,1718,4,1416,11,2020,-2221.14
669400950628924800,1718,4,1416,12,2020,-2221.14
671085368658041344,5559,0,91083,1,2020,-8478.46
671085368658041344,5559,0,91083,2,2020,-4705.75
671085368658041344,5559,0,91083,3,2020,297.11
671085368658041344,5559,0,91083,4,2020,3303.32
671085368658041344,5559,0,91083,5,2020,11685.77
