3363702457803075584,5641,8,20097,7,2020,11170.85
3363702457803075584,5641,8,20097,8,2020,11346.51
3363702457803075584,5641,8,20097,9,2020,14474.82
3363702457803075584,5641,8,20097,10,2020,14474.82
3363702457803075584,5641,8,20097,11,2020,16301.13
3363702457803075584,5641,8,20097,12,2020,17332.28
3363882730729298944,1663,0,56673,1,2020,2095.01
3363882730729298944,1663,0,56673,2,2020,4515.36
3363882730729298944,1663,0,56673,3,2020,9818.47
3363882730729298944,1663,0,56673,4,2020,12705.89
3363882730729298944,1663,0,56673,5,2020,17172.78
3363882730729298944,1663,0,56673,6,2020,13359.1
3363882730729298944,1663,0,56673,7,2020,15025.87
3363882730729298944,1663,0,56673,8,2020,14083.68
3363882730729298944,1663,0,56673,9,2020,17658.87
3363882730729298944,1663,0,56673,10,2020,27026.28
3363882730729298944,1663,0,56673,11,2020,21160.74
3363882730729298944,1663,0,56673,12,2020,24245.56
336735448735056896,5559,1,84893,1,2020,-821.56
336735448735056896,5559,1,84893,2,2020,737.54
336735448735056896,5559,1,84893,3,2020,7520.89
336735448735056896,5559,1,84893,4,2020,14828.13
336735448735056896,5559,1,84893,5,2020,20106.36
336735448735056896,5559,1,84893,6,2020,20684.16
336735448735056896,5559,1,84893,7,2020,19422.75
336735448735056896,5559,1,84893,8,2020,22020.43
336735448735056896,5559,1,84893,9,2020,26795.96
336735448735056896,5559,1,84893,10,2020,21350.98
336735448735056896,5559,1,84893,11,2020,15768.43
336735448735056896,5559,1,84893,12,2020,12435.73
3368230353299611136,8937,9,3762,1,2020,89.71
3368230353299611136,8937,9,3762,2,2020,-1740.38
3368230353299611136,8937,9,3762,3,2020,-5675.28
3368230353299611136,8937,9,3762,4,2020,-8523.67
3368230353299611136,8937,9,3762,5,2020,-8046.22
3368230353299611136,8937,9,3762,6,2020,-12785.18
3368230353299611136,8937,9,3762,7,2020,-18493.4
3368230353299611136,8937,9,3762,8,2020,-23233.24
3368230353299611136,8937,9,3762,9,2020,-20373.08
3368230353299611136,8937,9,3762,10,2020,-15646.5
3368230353299611136,8937,9,3762,11,2020,-20267.97
3368230353299611136,8937,9,3762,12,2020,-17236.87
3368542293835443200,5649,2,33169,1,2020,-385.55
3368542293835443200,5649,2,33169,2,2020,4797.16
3368542293835443200,5649,2,33169,3,2020,7264.48
3368542293835443200,5649,2,33169,4,2020,8648.78
3368542293835443200,5649,2,33169,5,2020,9046.92
3368542293835443200,5649,2,33169,6,2020,7107.9
3368542293835443200,5649,2,33169,7,2020,6967.12
3368542293835443200,5649,2,33169,8,2020,-2542.77
3368542293835443200,5649,2,33169,9,2020,-3789.38
3368542293835443200,5649,2,33169,10,2020,-4373.19
3368542293835443200,5649,2,33169,11,2020,-3713.73
3368542293835443200,5649,2,33169,12,2020,-8535.57
336958475156602624,9669,4,20938,1,2020,-1819.11
336958475156602624,9669,4,20938,2,2020,180.89
336958475156602624,9669,4,20938,3,2020,-1627.0
336958475156602624,9669,4,20938,4,2020,-323.36
336958475156602624,9669,4,20938,5,2020,9169.57
336958475156602624,9669,4,20938,6,2020,3969.81
336958475156602624,9669,4,20938,7,2020,8803.66
336958475156602624,9669,4,20938,8,2020,5380.35
336958475156602624,9669,4,20938,9,2020,16321.7
336958475156602624,9669,4,20938,10,2020,13214.01
336958475156602624,9669,4,20938,11,2020,13166.94
336958475156602624,9669,4,20938,12,2020,6826.54
3371735796544466432,4028,3,74203,1,2020,992.95
3371735796544466432,4028,3,74203,2,2020,-11.3
3371735796544466432,4028,3,74203,3,2020,545.02
3371735796544466432,4028,3,74203,4,2020,504.83
3371735796544466432,4028,3,74203,5,2020,4745.2
3371735796544466432,4028,3,74203,6,2020,4402.89
3371735796544466432,4028,3,74203,7,2020,6605.94
3371735796544466432,4028,3,74203,8,2020,8672.22
3371735796544466432,4028,3,74203,9,2020,4386.0
3371735796544466432,4028,3,74203,10,2020,2922.62
3371735796544466432,4028,3,74203,11,2020,2785.05
3371735796544466432,4028,3,74203,12,2020,1326.55
3372619267518931456,2995,9,4449,1,2020,3240.88
3372619267518931456,2995,9,4449,2,2020,-2651.24
3372619267518931456,2995,9,4449,3,2020,-8921.55
3372619267518931456,2995,9,4449,4,2020,-3477.34
3372619267518931456,2995,9,4449,5,2020,-5599.57
3372619267518931456,2995,9,4449,6,2020,2274.39
3372619267518931456,2995,9,4449,7,2020,967.17
3372619267518931456,2995,9,4449,8,2020,894.56
3372619267518931456,2995,9,4449,9,2020,2029.74
3372619267518931456,2995,9,4449,10,2020,7707.98
3372619267518931456,2995,9,4449,11,2020,3251.12
3372619267518931456,2995,9,4449,12,2020,-3066.98
337557693962360256,9324,4,76705,1,2020,-2209.52
337557693962360256,9324,4,76705,2,2020,1760.37
337557693962360256,9324,4,76705,3,2020,1157.47
337557693962360256,9324,4,76705,4,2020,3996.83
337557693962360256,9324,4,76705,5,2020,2408.07
337557693962360256,9324,4,76705,6,2020,425.95
337557693962360256,9324,4,76705,7,2020,594.13
337557693962360256,9324,4,76705,8,2020,1186.5
337557693962360256,9324,4,76705,9,2020,1236.46
337557693962360256,9324,4,76705,10,2020,-2297.63
337557693962360256,9324,4,76705,11,2020,437.65
337557693962360256,9324,4,76705,12,2020,585.67
3376484716108352512,1452,2,18146,1,2020,-3585.76
3376484716108352512,1452,2,18146,2,2020,-1175.08
3376484716108352512,1452,2,18146,3,2020,2337.27
3376484716108352512,1452,2,18146,4,2020,3634.87
3376484716108352512,1452,2,18146,5,2020,3337.55
3376484716108352512,1452,2,18146,6,2020,-849.05
3376484716108352512,1452,2,18146,7,2020,-4403.84
3376484716108352512,1452,2,18146,8,2020,-5534.54
3376484716108352512,1452,2,18146,9,2020,-9406.57
3376484716108352512,1452,2,18146,10,2020,-3059.36
3376484716108352512,1452,2,18146,11,2020,-2682.03
3376484716108352512,1452,2,18146,12,2020,2939.75
3376848556803483648,3387,0,10702,1,2020,-5244.18
3376848556803483648,3387,0,10702,2,2020,-3809.84
3376848556803483648,3387,0,10702,3,2020,-4347.28
3376848556803483648,3387,0,10702,4,2020,-1562.87
3376848556803483648,3387,0,10702,5,2020,-2461.75
3376848556803483648,3387,0,10702,6,2020,5133.26
3376848556803483648,3387,0,10702,7,2020,8338.53
3376848556803483648,3387,0,10702,8,2020,7912.77
3376848556803483648,3387,0,10702,9,2020,7086.65
3376848556803483648,3387,0,10702,10,2020,12869.83
3376848556803483648,3387,0,10702,11,2020,2659.48
3376848556803483648,3387,0,10702,12,2020,3730.3
3377046299488173056,519,8,17752,1,2020,825.61
3377046299488173056,519,8,17752,2,2020,3483.39
3377046299488173056,519,8,17752,3,2020,3233.98
3377046299488173056,519,8,17752,4,2020,10310.24
3377046299488173056,519,8,17752,5,2020,10595.65
3377046299488173056,519,8,17752,6,2020,6386.76
3377046299488173056,519,8,17752,7,2020,7749.45
3377046299488173056,519,8,17752,8,2020,16454.37
3377046299488173056,519,8,17752,9,2020,11982.6
3377046299488173056,519,8,17752,10,2020,12511.82
3377046299488173056,519,8,17752,11,2020,13623.2
3377046299488173056,519,8,17752,12,2020,11947.06
3377454893055734272,6562,3,45924,1,2020,-774.82
3377454893055734272,6562,3,45924,2,2020,-774.82
3377454893055734272,6562,3,45924,3,2020,-693.91
3377454893055734272,6562,3,45924,4,2020,-3666.43
3377454893055734272,6562,3,45924,5,2020,-4999.25
3377454893055734272,6562,3,45924,6,2020,-924.67
3377454893055734272,6562,3,45924,7,2020,-1605.07
3377454893055734272,6562,3,45924,8,2020,812.64
3377454893055734272,6562,3,45924,9,2020,403.46
3377454893055734272,6562,3,45924,10,2020,-1632.55
3377454893055734272,6562,3,45924,11,2020,-4415.75
3377454893055734272,6562,3,45924,12,2020,-7112.32
3377502790097490944,4661,1,12895,1,2020,-2979.47
3377502790097490944,4661,1,12895,2,2020,2231.29
3377502790097490944,4661,1,12895,3,2020,-5288.78
3377502790097490944,4661,1,12895,4,2020,365.69
3377502790097490944,4661,1,12895,5,2020,-3975.28
3377502790097490944,4661,1,12895,6,2020,-8118.18
3377502790097490944,4661,1,12895,7,2020,-4624.7
3377502790097490944,4661,1,12895,8,2020,-10542.12
3377502790097490944,4661,1,12895,9,2020,-13735.9
3377502790097490944,4661,1,12895,10,2020,-13626.25
3377502790097490944,4661,1,12895,11,2020,-2954.54
3377502790097490944,4661,1,12895,12,2020,-572.78
3377942094764422656,915,5,96298,1,2020,-2433.9
3377942094764422656,915,5,96298,2,2020,-2845.5
3377942094764422656,915,5,96298,3,2020,-1262.17
3377942094764422656,915,5,96298,4,2020,2034.18
3377942094764422656,915,5,96298,5,2020,-6539.06
3377942094764422656,915,5,96298,6,2020,-7581.54
3377942094764422656,915,5,96298,7,2020,-7128.66
3377942094764422656,915,5,96298,8,2020,-7081.67
3377942094764422656,915,5,96298,9,2020,-7671.18
3377942094764422656,915,5,96298,10,2020,-8194.1
3377942094764422656,915,5,96298,11,2020,-15137.51
3377942094764422656,915,5,96298,12,2020,-13819.77
337901585520676672,5440,6,83502,1,2020,1867.29
337901585520676672,5440,6,83502,2,2020,2887.0
337901585520676672,5440,6,83502,3,2020,3771.68
337901585520676672,5440,6,83502,4,2020,1185.57
337901585520676672,5440,6,83502,5,2020,2008.36
337901585520676672,5440,6,83502,6,2020,439.77
337901585520676672,5440,6,83502,7,2020,-403.75
337901585520676672,5440,6,83502,8,2020,-5781.19
337901585520676672,5440,6,83502,9,2020,-6916.77
337901585520676672,5440,6,83502,10,2020,-6637.53
337901585520676672,5440,6,83502,11,2020,-6201.96
337901585520676672,5440,6,83502,12,2020,938.34
3379246157253920768,8229,3,70989,1,2020,7052.54
3379246157253920768,8229,3,70989,2,2020,10715.3
3379246157253920768,8229,3,70989,3,2020,14779.94
3379246157253920768,8229,3,70989,4,2020,19850.88
3379246157253920768,8229,3,70989,5,2020,18422.48
3379246157253920768,8229,3,70989,6,2020,20233.71
3379246157253920768,8229,3,70989,7,2020,17809.21
3379246157253920768,8229,3,70989,8,2020,13356.25
3379246157253920768,8229,3,70989,9,2020,16770.16
3379246157253920768,8229,3,70989,10,2020,17186.51
3379246157253920768,8229,3,70989,11,2020,26213.15
3379246157253920768,8229,3,70989,12,2020,22436.78
3380326633499297280,7771,7,20336,1,2020,0.0
3380326633499297280,7771,7,20336,2,2020,0.0
3380326633499297280,7771,7,20336,3,2020,-3665.07
3380326633499297280,7771,7,20336,4,2020,-3665.07
3380326633499297280,7771,7,20336,5,2020,-3665.07
3380326633499297280,7771,7,20336,6,2020,-3665.07
3380326633499297280,7771,7,20336,7,2020,-3665.07
3380326633499297280,7771,7,20336,8,2020,-3665.07
3380326633499297280,7771,7,20336,9,2020,-3665.07
3380326633499297280,7771,7,20336,10,2020,-3665.07
3380326633499297280,7771,7,20336,11,2020,-3665.07
3380326633499297280,7771,7,20336,12,2020,-3665.07
3380489794173473792,9232,9,4462,1,2020,-1817.86
3380489794173473792,9232,9,4462,2,2020,-3955.51
3380489794173473792,9232,9,4462,3,2020,-6205.61
3380489794173473792,9232,9,4462,4,2020,-10369.89
3380489794173473792,9232,9,4462,5,2020,-17228.78
3380489794173473792,9232,9,4462,6,2020,-9474.23
3380489794173473792,9232,9,4462,7,2020,-9706.52
3380489794173473792,9232,9,4462,8,2020,-9706.52
3380489794173473792,9232,9,4462,9,2020,-12086.04
3380489794173473792,9232,9,4462,10,2020,-12436.58
3380489794173473792,9232,9,4462,11,2020,-10775.98
3380489794173473792,9232,9,4462,12,2020,-8241.06
3381074873596995072,822,2,41187,1,2020,-300.2
3381074873596995072,822,2,41187,2,2020,-501.22
3381074873596995072,822,2,41187,3,2020,177.09
3381074873596995072,822,2,41187,4,2020,1255.39
3381074873596995072,822,2,41187,5,2020,1255.39
3381074873596995072,822,2,41187,6,2020,948.46
3381074873596995072,822,2,41187,7,2020,-1192.32
3381074873596995072,822,2,41187,8,2020,-3522.23
3381074873596995072,822,2,41187,9,2020,-2908.51
3381074873596995072,822,2,41187,10,2020,-2834.18
3381074873596995072,822,2,41187,11,2020,-2879.46
3381074873596995072,822,2,41187,12,2020,-2024.63
338161820951347072,4228,2,90407,1,2020,1667.55
338161820951347072,4228,2,90407,2,2020,1816.37
338161820951347072,4228,2,90407,3,2020,1030.39
338161820951347072,4228,2,90407,4,2020,-4439.63
338161820951347072,4228,2,90407,5,2020,-4580.0
338161820951347072,4228,2,90407,6,2020,-5681.8
338161820951347072,4228,2,90407,7,2020,-6185.37
