887546302810171776,2463,8,25723,2,2020,-9979.99
887546302810171776,2463,8,25723,3,2020,-7003.96
887546302810171776,2463,8,25723,4,2020,-11426.37
887546302810171776,2463,8,25723,5,2020,-9674.05
887546302810171776,2463,8,25723,6,2020,-5339.07
887546302810171776,2463,8,25723,7,2020,-6462.71
887546302810171776,2463,8,25723,8,2020,-5015.92
887546302810171776,2463,8,25723,9,2020,-5051.28
887546302810171776,2463,8,25723,10,2020,-8765.27
887546302810171776,2463,8,25723,11,2020,-8178.24
887546302810171776,2463,8,25723,12,2020,-8811.43
88880365415442832,8746,5,31870,1,2020,1577.01
88880365415442832,8746,5,31870,2,2020,5129.93
88880365415442832,8746,5,31870,3,2020,4283.22
88880365415442832,8746,5,31870,4,2020,4502.05
88880365415442832,8746,5,31870,5,2020,6451.23
88880365415442832,8746,5,31870,6,2020,5399.71
88880365415442832,8746,5,31870,7,2020,7093.56
88880365415442832,8746,5,31870,8,2020,3318.61
88880365415442832,8746,5,31870,9,2020,3903.67
88880365415442832,8746,5,31870,10,2020,2645.11
88880365415442832,8746,5,31870,11,2020,2404.39
88880365415442832,8746,5,31870,12,2020,7961.37
889323019829510656,1419,4,68293,1,2020,-1817.99
889323019829510656,1419,4,68293,2,2020,5413.18
889323019829510656,1419,4,68293,3,2020,10612.56
889323019829510656,1419,4,68293,4,2020,13686.21
889323019829510656,1419,4,68293,5,2020,11645.6
889323019829510656,1419,4,68293,6,2020,10434.55
889323019829510656,1419,4,68293,7,2020,4867.41
889323019829510656,1419,4,68293,8,2020,-5071.01
889323019829510656,1419,4,68293,9,2020,-583.07
889323019829510656,1419,4,68293,10,2020,-5315.4
889323019829510656,1419,4,68293,11,2020,-9416.22
889323019829510656,1419,4,68293,12,2020,-6659.49
889797537612451072,1525,5,93926,1,2020,3293.21
889797537612451072,1525,5,93926,2,2020,3293.21
889797537612451072,1525,5,93926,3,2020,2701.74
889797537612451072,1525,5,93926,4,2020,8943.69
889797537612451072,1525,5,93926,5,2020,8943.69
889797537612451072,1525,5,93926,6,2020,9961.23
889797537612451072,1525,5,93926,7,2020,10895.28
889797537612451072,1525,5,93926,8,2020,11182.01
889797537612451072,1525,5,93926,9,2020,12822.72
889797537612451072,1525,5,93926,10,2020,13862.51
889797537612451072,1525,5,93926,11,2020,11647.16
889797537612451072,1525,5,93926,12,2020,13589.64
891012845611495040,9334,3,60344,1,2020,115.02
891012845611495040,9334,3,60344,2,2020,-161.13
891012845611495040,9334,3,60344,3,2020,1983.21
891012845611495040,9334,3,60344,4,2020,-575.15
891012845611495040,9334,3,60344,5,2020,-341.14
891012845611495040,9334,3,60344,6,2020,4462.73
891012845611495040,9334,3,60344,7,2020,3410.78
891012845611495040,9334,3,60344,8,2020,9655.4
891012845611495040,9334,3,60344,9,2020,9877.52
891012845611495040,9334,3,60344,10,2020,1656.61
891012845611495040,9334,3,60344,11,2020,4886.93
891012845611495040,9334,3,60344,12,2020,2881.55
892028638635931264,1835,7,83905,1,2020,4464.67
892028638635931264,1835,7,83905,2,2020,-2843.89
892028638635931264,1835,7,83905,3,2020,3146.8
892028638635931264,1835,7,83905,4,2020,8742.04
892028638635931264,1835,7,83905,5,2020,9531.78
892028638635931264,1835,7,83905,6,2020,8179.89
892028638635931264,1835,7,83905,7,2020,10519.79
892028638635931264,1835,7,83905,8,2020,7989.35
892028638635931264,1835,7,83905,9,2020,13942.63
892028638635931264,1835,7,83905,10,2020,6324.84
892028638635931264,1835,7,83905,11,2020,13284.69
892028638635931264,1835,7,83905,12,2020,14065.61
89215663591259696,4381,7,3318,1,2020,0.0
89215663591259696,4381,7,3318,2,2020,1578.14
89215663591259696,4381,7,3318,3,2020,161.83
89215663591259696,4381,7,3318,4,2020,2606.51
89215663591259696,4381,7,3318,5,2020,5311.42
89215663591259696,4381,7,3318,6,2020,4527.08
89215663591259696,4381,7,3318,7,2020,4527.08
89215663591259696,4381,7,3318,8,2020,4527.08
89215663591259696,4381,7,3318,9,2020,3577.09
89215663591259696,4381,7,3318,10,2020,3577.09
89215663591259696,4381,7,3318,11,2020,3577.09
89215663591259696,4381,7,3318,12,2020,6257.73
893388094452804352,8684,6,25239,1,2020,-4386.85
893388094452804352,8684,6,25239,2,2020,-4308.36
893388094452804352,8684,6,25239,3,2020,-2836.85
893388094452804352,8684,6,25239,4,2020,-4085.18
893388094452804352,8684,6,25239,5,2020,-171.21
893388094452804352,8684,6,25239,6,2020,-1135.53
893388094452804352,8684,6,25239,7,2020,4375.17
893388094452804352,8684,6,25239,8,2020,6437.5
893388094452804352,8684,6,25239,9,2020,-1109.93
893388094452804352,8684,6,25239,10,2020,2302.79
893388094452804352,8684,6,25239,11,2020,3894.65
893388094452804352,8684,6,25239,12,2020,3754.94
894110182404680576,386,9,67061,1,2020,3465.32
894110182404680576,386,9,67061,2,2020,4219.39
894110182404680576,386,9,67061,3,2020,8684.1
894110182404680576,386,9,67061,4,2020,264.25
894110182404680576,386,9,67061,5,2020,-1719.76
894110182404680576,386,9,67061,6,2020,2410.99
894110182404680576,386,9,67061,7,2020,2108.04
894110182404680576,386,9,67061,8,2020,5869.61
894110182404680576,386,9,67061,9,2020,-3902.12
894110182404680576,386,9,67061,10,2020,-3361.75
894110182404680576,386,9,67061,11,2020,-7843.28
894110182404680576,386,9,67061,12,2020,-10199.49
894248497255069824,6698,4,98014,1,2020,-1881.85
894248497255069824,6698,4,98014,2,2020,-2768.53
894248497255069824,6698,4,98014,3,2020,-4139.14
894248497255069824,6698,4,98014,4,2020,-2415.37
894248497255069824,6698,4,98014,5,2020,-222.47
894248497255069824,6698,4,98014,6,2020,-1436.73
894248497255069824,6698,4,98014,7,2020,-1610.5
894248497255069824,6698,4,98014,8,2020,546.91
894248497255069824,6698,4,98014,9,2020,-647.0
894248497255069824,6698,4,98014,10,2020,-97.43
894248497255069824,6698,4,98014,11,2020,-226.98
894248497255069824,6698,4,98014,12,2020,532.36
89493970930208624,7689,1,36438,1,2020,-3868.87
89493970930208624,7689,1,36438,2,2020,-2130.21
89493970930208624,7689,1,36438,3,2020,-9390.37
89493970930208624,7689,1,36438,4,2020,-8220.7
89493970930208624,7689,1,36438,5,2020,-9492.95
89493970930208624,7689,1,36438,6,2020,-12211.06
89493970930208624,7689,1,36438,7,2020,-11630.44
89493970930208624,7689,1,36438,8,2020,-12539.83
89493970930208624,7689,1,36438,9,2020,-11460.58
89493970930208624,7689,1,36438,10,2020,-9606.24
89493970930208624,7689,1,36438,11,2020,-6686.16
89493970930208624,7689,1,36438,12,2020,-8828.66
895276165910874240,6389,4,46765,1,2020,5583.39
895276165910874240,6389,4,46765,2,2020,4911.98
895276165910874240,6389,4,46765,3,2020,2333.7
895276165910874240,6389,4,46765,4,2020,10145.26
895276165910874240,6389,4,46765,5,2020,8749.15
895276165910874240,6389,4,46765,6,2020,5247.86
895276165910874240,6389,4,46765,7,2020,6325.35
895276165910874240,6389,4,46765,8,2020,3430.39
895276165910874240,6389,4,46765,9,2020,4178.1
895276165910874240,6389,4,46765,10,2020,6917.15
895276165910874240,6389,4,46765,11,2020,10652.68
895276165910874240,6389,4,46765,12,2020,16580.03
896314166257328000,4840,3,262,1,2020,5141.78
896314166257328000,4840,3,262,2,2020,4756.5
896314166257328000,4840,3,262,3,2020,6240.75
896314166257328000,4840,3,262,4,2020,2107.66
896314166257328000,4840,3,262,5,2020,3282.38
896314166257328000,4840,3,262,6,2020,67.7
896314166257328000,4840,3,262,7,2020,-4495.87
896314166257328000,4840,3,262,8,2020,-4961.45
896314166257328000,4840,3,262,9,2020,-14342.18
896314166257328000,4840,3,262,10,2020,-14144.0
896314166257328000,4840,3,262,11,2020,-21530.89
896314166257328000,4840,3,262,12,2020,-21052.53
896319645722297728,5319,7,31035,1,2020,-2694.24
896319645722297728,5319,7,31035,2,2020,-5377.74
896319645722297728,5319,7,31035,3,2020,-7260.99
896319645722297728,5319,7,31035,4,2020,-6949.43
896319645722297728,5319,7,31035,5,2020,-7437.01
896319645722297728,5319,7,31035,6,2020,-5993.98
896319645722297728,5319,7,31035,7,2020,-7246.35
896319645722297728,5319,7,31035,8,2020,-7071.94
896319645722297728,5319,7,31035,9,2020,-5398.65
896319645722297728,5319,7,31035,10,2020,-4461.24
896319645722297728,5319,7,31035,11,2020,-3995.07
896319645722297728,5319,7,31035,12,2020,-4161.11
896503709386724992,7216,4,20888,1,2020,3662.28
896503709386724992,7216,4,20888,2,2020,3259.39
896503709386724992,7216,4,20888,3,2020,3767.21
896503709386724992,7216,4,20888,4,2020,2347.22
896503709386724992,7216,4,20888,5,2020,919.92
896503709386724992,7216,4,20888,6,2020,2751.21
896503709386724992,7216,4,20888,7,2020,1615.33
896503709386724992,7216,4,20888,8,2020,1402.44
896503709386724992,7216,4,20888,9,2020,7405.4
896503709386724992,7216,4,20888,10,2020,7672.6
896503709386724992,7216,4,20888,11,2020,10043.01
896503709386724992,7216,4,20888,12,2020,13931.85
897515055954444800,1829,5,31872,1,2020,-1262.72
897515055954444800,1829,5,31872,2,2020,1790.27
897515055954444800,1829,5,31872,3,2020,1581.73
897515055954444800,1829,5,31872,4,2020,-2866.86
897515055954444800,1829,5,31872,5,2020,1274.92
897515055954444800,1829,5,31872,6,2020,-5346.27
897515055954444800,1829,5,31872,7,2020,-5227.65
897515055954444800,1829,5,31872,8,2020,-3656.54
897515055954444800,1829,5,31872,9,2020,-1448.59
897515055954444800,1829,5,31872,10,2020,2383.15
897515055954444800,1829,5,31872,11,2020,1572.6
897515055954444800,1829,5,31872,12,2020,3602.61
897848199327341312,2163,7,93088,1,2020,1384.76
897848199327341312,2163,7,93088,2,2020,1590.97
897848199327341312,2163,7,93088,3,2020,1252.82
897848199327341312,2163,7,93088,4,2020,1136.17
897848199327341312,2163,7,93088,5,2020,-21.4
897848199327341312,2163,7,93088,6,2020,116.07
897848199327341312,2163,7,93088,7,2020,-917.09
897848199327341312,2163,7,93088,8,2020,-917.09
897848199327341312,2163,7,93088,9,2020,706.85
897848199327341312,2163,7,93088,10,2020,795.64
897848199327341312,2163,7,93088,11,2020,795.64
897848199327341312,2163,7,93088,12,2020,795.64
899327100340282112,9578,4,53092,1,2020,652.94
899327100340282112,9578,4,53092,2,2020,-963.41
899327100340282112,9578,4,53092,3,2020,-963.41
899327100340282112,9578,4,53092,4,2020,-302.67
899327100340282112,9578,4,53092,5,2020,-234.6
899327100340282112,9578,4,53092,6,2020,-2047.78
899327100340282112,9578,4,53092,7,2020,-2554.12
899327100340282112,9578,4,53092,8,2020,-2554.12
899327100340282112,9578,4,53092,9,2020,-2554.12
899327100340282112,9578,4,53092,10,2020,-4426.46
899327100340282112,9578,4,53092,11,2020,-6095.46
899327100340282112,9578,4,53092,12,2020,-6095.46
899440079090559744,379,4,77369,1,2020,-649.26
899440079090559744,379,4,77369,2,2020,265.71
899440079090559744,379,4,77369,3,2020,-1323.96
899440079090559744,379,4,77369,4,2020,-3766.16
899440079090559744,379,4,77369,5,2020,-975.02
899440079090559744,379,4,77369,6,2020,85.91
899440079090559744,379,4,77369,7,2020,-557.26
899440079090559744,379,4,77369,8,2020,-3999.73
899440079090559744,379,4,77369,9,2020,4421.73
899440079090559744,379,4,77369,10,2020,-948.48
899440079090559744,379,4,77369,11,2020,81.06
899440079090559744,379,4,77369,12,2020,2421.41
899491902900462336,7911,0,18384,1,2020,-790.84
899491902900462336,7911,0,18384,2,2020,5512.93
899491902900462336,7911,0,18384,3,2020,3252.22
899491902900462336,7911,0,18384,4,2020,9796.24
899491902900462336,7911,0,18384,5,2020,6735.25
899491902900462336,7911,0,18384,6,2020,8292.31
899491902900462336,7911,0,18384,7,2020,15237.29
899491902900462336,7911,0,18384,8,2020,17139.33
899491902900462336,7911,0,18384,9,2020,23324.56
899491902900462336,7911,0,18384,10,2020,24177.67
899491902900462336,7911,0,18384,11,2020,24402.07
