366443523909551680,8740,1,73196,9,2020,-522.67
366443523909551680,8740,1,73196,10,2020,-492.64
366443523909551680,8740,1,73196,11,2020,305.52
366443523909551680,8740,1,73196,12,2020,281.32
366811203511484608,7001,2,29352,1,2020,-3986.66
366811203511484608,7001,2,29352,2,2020,2393.01
366811203511484608,7001,2,29352,3,2020,2514.68
366811203511484608,7001,2,29352,4,2020,-6893.78
366811203511484608,7001,2,29352,5,2020,-3701.71
366811203511484608,7001,2,29352,6,2020,7264.02
366811203511484608,7001,2,29352,7,2020,10911.81
366811203511484608,7001,2,29352,8,2020,11649.52
366811203511484608,7001,2,29352,9,2020,13861.92
366811203511484608,7001,2,29352,10,2020,19362.73
366811203511484608,7001,2,29352,11,2020,16501.68
366811203511484608,7001,2,29352,12,2020,16336.06
367845782754400064,582,2,32774,1,2020,0.0
367845782754400064,582,2,32774,2,2020,-1752.8
367845782754400064,582,2,32774,3,2020,-3458.34
367845782754400064,582,2,32774,4,2020,-3914.07
367845782754400064,582,2,32774,5,2020,-3914.07
367845782754400064,582,2,32774,6,2020,-5981.85
367845782754400064,582,2,32774,7,2020,-6524.51
367845782754400064,582,2,32774,8,2020,-4125.74
367845782754400064,582,2,32774,9,2020,-2216.91
367845782754400064,582,2,32774,10,2020,-1373.83
367845782754400064,582,2,32774,11,2020,-1730.05
367845782754400064,582,2,32774,12,2020,-1506.11
367906725705329152,5237,9,77999,1,2020,1867.1
367906725705329152,5237,9,77999,2,2020,1867.1
367906725705329152,5237,9,77999,3,2020,1471.32
367906725705329152,5237,9,77999,4,2020,1237.83
367906725705329152,5237,9,77999,5,2020,1430.1
367906725705329152,5237,9,77999,6,2020,-663.81
367906725705329152,5237,9,77999,7,2020,-3578.37
367906725705329152,5237,9,77999,8,2020,-1305.04
367906725705329152,5237,9,77999,9,2020,-1661.62
367906725705329152,5237,9,77999,10,2020,-2212.72
367906725705329152,5237,9,77999,11,2020,-1773.19
367906725705329152,5237,9,77999,12,2020,-3043.93
369185699212474880,1480,1,51163,1,2020,2142.05
369185699212474880,1480,1,51163,2,2020,7054.54
369185699212474880,1480,1,51163,3,2020,9062.79
369185699212474880,1480,1,51163,4,2020,9485.24
369185699212474880,1480,1,51163,5,2020,9384.49
369185699212474880,1480,1,51163,6,2020,9248.4
369185699212474880,1480,1,51163,7,2020,9248.4
369185699212474880,1480,1,51163,8,2020,14350.49
369185699212474880,1480,1,51163,9,2020,14804.17
369185699212474880,1480,1,51163,10,2020,12157.75
369185699212474880,1480,1,51163,11,2020,13452.17
369185699212474880,1480,1,51163,12,2020,9408.41
369356431862414784,5486,1,6892,1,2020,6943.1
369356431862414784,5486,1,6892,2,2020,10867.43
369356431862414784,5486,1,6892,3,2020,14899.48
369356431862414784,5486,1,6892,4,2020,23633.99
369356431862414784,5486,1,6892,5,2020,23432.96
369356431862414784,5486,1,6892,6,2020,34645.39
369356431862414784,5486,1,6892,7,2020,41523.5
369356431862414784,5486,1,6892,8,2020,38347.0
369356431862414784,5486,1,6892,9,2020,39063.38
369356431862414784,5486,1,6892,10,2020,37692.8
369356431862414784,5486,1,6892,11,2020,35620.27
369356431862414784,5486,1,6892,12,2020,36602.11
369551887773695104,6305,6,77838,1,2020,0.0
369551887773695104,6305,6,77838,2,2020,0.0
369551887773695104,6305,6,77838,3,2020,1030.0
369551887773695104,6305,6,77838,4,2020,1474.76
369551887773695104,6305,6,77838,5,2020,1474.76
369551887773695104,6305,6,77838,6,2020,1474.76
369551887773695104,6305,6,77838,7,2020,1474.76
369551887773695104,6305,6,77838,8,2020,1474.76
369551887773695104,6305,6,77838,9,2020,105.08
369551887773695104,6305,6,77838,10,2020,105.08
369551887773695104,6305,6,77838,11,2020,105.08
369551887773695104,6305,6,77838,12,2020,105.08
370217377221170304,463,9,32878,1,2020,4409.23
370217377221170304,463,9,32878,2,2020,3089.14
370217377221170304,463,9,32878,3,2020,710.35
370217377221170304,463,9,32878,4,2020,-3603.03
370217377221170304,463,9,32878,5,2020,-2744.78
370217377221170304,463,9,32878,6,2020,-7515.59
370217377221170304,463,9,32878,7,2020,-13826.81
370217377221170304,463,9,32878,8,2020,-18251.86
370217377221170304,463,9,32878,9,2020,-11076.19
370217377221170304,463,9,32878,10,2020,-11258.0
370217377221170304,463,9,32878,11,2020,-13612.9
370217377221170304,463,9,32878,12,2020,-14607.37
370393696393726528,663,5,82117,1,2020,893.15
370393696393726528,663,5,82117,2,2020,587.94
370393696393726528,663,5,82117,3,2020,2488.2
370393696393726528,663,5,82117,4,2020,-1636.29
370393696393726528,663,5,82117,5,2020,-1150.22
370393696393726528,663,5,82117,6,2020,475.04
370393696393726528,663,5,82117,7,2020,1058.13
370393696393726528,663,5,82117,8,2020,-2898.44
370393696393726528,663,5,82117,9,2020,463.65
370393696393726528,663,5,82117,10,2020,3401.45
370393696393726528,663,5,82117,11,2020,-1229.44
370393696393726528,663,5,82117,12,2020,-2664.67
371317895800782976,3274,6,48225,1,2020,3483.06
371317895800782976,3274,6,48225,2,2020,7337.43
371317895800782976,3274,6,48225,3,2020,7511.74
371317895800782976,3274,6,48225,4,2020,6427.97
371317895800782976,3274,6,48225,5,2020,6216.65
371317895800782976,3274,6,48225,6,2020,9886.14
371317895800782976,3274,6,48225,7,2020,10956.45
371317895800782976,3274,6,48225,8,2020,8959.59
371317895800782976,3274,6,48225,9,2020,9212.24
371317895800782976,3274,6,48225,10,2020,9728.91
371317895800782976,3274,6,48225,11,2020,10709.36
371317895800782976,3274,6,48225,12,2020,11039.27
372644638956552576,7710,1,6916,1,2020,2662.73
372644638956552576,7710,1,6916,2,2020,-212.08
372644638956552576,7710,1,6916,3,2020,-9642.31
372644638956552576,7710,1,6916,4,2020,-10422.02
372644638956552576,7710,1,6916,5,2020,-17998.97
372644638956552576,7710,1,6916,6,2020,-17922.02
372644638956552576,7710,1,6916,7,2020,-11875.99
372644638956552576,7710,1,6916,8,2020,-15500.19
372644638956552576,7710,1,6916,9,2020,-17104.66
372644638956552576,7710,1,6916,10,2020,-29191.32
372644638956552576,7710,1,6916,11,2020,-27937.55
372644638956552576,7710,1,6916,12,2020,-31768.74
373385952725122560,5112,9,26140,1,2020,-3979.78
373385952725122560,5112,9,26140,2,2020,-10951.13
373385952725122560,5112,9,26140,3,2020,-15328.91
373385952725122560,5112,9,26140,4,2020,-11843.66
373385952725122560,5112,9,26140,5,2020,-15379.49
373385952725122560,5112,9,26140,6,2020,-12916.12
373385952725122560,5112,9,26140,7,2020,-12806.13
373385952725122560,5112,9,26140,8,2020,-8273.95
373385952725122560,5112,9,26140,9,2020,592.65
373385952725122560,5112,9,26140,10,2020,11160.31
373385952725122560,5112,9,26140,11,2020,11054.33
373385952725122560,5112,9,26140,12,2020,6527.42
373958578591604672,492,2,76227,1,2020,-2995.55
373958578591604672,492,2,76227,2,2020,2705.28
373958578591604672,492,2,76227,3,2020,4788.87
373958578591604672,492,2,76227,4,2020,5665.81
373958578591604672,492,2,76227,5,2020,3312.37
373958578591604672,492,2,76227,6,2020,5478.93
373958578591604672,492,2,76227,7,2020,10370.81
373958578591604672,492,2,76227,8,2020,14709.05
373958578591604672,492,2,76227,9,2020,14298.07
373958578591604672,492,2,76227,10,2020,14438.09
373958578591604672,492,2,76227,11,2020,13989.99
373958578591604672,492,2,76227,12,2020,18112.97
375314640681186048,1843,2,72924,1,2020,-986.32
375314640681186048,1843,2,72924,2,2020,-1508.08
375314640681186048,1843,2,72924,3,2020,-7333.79
375314640681186048,1843,2,72924,4,2020,-756.76
375314640681186048,1843,2,72924,5,2020,-9027.95
375314640681186048,1843,2,72924,6,2020,-3757.22
375314640681186048,1843,2,72924,7,2020,-4037.72
375314640681186048,1843,2,72924,8,2020,2404.49
375314640681186048,1843,2,72924,9,2020,11259.76
375314640681186048,1843,2,72924,10,2020,11651.86
375314640681186048,1843,2,72924,11,2020,7050.43
375314640681186048,1843,2,72924,12,2020,6689.19
378528259597755520,8971,0,98547,1,2020,-2765.95
378528259597755520,8971,0,98547,2,2020,-7656.31
378528259597755520,8971,0,98547,3,2020,-9172.47
378528259597755520,8971,0,98547,4,2020,-10532.17
378528259597755520,8971,0,98547,5,2020,-12774.08
378528259597755520,8971,0,98547,6,2020,-11531.99
378528259597755520,8971,0,98547,7,2020,-10718.83
378528259597755520,8971,0,98547,8,2020,-11783.2
378528259597755520,8971,0,98547,9,2020,-10104.24
378528259597755520,8971,0,98547,10,2020,-8960.6
378528259597755520,8971,0,98547,11,2020,-13885.83
378528259597755520,8971,0,98547,12,2020,-17358.08
379244927040480384,3360,6,1345,1,2020,-8984.5
379244927040480384,3360,6,1345,2,2020,-8861.26
379244927040480384,3360,6,1345,3,2020,-4492.66
379244927040480384,3360,6,1345,4,2020,600.99
379244927040480384,3360,6,1345,5,2020,-1606.48
379244927040480384,3360,6,1345,6,2020,-1675.27
379244927040480384,3360,6,1345,7,2020,3083.02
379244927040480384,3360,6,1345,8,2020,3309.25
379244927040480384,3360,6,1345,9,2020,4257.93
379244927040480384,3360,6,1345,10,2020,7387.48
379244927040480384,3360,6,1345,11,2020,11628.71
379244927040480384,3360,6,1345,12,2020,10359.63
379565177514077056,2904,3,36727,1,2020,-350.29
379565177514077056,2904,3,36727,2,2020,1339.21
379565177514077056,2904,3,36727,3,2020,2483.82
379565177514077056,2904,3,36727,4,2020,8767.1
379565177514077056,2904,3,36727,5,2020,9060.34
379565177514077056,2904,3,36727,6,2020,9230.46
379565177514077056,2904,3,36727,7,2020,10602.76
379565177514077056,2904,3,36727,8,2020,16333.3
379565177514077056,2904,3,36727,9,2020,20873.39
379565177514077056,2904,3,36727,10,2020,18921.84
379565177514077056,2904,3,36727,11,2020,21979.54
379565177514077056,2904,3,36727,12,2020,20928.71
380909063891985280,1613,5,86570,1,2020,-887.05
380909063891985280,1613,5,86570,2,2020,191.59
380909063891985280,1613,5,86570,3,2020,2069.07
380909063891985280,1613,5,86570,4,2020,2336.17
380909063891985280,1613,5,86570,5,2020,2472.74
380909063891985280,1613,5,86570,6,2020,2472.74
380909063891985280,1613,5,86570,7,2020,1928.47
380909063891985280,1613,5,86570,8,2020,2455.93
380909063891985280,1613,5,86570,9,2020,1392.3
380909063891985280,1613,5,86570,10,2020,4719.36
380909063891985280,1613,5,86570,11,2020,3608.56
380909063891985280,1613,5,86570,12,2020,3038.42
38121094827850024,6788,8,72270,1,2020,-7910.12
38121094827850024,6788,8,72270,2,2020,-12052.76
38121094827850024,6788,8,72270,3,2020,-3117.04
38121094827850024,6788,8,72270,4,2020,2962.0
38121094827850024,6788,8,72270,5,2020,4006.8
38121094827850024,6788,8,72270,6,2020,4051.17
38121094827850024,6788,8,72270,7,2020,2454.21
38121094827850024,6788,8,72270,8,2020,7756.95
38121094827850024,6788,8,72270,9,2020,8898.0
38121094827850024,6788,8,72270,10,2020,15036.19
38121094827850024,6788,8,72270,11,2020,6816.62
38121094827850024,6788,8,72270,12,2020,9059.61
381283911578976896,7010,8,75081,1,2020,-4895.77
381283911578976896,7010,8,75081,2,2020,485.78
381283911578976896,7010,8,75081,3,2020,-10091.24
381283911578976896,7010,8,75081,4,2020,-9479.29
381283911578976896,7010,8,75081,5,2020,-8919.02
381283911578976896,7010,8,75081,6,2020,-11387.06
381283911578976896,7010,8,75081,7,2020,-7055.2
381283911578976896,7010,8,75081,8,2020,-7256.09
381283911578976896,7010,8,75081,9,2020,-7831.4
381283911578976896,7010,8,75081,10,2020,-7013.4
381283911578976896,7010,8,75081,11,2020,-4881.32
381283911578976896,7010,8,75081,12,2020,-1838.75
381318006776968896,3052,6,87003,1,2020,0.0
381318006776968896,3052,6,87003,2,2020,1720.89
381318006776968896,3052,6,87003,3,2020,153.57
381318006776968896,3052,6,87003,4,2020,-2088.3
381318006776968896,3052,6,87003,5,2020,-2680.21
381318006776968896,3052,6,87003,6,2020,-2279.4
381318006776968896,3052,6,87003,7,2020,-429.04
381318006776968896,3052,6,87003,8,2020,-2204.48
