3335728277786511360,4578,9,27019,10,2020,4341.35
3335728277786511360,4578,9,27019,11,2020,-5.13
3335728277786511360,4578,9,27019,12,2020,-3966.59
3335788786656594432,1412,4,62133,1,2020,3334.39
3335788786656594432,1412,4,62133,2,2020,5766.2
3335788786656594432,1412,4,62133,3,2020,7157.62
3335788786656594432,1412,4,62133,4,2020,12919.14
3335788786656594432,1412,4,62133,5,2020,9939.5
3335788786656594432,1412,4,62133,6,2020,8035.11
3335788786656594432,1412,4,62133,7,2020,8936.74
3335788786656594432,1412,4,62133,8,2020,7272.41
3335788786656594432,1412,4,62133,9,2020,6027.94
3335788786656594432,1412,4,62133,10,2020,6473.77
3335788786656594432,1412,4,62133,11,2020,5350.14
3335788786656594432,1412,4,62133,12,2020,1071.2
3336184589562769408,535,8,3173,1,2020,-5.69
3336184589562769408,535,8,3173,2,2020,-641.5
3336184589562769408,535,8,3173,3,2020,2426.39
3336184589562769408,535,8,3173,4,2020,2239.83
3336184589562769408,535,8,3173,5,2020,3753.42
3336184589562769408,535,8,3173,6,2020,4958.6
3336184589562769408,535,8,3173,7,2020,5858.44
3336184589562769408,535,8,3173,8,2020,7152.83
3336184589562769408,535,8,3173,9,2020,5538.36
3336184589562769408,535,8,3173,10,2020,7900.62
3336184589562769408,535,8,3173,11,2020,8493.0
3336184589562769408,535,8,3173,12,2020,10045.6
3337459096998124032,3650,8,82916,1,2020,8360.2
3337459096998124032,3650,8,82916,2,2020,6183.14
3337459096998124032,3650,8,82916,3,2020,6116.38
3337459096998124032,3650,8,82916,4,2020,21046.29
3337459096998124032,3650,8,82916,5,2020,26756.07
3337459096998124032,3650,8,82916,6,2020,33257.62
3337459096998124032,3650,8,82916,7,2020,26984.98
3337459096998124032,3650,8,82916,8,2020,18586.05
3337459096998124032,3650,8,82916,9,2020,15889.55
3337459096998124032,3650,8,82916,10,2020,24024.93
3337459096998124032,3650,8,82916,11,2020,20500.93
3337459096998124032,3650,8,82916,12,2020,20026.1
3337501183937761792,4369,7,89666,1,2020,7329.04
3337501183937761792,4369,7,89666,2,2020,2747.31
3337501183937761792,4369,7,89666,3,2020,3705.24
3337501183937761792,4369,7,89666,4,2020,3218.45
3337501183937761792,4369,7,89666,5,2020,6012.89
3337501183937761792,4369,7,89666,6,2020,9254.8
3337501183937761792,4369,7,89666,7,2020,8649.81
3337501183937761792,4369,7,89666,8,2020,5683.74
3337501183937761792,4369,7,89666,9,2020,484.18
3337501183937761792,4369,7,89666,10,2020,-2448.79
3337501183937761792,4369,7,89666,11,2020,7749.07
3337501183937761792,4369,7,89666,12,2020,4966.46
3337794250026123776,712,0,69961,1,2020,-832.15
3337794250026123776,712,0,69961,2,2020,-393.72
3337794250026123776,712,0,69961,3,2020,-2327.18
3337794250026123776,712,0,69961,4,2020,3063.23
3337794250026123776,712,0,69961,5,2020,365.5
3337794250026123776,712,0,69961,6,2020,7509.23
3337794250026123776,712,0,69961,7,2020,13770.27
3337794250026123776,712,0,69961,8,2020,9075.11
3337794250026123776,712,0,69961,9,2020,7655.09
3337794250026123776,712,0,69961,10,2020,3247.86
3337794250026123776,712,0,69961,11,2020,-4100.67
3337794250026123776,712,0,69961,12,2020,931.36
333808083333132352,6545,7,13073,1,2020,2207.58
333808083333132352,6545,7,13073,2,2020,5341.47
333808083333132352,6545,7,13073,3,2020,8663.24
333808083333132352,6545,7,13073,4,2020,7022.36
333808083333132352,6545,7,13073,5,2020,8036.24
333808083333132352,6545,7,13073,6,2020,17124.38
333808083333132352,6545,7,13073,7,2020,23402.35
333808083333132352,6545,7,13073,8,2020,25925.1
333808083333132352,6545,7,13073,9,2020,19683.2
333808083333132352,6545,7,13073,10,2020,23984.43
333808083333132352,6545,7,13073,11,2020,26417.52
333808083333132352,6545,7,13073,12,2020,31465.06
3339412447622618112,1171,9,8669,1,2020,-5646.94
3339412447622618112,1171,9,8669,2,2020,-10907.73
3339412447622618112,1171,9,8669,3,2020,-5958.76
3339412447622618112,1171,9,8669,4,2020,-4292.73
3339412447622618112,1171,9,8669,5,2020,-9008.72
3339412447622618112,1171,9,8669,6,2020,-17559.08
3339412447622618112,1171,9,8669,7,2020,-20739.75
3339412447622618112,1171,9,8669,8,2020,-14715.08
3339412447622618112,1171,9,8669,9,2020,-12619.41
3339412447622618112,1171,9,8669,10,2020,-10127.3
3339412447622618112,1171,9,8669,11,2020,-8294.76
3339412447622618112,1171,9,8669,12,2020,-10963.17
3339497975028261888,351,1,9660,1,2020,-3348.08
3339497975028261888,351,1,9660,2,2020,2175.69
3339497975028261888,351,1,9660,3,2020,-1355.92
3339497975028261888,351,1,9660,4,2020,-9135.64
3339497975028261888,351,1,9660,5,2020,-11994.22
3339497975028261888,351,1,9660,6,2020,-9128.62
3339497975028261888,351,1,9660,7,2020,-8323.72
3339497975028261888,351,1,9660,8,2020,-13601.65
3339497975028261888,351,1,9660,9,2020,-19772.64
3339497975028261888,351,1,9660,10,2020,-18814.99
3339497975028261888,351,1,9660,11,2020,-18553.84
3339497975028261888,351,1,9660,12,2020,-13368.28
3339650829568202752,110,8,3338,1,2020,-1649.9
3339650829568202752,110,8,3338,2,2020,-1499.4
3339650829568202752,110,8,3338,3,2020,-938.16
3339650829568202752,110,8,3338,4,2020,-936.42
3339650829568202752,110,8,3338,5,2020,534.67
3339650829568202752,110,8,3338,6,2020,1612.78
3339650829568202752,110,8,3338,7,2020,1652.96
3339650829568202752,110,8,3338,8,2020,1404.24
3339650829568202752,110,8,3338,9,2020,-82.43
3339650829568202752,110,8,3338,10,2020,-140.96
3339650829568202752,110,8,3338,11,2020,-1649.45
3339650829568202752,110,8,3338,12,2020,1590.9
3342253335502203904,2356,5,29798,1,2020,-191.21
3342253335502203904,2356,5,29798,2,2020,94.33
3342253335502203904,2356,5,29798,3,2020,6118.53
3342253335502203904,2356,5,29798,4,2020,7505.45
3342253335502203904,2356,5,29798,5,2020,3495.84
3342253335502203904,2356,5,29798,6,2020,1666.97
3342253335502203904,2356,5,29798,7,2020,1678.66
3342253335502203904,2356,5,29798,8,2020,2961.23
3342253335502203904,2356,5,29798,9,2020,7258.04
3342253335502203904,2356,5,29798,10,2020,10779.82
3342253335502203904,2356,5,29798,11,2020,19951.98
3342253335502203904,2356,5,29798,12,2020,20966.42
3343915495882977792,8720,4,9281,1,2020,-1002.9
3343915495882977792,8720,4,9281,2,2020,-2077.95
3343915495882977792,8720,4,9281,3,2020,66.98
3343915495882977792,8720,4,9281,4,2020,3616.03
3343915495882977792,8720,4,9281,5,2020,3194.02
3343915495882977792,8720,4,9281,6,2020,4563.76
3343915495882977792,8720,4,9281,7,2020,2929.49
3343915495882977792,8720,4,9281,8,2020,2527.43
3343915495882977792,8720,4,9281,9,2020,5725.21
3343915495882977792,8720,4,9281,10,2020,5571.87
3343915495882977792,8720,4,9281,11,2020,5843.38
3343915495882977792,8720,4,9281,12,2020,305.24
3344240549756460544,7562,2,22836,1,2020,1414.53
3344240549756460544,7562,2,22836,2,2020,4107.4
3344240549756460544,7562,2,22836,3,2020,-2869.51
3344240549756460544,7562,2,22836,4,2020,-4852.75
3344240549756460544,7562,2,22836,5,2020,-13449.87
3344240549756460544,7562,2,22836,6,2020,-15670.12
3344240549756460544,7562,2,22836,7,2020,-8982.08
3344240549756460544,7562,2,22836,8,2020,-7035.09
3344240549756460544,7562,2,22836,9,2020,286.91
3344240549756460544,7562,2,22836,10,2020,-10027.01
3344240549756460544,7562,2,22836,11,2020,-1076.78
3344240549756460544,7562,2,22836,12,2020,3255.08
334500144744259136,4676,8,15412,1,2020,-2183.11
334500144744259136,4676,8,15412,2,2020,-4270.22
334500144744259136,4676,8,15412,3,2020,82.71
334500144744259136,4676,8,15412,4,2020,-143.14
334500144744259136,4676,8,15412,5,2020,-1198.02
334500144744259136,4676,8,15412,6,2020,-2304.42
334500144744259136,4676,8,15412,7,2020,169.64
334500144744259136,4676,8,15412,8,2020,1002.97
334500144744259136,4676,8,15412,9,2020,1054.93
334500144744259136,4676,8,15412,10,2020,-895.71
334500144744259136,4676,8,15412,11,2020,-1525.87
334500144744259136,4676,8,15412,12,2020,1815.42
3348370523920562176,2176,4,6114,1,2020,-1851.5
3348370523920562176,2176,4,6114,2,2020,1080.34
3348370523920562176,2176,4,6114,3,2020,-1138.56
3348370523920562176,2176,4,6114,4,2020,7074.51
3348370523920562176,2176,4,6114,5,2020,5487.1
3348370523920562176,2176,4,6114,6,2020,4561.61
3348370523920562176,2176,4,6114,7,2020,89.2
3348370523920562176,2176,4,6114,8,2020,439.18
3348370523920562176,2176,4,6114,9,2020,-1761.87
3348370523920562176,2176,4,6114,10,2020,-1189.0
3348370523920562176,2176,4,6114,11,2020,-2508.3
3348370523920562176,2176,4,6114,12,2020,-1533.59
3348869645119662080,2077,5,11800,1,2020,30.38
3348869645119662080,2077,5,11800,2,2020,-2457.29
3348869645119662080,2077,5,11800,3,2020,-1143.32
3348869645119662080,2077,5,11800,4,2020,-841.55
3348869645119662080,2077,5,11800,5,2020,-2916.24
3348869645119662080,2077,5,11800,6,2020,-6740.23
3348869645119662080,2077,5,11800,7,2020,-8211.38
3348869645119662080,2077,5,11800,8,2020,-13368.08
3348869645119662080,2077,5,11800,9,2020,-14218.84
3348869645119662080,2077,5,11800,10,2020,-11299.51
3348869645119662080,2077,5,11800,11,2020,-6752.45
3348869645119662080,2077,5,11800,12,2020,-11825.5
3350918286622199296,9173,4,45439,1,2020,1501.53
3350918286622199296,9173,4,45439,2,2020,1023.29
3350918286622199296,9173,4,45439,3,2020,4393.6
3350918286622199296,9173,4,45439,4,2020,5324.96
3350918286622199296,9173,4,45439,5,2020,1475.36
3350918286622199296,9173,4,45439,6,2020,3241.52
3350918286622199296,9173,4,45439,7,2020,-428.76
3350918286622199296,9173,4,45439,8,2020,-27.91
3350918286622199296,9173,4,45439,9,2020,-686.5
3350918286622199296,9173,4,45439,10,2020,-1917.93
3350918286622199296,9173,4,45439,11,2020,-2500.06
3350918286622199296,9173,4,45439,12,2020,-2287.91
3351265965437110784,9493,6,52923,1,2020,3465.13
3351265965437110784,9493,6,52923,2,2020,9478.76
3351265965437110784,9493,6,52923,3,2020,10412.03
3351265965437110784,9493,6,52923,4,2020,4938.34
3351265965437110784,9493,6,52923,5,2020,4989.1
3351265965437110784,9493,6,52923,6,2020,15067.68
3351265965437110784,9493,6,52923,7,2020,18369.97
3351265965437110784,9493,6,52923,8,2020,23381.42
3351265965437110784,9493,6,52923,9,2020,18135.79
3351265965437110784,9493,6,52923,10,2020,19601.9
3351265965437110784,9493,6,52923,11,2020,20413.6
3351265965437110784,9493,6,52923,12,2020,24208.96
335167530101873216,7285,7,52778,1,2020,7247.83
335167530101873216,7285,7,52778,2,2020,12569.95
335167530101873216,7285,7,52778,3,2020,9807.24
335167530101873216,7285,7,52778,4,2020,9596.44
335167530101873216,7285,7,52778,5,2020,7192.26
335167530101873216,7285,7,52778,6,2020,2914.25
335167530101873216,7285,7,52778,7,2020,6178.15
335167530101873216,7285,7,52778,8,2020,8671.08
335167530101873216,7285,7,52778,9,2020,10941.69
335167530101873216,7285,7,52778,10,2020,12632.37
335167530101873216,7285,7,52778,11,2020,12023.17
335167530101873216,7285,7,52778,12,2020,11854.32
3352045946510250496,8128,6,43889,1,2020,-1294.82
3352045946510250496,8128,6,43889,2,2020,-3517.18
3352045946510250496,8128,6,43889,3,2020,-13706.92
3352045946510250496,8128,6,43889,4,2020,-11943.46
3352045946510250496,8128,6,43889,5,2020,-14805.01
3352045946510250496,8128,6,43889,6,2020,-18583.53
3352045946510250496,8128,6,43889,7,2020,-19596.82
3352045946510250496,8128,6,43889,8,2020,-19488.29
3352045946510250496,8128,6,43889,9,2020,-14313.28
3352045946510250496,8128,6,43889,10,2020,-11973.4
3352045946510250496,8128,6,43889,11,2020,-7333.3
3352045946510250496,8128,6,43889,12,2020,-5624.63
3352944306534462464,6531,4,39589,1,2020,-552.21
3352944306534462464,6531,4,39589,2,2020,3589.72
3352944306534462464,6531,4,39589,3,2020,4818.29
3352944306534462464,6531,4,39589,4,2020,4017.82
3352944306534462464,6531,4,39589,5,2020,5630.11
3352944306534462464,6531,4,39589,6,2020,5630.11
3352944306534462464,6531,4,39589,7,2020,10609.24
3352944306534462464,6531,4,39589,8,2020,6308.87
