453490540024528576,8475,1,43693,9,2020,12578.33
453490540024528576,8475,1,43693,10,2020,13758.04
453490540024528576,8475,1,43693,11,2020,13831.27
453490540024528576,8475,1,43693,12,2020,23492.49
453743812873288320,7322,0,81774,1,2020,4934.5
453743812873288320,7322,0,81774,2,2020,4774.27
453743812873288320,7322,0,81774,3,2020,7857.65
453743812873288320,7322,0,81774,4,2020,7969.51
453743812873288320,7322,0,81774,5,2020,6551.78
453743812873288320,7322,0,81774,6,2020,8059.16
453743812873288320,7322,0,81774,7,2020,3067.98
453743812873288320,7322,0,81774,8,2020,1812.52
453743812873288320,7322,0,81774,9,2020,-698.46
453743812873288320,7322,0,81774,10,2020,-646.31
453743812873288320,7322,0,81774,11,2020,818.38
453743812873288320,7322,0,81774,12,2020,2969.27
454177807935203264,4643,9,47681,1,2020,2727.59
454177807935203264,4643,9,47681,2,2020,3622.75
454177807935203264,4643,9,47681,3,2020,1398.45
454177807935203264,4643,9,47681,4,2020,618.54
454177807935203264,4643,9,47681,5,2020,-3385.46
454177807935203264,4643,9,47681,6,2020,-7306.61
454177807935203264,4643,9,47681,7,2020,-7085.32
454177807935203264,4643,9,47681,8,2020,-3100.55
454177807935203264,4643,9,47681,9,2020,-7866.49
454177807935203264,4643,9,47681,10,2020,-6357.07
454177807935203264,4643,9,47681,11,2020,-8291.58
454177807935203264,4643,9,47681,12,2020,-9968.8
455055341861270208,9591,5,65523,1,2020,-1143.79
455055341861270208,9591,5,65523,2,2020,-3301.58
455055341861270208,9591,5,65523,3,2020,-678.6
455055341861270208,9591,5,65523,4,2020,-2903.55
455055341861270208,9591,5,65523,5,2020,-4538.41
455055341861270208,9591,5,65523,6,2020,-5105.94
455055341861270208,9591,5,65523,7,2020,-5340.36
455055341861270208,9591,5,65523,8,2020,-5525.59
455055341861270208,9591,5,65523,9,2020,-4809.62
455055341861270208,9591,5,65523,10,2020,81.27
455055341861270208,9591,5,65523,11,2020,751.51
455055341861270208,9591,5,65523,12,2020,2325.77
455079293702100288,1137,9,60506,1,2020,-6280.82
455079293702100288,1137,9,60506,2,2020,-11841.52
455079293702100288,1137,9,60506,3,2020,-17065.38
455079293702100288,1137,9,60506,4,2020,-22959.99
455079293702100288,1137,9,60506,5,2020,-21370.0
455079293702100288,1137,9,60506,6,2020,-22513.34
455079293702100288,1137,9,60506,7,2020,-17808.08
455079293702100288,1137,9,60506,8,2020,-18340.5
455079293702100288,1137,9,60506,9,2020,-16305.64
455079293702100288,1137,9,60506,10,2020,-15702.8
455079293702100288,1137,9,60506,11,2020,-17964.23
455079293702100288,1137,9,60506,12,2020,-21123.7
455791386769576896,7997,4,19016,1,2020,102.52
455791386769576896,7997,4,19016,2,2020,-4665.02
455791386769576896,7997,4,19016,3,2020,-860.03
455791386769576896,7997,4,19016,4,2020,5247.13
455791386769576896,7997,4,19016,5,2020,8013.04
455791386769576896,7997,4,19016,6,2020,6355.24
455791386769576896,7997,4,19016,7,2020,5030.73
455791386769576896,7997,4,19016,8,2020,3043.21
455791386769576896,7997,4,19016,9,2020,3320.29
455791386769576896,7997,4,19016,10,2020,5371.58
455791386769576896,7997,4,19016,11,2020,5197.03
455791386769576896,7997,4,19016,12,2020,3679.72
45613471011040976,484,5,89444,1,2020,-49.51
45613471011040976,484,5,89444,2,2020,687.39
45613471011040976,484,5,89444,3,2020,4162.26
45613471011040976,484,5,89444,4,2020,1300.48
45613471011040976,484,5,89444,5,2020,12944.29
45613471011040976,484,5,89444,6,2020,15989.15
45613471011040976,484,5,89444,7,2020,31699.69
45613471011040976,484,5,89444,8,2020,28611.34
45613471011040976,484,5,89444,9,2020,30305.22
45613471011040976,484,5,89444,10,2020,24661.68
45613471011040976,484,5,89444,11,2020,28277.56
45613471011040976,484,5,89444,12,2020,38960.87
456198117041242432,9683,0,12336,1,2020,948.45
456198117041242432,9683,0,12336,2,2020,9352.83
456198117041242432,9683,0,12336,3,2020,5258.65
456198117041242432,9683,0,12336,4,2020,7152.24
456198117041242432,9683,0,12336,5,2020,8027.95
456198117041242432,9683,0,12336,6,2020,4908.27
456198117041242432,9683,0,12336,7,2020,7093.52
456198117041242432,9683,0,12336,8,2020,8129.25
456198117041242432,9683,0,12336,9,2020,5775.86
456198117041242432,9683,0,12336,10,2020,10546.26
456198117041242432,9683,0,12336,11,2020,7647.01
456198117041242432,9683,0,12336,12,2020,5521.08
456340759779260928,3332,5,62214,1,2020,6893.58
456340759779260928,3332,5,62214,2,2020,6295.46
456340759779260928,3332,5,62214,3,2020,139.05
456340759779260928,3332,5,62214,4,2020,2039.49
456340759779260928,3332,5,62214,5,2020,-1161.01
456340759779260928,3332,5,62214,6,2020,-4455.8
456340759779260928,3332,5,62214,7,2020,4986.02
456340759779260928,3332,5,62214,8,2020,3658.67
456340759779260928,3332,5,62214,9,2020,3602.26
456340759779260928,3332,5,62214,10,2020,5458.03
456340759779260928,3332,5,62214,11,2020,7192.17
456340759779260928,3332,5,62214,12,2020,4794.14
457412174407469120,5472,9,74216,1,2020,4205.46
457412174407469120,5472,9,74216,2,2020,1563.14
457412174407469120,5472,9,74216,3,2020,851.01
457412174407469120,5472,9,74216,4,2020,3446.23
457412174407469120,5472,9,74216,5,2020,6156.46
457412174407469120,5472,9,74216,6,2020,5573.09
457412174407469120,5472,9,74216,7,2020,7019.9
457412174407469120,5472,9,74216,8,2020,4587.55
457412174407469120,5472,9,74216,9,2020,4587.55
457412174407469120,5472,9,74216,10,2020,5623.86
457412174407469120,5472,9,74216,11,2020,7087.94
457412174407469120,5472,9,74216,12,2020,9648.78
457706392270057920,9306,6,20428,1,2020,-1052.96
457706392270057920,9306,6,20428,2,2020,-852.79
457706392270057920,9306,6,20428,3,2020,-3228.26
457706392270057920,9306,6,20428,4,2020,-1180.94
457706392270057920,9306,6,20428,5,2020,1296.53
457706392270057920,9306,6,20428,6,2020,-2000.35
457706392270057920,9306,6,20428,7,2020,3150.67
457706392270057920,9306,6,20428,8,2020,1185.22
457706392270057920,9306,6,20428,9,2020,5037.21
457706392270057920,9306,6,20428,10,2020,12138.57
457706392270057920,9306,6,20428,11,2020,15224.86
457706392270057920,9306,6,20428,12,2020,11185.57
457890766052440192,1881,4,48721,1,2020,-1625.04
457890766052440192,1881,4,48721,2,2020,-5125.82
457890766052440192,1881,4,48721,3,2020,-3580.08
457890766052440192,1881,4,48721,4,2020,2304.95
457890766052440192,1881,4,48721,5,2020,-909.75
457890766052440192,1881,4,48721,6,2020,1515.12
457890766052440192,1881,4,48721,7,2020,7016.19
457890766052440192,1881,4,48721,8,2020,7502.7
457890766052440192,1881,4,48721,9,2020,8254.61
457890766052440192,1881,4,48721,10,2020,6379.24
457890766052440192,1881,4,48721,11,2020,4757.0
457890766052440192,1881,4,48721,12,2020,-9072.94
45844730793302384,8927,1,57542,1,2020,-6944.55
45844730793302384,8927,1,57542,2,2020,-6417.1
45844730793302384,8927,1,57542,3,2020,-11775.97
45844730793302384,8927,1,57542,4,2020,-12864.58
45844730793302384,8927,1,57542,5,2020,-16987.01
45844730793302384,8927,1,57542,6,2020,-17663.05
45844730793302384,8927,1,57542,7,2020,-17425.1
45844730793302384,8927,1,57542,8,2020,-19497.6
45844730793302384,8927,1,57542,9,2020,-21447.96
45844730793302384,8927,1,57542,10,2020,-21037.94
45844730793302384,8927,1,57542,11,2020,-18074.14
45844730793302384,8927,1,57542,12,2020,-13526.79
46004302388957424,1296,7,66393,1,2020,16256.26
46004302388957424,1296,7,66393,2,2020,12557.61
46004302388957424,1296,7,66393,3,2020,5408.04
46004302388957424,1296,7,66393,4,2020,3939.37
46004302388957424,1296,7,66393,5,2020,5541.05
46004302388957424,1296,7,66393,6,2020,4491.71
46004302388957424,1296,7,66393,7,2020,2623.81
46004302388957424,1296,7,66393,8,2020,1811.29
46004302388957424,1296,7,66393,9,2020,406.72
46004302388957424,1296,7,66393,10,2020,1103.4
46004302388957424,1296,7,66393,11,2020,-1294.71
46004302388957424,1296,7,66393,12,2020,6159.73
460510105596125760,9476,9,75092,1,2020,-5769.37
460510105596125760,9476,9,75092,2,2020,10.55
460510105596125760,9476,9,75092,3,2020,5072.46
460510105596125760,9476,9,75092,4,2020,6033.89
460510105596125760,9476,9,75092,5,2020,4185.35
460510105596125760,9476,9,75092,6,2020,9227.91
460510105596125760,9476,9,75092,7,2020,9808.02
460510105596125760,9476,9,75092,8,2020,14834.35
460510105596125760,9476,9,75092,9,2020,18184.8
460510105596125760,9476,9,75092,10,2020,19204.11
460510105596125760,9476,9,75092,11,2020,18347.55
460510105596125760,9476,9,75092,12,2020,17916.64
461303356195103040,3900,8,94564,1,2020,1554.11
461303356195103040,3900,8,94564,2,2020,2794.98
461303356195103040,3900,8,94564,3,2020,1686.17
461303356195103040,3900,8,94564,4,2020,2644.99
461303356195103040,3900,8,94564,5,2020,1517.92
461303356195103040,3900,8,94564,6,2020,-2956.93
461303356195103040,3900,8,94564,7,2020,-3466.69
461303356195103040,3900,8,94564,8,2020,-1837.64
461303356195103040,3900,8,94564,9,2020,-4472.02
461303356195103040,3900,8,94564,10,2020,784.46
461303356195103040,3900,8,94564,11,2020,2000.3
461303356195103040,3900,8,94564,12,2020,3329.62
461730093534546112,7240,7,23762,1,2020,0.0
461730093534546112,7240,7,23762,2,2020,-174.37
461730093534546112,7240,7,23762,3,2020,-174.37
461730093534546112,7240,7,23762,4,2020,-962.06
461730093534546112,7240,7,23762,5,2020,-1845.14
461730093534546112,7240,7,23762,6,2020,-1845.14
461730093534546112,7240,7,23762,7,2020,37.44
461730093534546112,7240,7,23762,8,2020,37.44
461730093534546112,7240,7,23762,9,2020,358.22
461730093534546112,7240,7,23762,10,2020,-741.61
461730093534546112,7240,7,23762,11,2020,-741.61
461730093534546112,7240,7,23762,12,2020,278.58
461750588906382400,741,8,88110,1,2020,338.39
461750588906382400,741,8,88110,2,2020,1243.9
461750588906382400,741,8,88110,3,2020,2997.34
461750588906382400,741,8,88110,4,2020,6481.5
461750588906382400,741,8,88110,5,2020,7236.2
461750588906382400,741,8,88110,6,2020,7269.93
461750588906382400,741,8,88110,7,2020,15976.8
461750588906382400,741,8,88110,8,2020,18675.55
461750588906382400,741,8,88110,9,2020,16303.92
461750588906382400,741,8,88110,10,2020,21051.44
461750588906382400,741,8,88110,11,2020,26882.35
461750588906382400,741,8,88110,12,2020,24886.06
463042216825710528,7844,1,50431,1,2020,2069.5
463042216825710528,7844,1,50431,2,2020,2018.5
463042216825710528,7844,1,50431,3,2020,319.02
463042216825710528,7844,1,50431,4,2020,-385.93
463042216825710528,7844,1,50431,5,2020,1021.99
463042216825710528,7844,1,50431,6,2020,1008.51
463042216825710528,7844,1,50431,7,2020,245.9
463042216825710528,7844,1,50431,8,2020,-1973.29
463042216825710528,7844,1,50431,9,2020,-7035.78
463042216825710528,7844,1,50431,10,2020,-3962.17
463042216825710528,7844,1,50431,11,2020,-3043.79
463042216825710528,7844,1,50431,12,2020,-6989.82
463142348237778304,4811,1,37189,1,2020,4946.82
463142348237778304,4811,1,37189,2,2020,7096.8
463142348237778304,4811,1,37189,3,2020,2764.5
463142348237778304,4811,1,37189,4,2020,5091.47
463142348237778304,4811,1,37189,5,2020,7550.73
463142348237778304,4811,1,37189,6,2020,6059.06
463142348237778304,4811,1,37189,7,2020,3305.09
463142348237778304,4811,1,37189,8,2020,3082.59
463142348237778304,4811,1,37189,9,2020,3657.59
463142348237778304,4811,1,37189,10,2020,4390.76
463142348237778304,4811,1,37189,11,2020,5971.76
463142348237778304,4811,1,37189,12,2020,3268.56
463356822853100864,6061,9,87837,1,2020,2329.68
463356822853100864,6061,9,87837,2,2020,791.95
463356822853100864,6061,9,87837,3,2020,-949.58
463356822853100864,6061,9,87837,4,2020,-1050.06
463356822853100864,6061,9,87837,5,2020,5064.61
463356822853100864,6061,9,87837,6,2020,5232.27
463356822853100864,6061,9,87837,7,2020,2734.75
463356822853100864,6061,9,87837,8,2020,5076.09
463356822853100864,6061,9,87837,9,2020,11374.43
