3169944930978841088,5622,3,5717,7,2020,1731.32
3169944930978841088,5622,3,5717,8,2020,-1121.89
3169944930978841088,5622,3,5717,9,2020,-2904.24
3169944930978841088,5622,3,5717,10,2020,-1196.66
3169944930978841088,5622,3,5717,11,2020,1975.97
3169944930978841088,5622,3,5717,12,2020,6774.21
3170411922402295808,6767,4,22377,1,2020,-1071.29
3170411922402295808,6767,4,22377,2,2020,-1071.29
3170411922402295808,6767,4,22377,3,2020,-1071.29
3170411922402295808,6767,4,22377,4,2020,-2606.72
3170411922402295808,6767,4,22377,5,2020,-2606.72
3170411922402295808,6767,4,22377,6,2020,-3401.75
3170411922402295808,6767,4,22377,7,2020,-2703.9
3170411922402295808,6767,4,22377,8,2020,-944.9
3170411922402295808,6767,4,22377,9,2020,82.44
3170411922402295808,6767,4,22377,10,2020,82.44
3170411922402295808,6767,4,22377,11,2020,-926.66
3170411922402295808,6767,4,22377,12,2020,-505.53
3171310520564571136,4157,4,19513,1,2020,-1779.26
3171310520564571136,4157,4,19513,2,2020,-1779.26
3171310520564571136,4157,4,19513,3,2020,-1779.26
3171310520564571136,4157,4,19513,4,2020,-1779.26
3171310520564571136,4157,4,19513,5,2020,-3714.77
3171310520564571136,4157,4,19513,6,2020,-3714.77
3171310520564571136,4157,4,19513,7,2020,-3714.77
3171310520564571136,4157,4,19513,8,2020,-3714.77
3171310520564571136,4157,4,19513,9,2020,-3714.77
3171310520564571136,4157,4,19513,10,2020,-3714.77
3171310520564571136,4157,4,19513,11,2020,-3714.77
3171310520564571136,4157,4,19513,12,2020,-3714.77
3171906424658827776,7060,9,75384,1,2020,1176.21
3171906424658827776,7060,9,75384,2,2020,2537.87
3171906424658827776,7060,9,75384,3,2020,-861.05
3171906424658827776,7060,9,75384,4,2020,610.56
3171906424658827776,7060,9,75384,5,2020,3186.03
3171906424658827776,7060,9,75384,6,2020,-98.13
3171906424658827776,7060,9,75384,7,2020,-8942.7
3171906424658827776,7060,9,75384,8,2020,-15227.85
3171906424658827776,7060,9,75384,9,2020,-9759.36
3171906424658827776,7060,9,75384,10,2020,-6912.15
3171906424658827776,7060,9,75384,11,2020,-10954.04
3171906424658827776,7060,9,75384,12,2020,-15623.74
3171925753644344832,4063,8,52125,1,2020,-9475.27
3171925753644344832,4063,8,52125,2,2020,-8114.02
3171925753644344832,4063,8,52125,3,2020,-9636.56
3171925753644344832,4063,8,52125,4,2020,-6404.67
3171925753644344832,4063,8,52125,5,2020,-3709.45
3171925753644344832,4063,8,52125,6,2020,-2287.5
3171925753644344832,4063,8,52125,7,2020,-1597.92
3171925753644344832,4063,8,52125,8,2020,4679.16
3171925753644344832,4063,8,52125,9,2020,10592.62
3171925753644344832,4063,8,52125,10,2020,10632.47
3171925753644344832,4063,8,52125,11,2020,14971.04
3171925753644344832,4063,8,52125,12,2020,9777.62
3174347158450688000,6057,5,42744,1,2020,-760.18
3174347158450688000,6057,5,42744,2,2020,-1141.55
3174347158450688000,6057,5,42744,3,2020,-2127.59
3174347158450688000,6057,5,42744,4,2020,-4767.93
3174347158450688000,6057,5,42744,5,2020,-4806.3
3174347158450688000,6057,5,42744,6,2020,-4542.22
3174347158450688000,6057,5,42744,7,2020,-6110.33
3174347158450688000,6057,5,42744,8,2020,-8397.76
3174347158450688000,6057,5,42744,9,2020,-8924.64
3174347158450688000,6057,5,42744,10,2020,-8924.64
3174347158450688000,6057,5,42744,11,2020,-7329.53
3174347158450688000,6057,5,42744,12,2020,-7160.72
3174871936796012544,9369,5,66028,1,2020,952.61
3174871936796012544,9369,5,66028,2,2020,-834.36
3174871936796012544,9369,5,66028,3,2020,-1932.96
3174871936796012544,9369,5,66028,4,2020,-6266.4
3174871936796012544,9369,5,66028,5,2020,-4231.86
3174871936796012544,9369,5,66028,6,2020,-4231.86
3174871936796012544,9369,5,66028,7,2020,-7965.51
3174871936796012544,9369,5,66028,8,2020,-10198.79
3174871936796012544,9369,5,66028,9,2020,-8574.75
3174871936796012544,9369,5,66028,10,2020,-13118.24
3174871936796012544,9369,5,66028,11,2020,-14241.81
3174871936796012544,9369,5,66028,12,2020,-16702.13
3175625331376461824,6992,4,99020,1,2020,-6270.0
3175625331376461824,6992,4,99020,2,2020,-5242.72
3175625331376461824,6992,4,99020,3,2020,-472.59
3175625331376461824,6992,4,99020,4,2020,-2124.19
3175625331376461824,6992,4,99020,5,2020,61.49
3175625331376461824,6992,4,99020,6,2020,-1971.61
3175625331376461824,6992,4,99020,7,2020,-3863.12
3175625331376461824,6992,4,99020,8,2020,798.6
3175625331376461824,6992,4,99020,9,2020,-2677.42
3175625331376461824,6992,4,99020,10,2020,-8401.92
3175625331376461824,6992,4,99020,11,2020,-1500.82
3175625331376461824,6992,4,99020,12,2020,-4667.3
3176212238342512640,9292,8,66677,1,2020,1744.34
3176212238342512640,9292,8,66677,2,2020,-2037.85
3176212238342512640,9292,8,66677,3,2020,-1321.85
3176212238342512640,9292,8,66677,4,2020,2613.83
3176212238342512640,9292,8,66677,5,2020,608.91
3176212238342512640,9292,8,66677,6,2020,3942.5
3176212238342512640,9292,8,66677,7,2020,2992.17
3176212238342512640,9292,8,66677,8,2020,-1012.87
3176212238342512640,9292,8,66677,9,2020,-1760.8
3176212238342512640,9292,8,66677,10,2020,3400.38
3176212238342512640,9292,8,66677,11,2020,889.27
3176212238342512640,9292,8,66677,12,2020,-1146.31
3176743513856808448,3450,5,98719,1,2020,-5975.69
3176743513856808448,3450,5,98719,2,2020,739.4
3176743513856808448,3450,5,98719,3,2020,-1652.05
3176743513856808448,3450,5,98719,4,2020,648.09
3176743513856808448,3450,5,98719,5,2020,-4275.02
3176743513856808448,3450,5,98719,6,2020,-2752.88
3176743513856808448,3450,5,98719,7,2020,-6597.05
3176743513856808448,3450,5,98719,8,2020,-8576.6
3176743513856808448,3450,5,98719,9,2020,-6116.62
3176743513856808448,3450,5,98719,10,2020,-3537.25
3176743513856808448,3450,5,98719,11,2020,891.03
3176743513856808448,3450,5,98719,12,2020,-2693.59
3176800176088513536,8966,0,45092,1,2020,-834.09
3176800176088513536,8966,0,45092,2,2020,1157.38
3176800176088513536,8966,0,45092,3,2020,6107.26
3176800176088513536,8966,0,45092,4,2020,1708.77
3176800176088513536,8966,0,45092,5,2020,-3402.79
3176800176088513536,8966,0,45092,6,2020,-2262.1
3176800176088513536,8966,0,45092,7,2020,109.69
3176800176088513536,8966,0,45092,8,2020,1715.21
3176800176088513536,8966,0,45092,9,2020,7441.61
3176800176088513536,8966,0,45092,10,2020,5589.18
3176800176088513536,8966,0,45092,11,2020,6295.06
3176800176088513536,8966,0,45092,12,2020,8237.79
3177190074948503552,5997,5,66120,1,2020,456.77
3177190074948503552,5997,5,66120,2,2020,6692.82
3177190074948503552,5997,5,66120,3,2020,3575.05
3177190074948503552,5997,5,66120,4,2020,5592.66
3177190074948503552,5997,5,66120,5,2020,7920.81
3177190074948503552,5997,5,66120,6,2020,5741.48
3177190074948503552,5997,5,66120,7,2020,13779.0
3177190074948503552,5997,5,66120,8,2020,16970.55
3177190074948503552,5997,5,66120,9,2020,21043.25
3177190074948503552,5997,5,66120,10,2020,21801.83
3177190074948503552,5997,5,66120,11,2020,15523.21
3177190074948503552,5997,5,66120,12,2020,12549.95
3177384749083373056,4676,3,45530,1,2020,1264.32
3177384749083373056,4676,3,45530,2,2020,822.71
3177384749083373056,4676,3,45530,3,2020,332.28
3177384749083373056,4676,3,45530,4,2020,332.28
3177384749083373056,4676,3,45530,5,2020,-1029.5
3177384749083373056,4676,3,45530,6,2020,-1319.57
3177384749083373056,4676,3,45530,7,2020,-1319.57
3177384749083373056,4676,3,45530,8,2020,-651.33
3177384749083373056,4676,3,45530,9,2020,-2257.76
3177384749083373056,4676,3,45530,10,2020,-2257.76
3177384749083373056,4676,3,45530,11,2020,-1838.54
3177384749083373056,4676,3,45530,12,2020,-3439.35
3178196455241484800,6255,6,200,1,2020,240.94
3178196455241484800,6255,6,200,2,2020,2432.54
3178196455241484800,6255,6,200,3,2020,797.06
3178196455241484800,6255,6,200,4,2020,-822.52
3178196455241484800,6255,6,200,5,2020,-355.57
3178196455241484800,6255,6,200,6,2020,753.01
3178196455241484800,6255,6,200,7,2020,-2104.53
3178196455241484800,6255,6,200,8,2020,85.08
3178196455241484800,6255,6,200,9,2020,1713.38
3178196455241484800,6255,6,200,10,2020,3309.72
3178196455241484800,6255,6,200,11,2020,4057.78
3178196455241484800,6255,6,200,12,2020,2302.5
3178297828601955328,6580,0,48623,1,2020,655.85
3178297828601955328,6580,0,48623,2,2020,-6235.65
3178297828601955328,6580,0,48623,3,2020,-2581.91
3178297828601955328,6580,0,48623,4,2020,2484.17
3178297828601955328,6580,0,48623,5,2020,-1890.57
3178297828601955328,6580,0,48623,6,2020,14091.29
3178297828601955328,6580,0,48623,7,2020,13370.21
3178297828601955328,6580,0,48623,8,2020,16867.94
3178297828601955328,6580,0,48623,9,2020,15303.91
3178297828601955328,6580,0,48623,10,2020,12053.14
3178297828601955328,6580,0,48623,11,2020,10319.68
3178297828601955328,6580,0,48623,12,2020,8268.64
3178847024647215104,3252,2,76173,1,2020,-6487.14
3178847024647215104,3252,2,76173,2,2020,-12445.18
3178847024647215104,3252,2,76173,3,2020,-13001.13
3178847024647215104,3252,2,76173,4,2020,-9516.59
3178847024647215104,3252,2,76173,5,2020,-11776.0
3178847024647215104,3252,2,76173,6,2020,-7760.2
3178847024647215104,3252,2,76173,7,2020,-4035.1
3178847024647215104,3252,2,76173,8,2020,-628.7
3178847024647215104,3252,2,76173,9,2020,-696.81
3178847024647215104,3252,2,76173,10,2020,393.98
3178847024647215104,3252,2,76173,11,2020,-1910.2
3178847024647215104,3252,2,76173,12,2020,-8308.46
3179025504497334784,5215,3,68842,1,2020,-1035.81
3179025504497334784,5215,3,68842,2,2020,-5370.96
3179025504497334784,5215,3,68842,3,2020,-1338.48
3179025504497334784,5215,3,68842,4,2020,-2128.53
3179025504497334784,5215,3,68842,5,2020,-3944.47
3179025504497334784,5215,3,68842,6,2020,-3192.39
3179025504497334784,5215,3,68842,7,2020,-2253.52
3179025504497334784,5215,3,68842,8,2020,1338.94
3179025504497334784,5215,3,68842,9,2020,3714.13
3179025504497334784,5215,3,68842,10,2020,2802.82
3179025504497334784,5215,3,68842,11,2020,2661.61
3179025504497334784,5215,3,68842,12,2020,7805.89
3180536185832688128,3037,3,85942,1,2020,0.0
3180536185832688128,3037,3,85942,2,2020,-2139.48
3180536185832688128,3037,3,85942,3,2020,-1580.42
3180536185832688128,3037,3,85942,4,2020,-4614.41
3180536185832688128,3037,3,85942,5,2020,-4614.41
3180536185832688128,3037,3,85942,6,2020,-3106.56
3180536185832688128,3037,3,85942,7,2020,-3106.56
3180536185832688128,3037,3,85942,8,2020,-5043.46
3180536185832688128,3037,3,85942,9,2020,-5043.46
3180536185832688128,3037,3,85942,10,2020,-2445.12
3180536185832688128,3037,3,85942,11,2020,-3005.37
3180536185832688128,3037,3,85942,12,2020,-2697.9
3181001466314554880,6494,3,75810,1,2020,168.83
3181001466314554880,6494,3,75810,2,2020,-3916.15
3181001466314554880,6494,3,75810,3,2020,-2110.64
3181001466314554880,6494,3,75810,4,2020,1746.19
3181001466314554880,6494,3,75810,5,2020,6966.26
3181001466314554880,6494,3,75810,6,2020,6866.68
3181001466314554880,6494,3,75810,7,2020,9466.37
3181001466314554880,6494,3,75810,8,2020,5871.42
3181001466314554880,6494,3,75810,9,2020,9682.6
3181001466314554880,6494,3,75810,10,2020,9668.24
3181001466314554880,6494,3,75810,11,2020,-2271.76
3181001466314554880,6494,3,75810,12,2020,-7364.62
3183023179417100288,6041,7,78972,1,2020,-1515.03
3183023179417100288,6041,7,78972,2,2020,-2793.03
3183023179417100288,6041,7,78972,3,2020,-2793.03
3183023179417100288,6041,7,78972,4,2020,-2102.36
3183023179417100288,6041,7,78972,5,2020,-3582.28
3183023179417100288,6041,7,78972,6,2020,-3840.17
3183023179417100288,6041,7,78972,7,2020,-5345.18
3183023179417100288,6041,7,78972,8,2020,-5315.92
3183023179417100288,6041,7,78972,9,2020,-6731.69
3183023179417100288,6041,7,78972,10,2020,-5120.5
3183023179417100288,6041,7,78972,11,2020,-5120.5
3183023179417100288,6041,7,78972,12,2020,-7025.66
3183044580187478528,640,2,52578,1,2020,919.54
3183044580187478528,640,2,52578,2,2020,5355.24
3183044580187478528,640,2,52578,3,2020,9990.85
3183044580187478528,640,2,52578,4,2020,19784.59
3183044580187478528,640,2,52578,5,2020,24350.33
3183044580187478528,640,2,52578,6,2020,20571.67
3183044580187478528,640,2,52578,7,2020,20094.64
