84416899763504176,2075,6,23604,2,2020,-216.65
84416899763504176,2075,6,23604,3,2020,2233.01
84416899763504176,2075,6,23604,4,2020,4068.78
84416899763504176,2075,6,23604,5,2020,10852.49
84416899763504176,2075,6,23604,6,2020,9145.12
84416899763504176,2075,6,23604,7,2020,11176.44
84416899763504176,2075,6,23604,8,2020,6146.0
84416899763504176,2075,6,23604,9,2020,3335.46
84416899763504176,2075,6,23604,10,2020,2041.77
84416899763504176,2075,6,23604,11,2020,3272.25
84416899763504176,2075,6,23604,12,2020,15197.48
844569314120436224,7475,9,34443,1,2020,-452.7
844569314120436224,7475,9,34443,2,2020,5789.83
844569314120436224,7475,9,34443,3,2020,5646.55
844569314120436224,7475,9,34443,4,2020,-584.74
844569314120436224,7475,9,34443,5,2020,-1082.95
844569314120436224,7475,9,34443,6,2020,-3203.84
844569314120436224,7475,9,34443,7,2020,2236.17
844569314120436224,7475,9,34443,8,2020,6539.05
844569314120436224,7475,9,34443,9,2020,8718.86
844569314120436224,7475,9,34443,10,2020,13534.44
844569314120436224,7475,9,34443,11,2020,11820.86
844569314120436224,7475,9,34443,12,2020,15669.83
844646219165192576,133,7,66278,1,2020,1062.54
844646219165192576,133,7,66278,2,2020,1062.54
844646219165192576,133,7,66278,3,2020,355.84
844646219165192576,133,7,66278,4,2020,1384.71
844646219165192576,133,7,66278,5,2020,2499.75
844646219165192576,133,7,66278,6,2020,2147.72
844646219165192576,133,7,66278,7,2020,5338.67
844646219165192576,133,7,66278,8,2020,10889.57
844646219165192576,133,7,66278,9,2020,8921.05
844646219165192576,133,7,66278,10,2020,5412.32
844646219165192576,133,7,66278,11,2020,4582.27
844646219165192576,133,7,66278,12,2020,9702.66
845725533712694016,3103,1,81965,1,2020,-1580.67
845725533712694016,3103,1,81965,2,2020,-4771.34
845725533712694016,3103,1,81965,3,2020,-5397.01
845725533712694016,3103,1,81965,4,2020,5874.25
845725533712694016,3103,1,81965,5,2020,2102.08
845725533712694016,3103,1,81965,6,2020,5322.28
845725533712694016,3103,1,81965,7,2020,476.98
845725533712694016,3103,1,81965,8,2020,-2122.97
845725533712694016,3103,1,81965,9,2020,-2243.81
845725533712694016,3103,1,81965,10,2020,-3488.18
845725533712694016,3103,1,81965,11,2020,-11579.52
845725533712694016,3103,1,81965,12,2020,-20824.29
846191883387294592,8708,6,70503,1,2020,871.49
846191883387294592,8708,6,70503,2,2020,1558.27
846191883387294592,8708,6,70503,3,2020,3341.77
846191883387294592,8708,6,70503,4,2020,6385.4
846191883387294592,8708,6,70503,5,2020,2964.97
846191883387294592,8708,6,70503,6,2020,522.5
846191883387294592,8708,6,70503,7,2020,-299.78
846191883387294592,8708,6,70503,8,2020,251.34
846191883387294592,8708,6,70503,9,2020,-124.54
846191883387294592,8708,6,70503,10,2020,-259.75
846191883387294592,8708,6,70503,11,2020,-4499.79
846191883387294592,8708,6,70503,12,2020,-4997.45
846651292508728576,1198,6,48453,1,2020,5375.83
846651292508728576,1198,6,48453,2,2020,3089.53
846651292508728576,1198,6,48453,3,2020,-6665.63
846651292508728576,1198,6,48453,4,2020,-7243.84
846651292508728576,1198,6,48453,5,2020,-16680.04
846651292508728576,1198,6,48453,6,2020,-17244.44
846651292508728576,1198,6,48453,7,2020,-16504.3
846651292508728576,1198,6,48453,8,2020,-1338.52
846651292508728576,1198,6,48453,9,2020,-6877.35
846651292508728576,1198,6,48453,10,2020,-3360.15
846651292508728576,1198,6,48453,11,2020,-2355.47
846651292508728576,1198,6,48453,12,2020,-4994.48
847214469029116800,106,7,25125,1,2020,7685.18
847214469029116800,106,7,25125,2,2020,4396.55
847214469029116800,106,7,25125,3,2020,7899.21
847214469029116800,106,7,25125,4,2020,6475.05
847214469029116800,106,7,25125,5,2020,1067.28
847214469029116800,106,7,25125,6,2020,-821.43
847214469029116800,106,7,25125,7,2020,-824.6
847214469029116800,106,7,25125,8,2020,5115.59
847214469029116800,106,7,25125,9,2020,1125.9
847214469029116800,106,7,25125,10,2020,-1348.29
847214469029116800,106,7,25125,11,2020,-8825.69
847214469029116800,106,7,25125,12,2020,-5705.44
847277650007245056,721,5,86088,1,2020,4354.61
847277650007245056,721,5,86088,2,2020,2047.87
847277650007245056,721,5,86088,3,2020,-2829.96
847277650007245056,721,5,86088,4,2020,-4009.84
847277650007245056,721,5,86088,5,2020,-7019.34
847277650007245056,721,5,86088,6,2020,-6869.21
847277650007245056,721,5,86088,7,2020,-9572.53
847277650007245056,721,5,86088,8,2020,-10670.63
847277650007245056,721,5,86088,9,2020,-8199.15
847277650007245056,721,5,86088,10,2020,-9736.3
847277650007245056,721,5,86088,11,2020,-7820.82
847277650007245056,721,5,86088,12,2020,-8551.47
847726562367296896,7407,1,46792,1,2020,-12081.87
847726562367296896,7407,1,46792,2,2020,-10311.76
847726562367296896,7407,1,46792,3,2020,-13635.68
847726562367296896,7407,1,46792,4,2020,-8145.98
847726562367296896,7407,1,46792,5,2020,4.25
847726562367296896,7407,1,46792,6,2020,-2653.16
847726562367296896,7407,1,46792,7,2020,489.5
847726562367296896,7407,1,46792,8,2020,6494.65
847726562367296896,7407,1,46792,9,2020,13019.02
847726562367296896,7407,1,46792,10,2020,10968.73
847726562367296896,7407,1,46792,11,2020,8467.66
847726562367296896,7407,1,46792,12,2020,6444.98
848108612688102528,1711,4,71058,1,2020,-986.96
848108612688102528,1711,4,71058,2,2020,-829.42
848108612688102528,1711,4,71058,3,2020,-2474.99
848108612688102528,1711,4,71058,4,2020,-4092.7
848108612688102528,1711,4,71058,5,2020,-4092.7
848108612688102528,1711,4,71058,6,2020,-2529.62
848108612688102528,1711,4,71058,7,2020,-3665.12
848108612688102528,1711,4,71058,8,2020,-3665.12
848108612688102528,1711,4,71058,9,2020,-4187.61
848108612688102528,1711,4,71058,10,2020,-5002.85
848108612688102528,1711,4,71058,11,2020,-5613.9
848108612688102528,1711,4,71058,12,2020,-7295.85
849004909239240576,3360,0,49967,1,2020,-8691.29
849004909239240576,3360,0,49967,2,2020,-7053.92
849004909239240576,3360,0,49967,3,2020,-7637.9
849004909239240576,3360,0,49967,4,2020,-7590.32
849004909239240576,3360,0,49967,5,2020,-7412.5
849004909239240576,3360,0,49967,6,2020,-7582.37
849004909239240576,3360,0,49967,7,2020,-5661.51
849004909239240576,3360,0,49967,8,2020,-6651.88
849004909239240576,3360,0,49967,9,2020,-14556.51
849004909239240576,3360,0,49967,10,2020,-11842.58
849004909239240576,3360,0,49967,11,2020,-10700.91
849004909239240576,3360,0,49967,12,2020,-16099.17
849504698897201536,2664,4,77330,1,2020,-1590.45
849504698897201536,2664,4,77330,2,2020,-2579.0
849504698897201536,2664,4,77330,3,2020,-88.05
849504698897201536,2664,4,77330,4,2020,-3294.91
849504698897201536,2664,4,77330,5,2020,-5642.21
849504698897201536,2664,4,77330,6,2020,-3054.16
849504698897201536,2664,4,77330,7,2020,-709.86
849504698897201536,2664,4,77330,8,2020,-6121.33
849504698897201536,2664,4,77330,9,2020,-13103.36
849504698897201536,2664,4,77330,10,2020,-16170.71
849504698897201536,2664,4,77330,11,2020,-16979.31
849504698897201536,2664,4,77330,12,2020,-14469.42
851382960571063552,1723,0,73603,1,2020,1736.6
851382960571063552,1723,0,73603,2,2020,3553.08
851382960571063552,1723,0,73603,3,2020,5631.15
851382960571063552,1723,0,73603,4,2020,7021.88
851382960571063552,1723,0,73603,5,2020,9332.76
851382960571063552,1723,0,73603,6,2020,9894.11
851382960571063552,1723,0,73603,7,2020,10477.27
851382960571063552,1723,0,73603,8,2020,9387.42
851382960571063552,1723,0,73603,9,2020,7211.91
851382960571063552,1723,0,73603,10,2020,9410.1
851382960571063552,1723,0,73603,11,2020,6761.57
851382960571063552,1723,0,73603,12,2020,9774.11
8525065966751885,8105,2,87675,1,2020,0.0
8525065966751885,8105,2,87675,2,2020,0.0
8525065966751885,8105,2,87675,3,2020,0.0
8525065966751885,8105,2,87675,4,2020,0.0
8525065966751885,8105,2,87675,5,2020,0.0
8525065966751885,8105,2,87675,6,2020,0.0
8525065966751885,8105,2,87675,7,2020,0.0
8525065966751885,8105,2,87675,8,2020,0.0
8525065966751885,8105,2,87675,9,2020,0.0
8525065966751885,8105,2,87675,10,2020,1453.1
8525065966751885,8105,2,87675,11,2020,1453.1
8525065966751885,8105,2,87675,12,2020,1453.1
852669475855622528,9748,0,84857,1,2020,-2455.21
852669475855622528,9748,0,84857,2,2020,-1689.83
852669475855622528,9748,0,84857,3,2020,-7569.34
852669475855622528,9748,0,84857,4,2020,-11998.73
852669475855622528,9748,0,84857,5,2020,-9274.92
852669475855622528,9748,0,84857,6,2020,-12806.41
852669475855622528,9748,0,84857,7,2020,-12842.26
852669475855622528,9748,0,84857,8,2020,-5965.8
852669475855622528,9748,0,84857,9,2020,-3883.57
852669475855622528,9748,0,84857,10,2020,-8203.26
852669475855622528,9748,0,84857,11,2020,-4655.96
852669475855622528,9748,0,84857,12,2020,2379.6
853048388439420288,910,7,89900,1,2020,-2629.65
853048388439420288,910,7,89900,2,2020,4321.42
853048388439420288,910,7,89900,3,2020,18581.85
853048388439420288,910,7,89900,4,2020,9165.75
853048388439420288,910,7,89900,5,2020,12055.43
853048388439420288,910,7,89900,6,2020,11659.33
853048388439420288,910,7,89900,7,2020,12325.68
853048388439420288,910,7,89900,8,2020,5375.47
853048388439420288,910,7,89900,9,2020,6454.16
853048388439420288,910,7,89900,10,2020,12033.24
853048388439420288,910,7,89900,11,2020,16507.19
853048388439420288,910,7,89900,12,2020,15614.92
853096884325979392,7104,7,7505,1,2020,-2268.03
853096884325979392,7104,7,7505,2,2020,-4592.45
853096884325979392,7104,7,7505,3,2020,-7173.61
853096884325979392,7104,7,7505,4,2020,-12899.57
853096884325979392,7104,7,7505,5,2020,-13693.29
853096884325979392,7104,7,7505,6,2020,-4895.92
853096884325979392,7104,7,7505,7,2020,-8630.01
853096884325979392,7104,7,7505,8,2020,-9199.0
853096884325979392,7104,7,7505,9,2020,-10791.39
853096884325979392,7104,7,7505,10,2020,-10723.78
853096884325979392,7104,7,7505,11,2020,-7991.39
853096884325979392,7104,7,7505,12,2020,-8436.43
853171602745079296,1050,8,47561,1,2020,1925.41
853171602745079296,1050,8,47561,2,2020,1718.97
853171602745079296,1050,8,47561,3,2020,3624.27
853171602745079296,1050,8,47561,4,2020,318.84
853171602745079296,1050,8,47561,5,2020,1809.27
853171602745079296,1050,8,47561,6,2020,-2246.96
853171602745079296,1050,8,47561,7,2020,-7361.92
853171602745079296,1050,8,47561,8,2020,-5789.08
853171602745079296,1050,8,47561,9,2020,-5792.3
853171602745079296,1050,8,47561,10,2020,-7035.21
853171602745079296,1050,8,47561,11,2020,-7094.8
853171602745079296,1050,8,47561,12,2020,-10366.18
854436602376429440,2680,3,23541,1,2020,4186.97
854436602376429440,2680,3,23541,2,2020,2515.27
854436602376429440,2680,3,23541,3,2020,2595.27
854436602376429440,2680,3,23541,4,2020,845.27
854436602376429440,2680,3,23541,5,2020,-2700.31
854436602376429440,2680,3,23541,6,2020,-6276.79
854436602376429440,2680,3,23541,7,2020,-1885.95
854436602376429440,2680,3,23541,8,2020,-1023.51
854436602376429440,2680,3,23541,9,2020,-1301.77
854436602376429440,2680,3,23541,10,2020,909.63
854436602376429440,2680,3,23541,11,2020,4209.7
854436602376429440,2680,3,23541,12,2020,3322.51
855289068931519360,2344,3,41165,1,2020,1697.79
855289068931519360,2344,3,41165,2,2020,1505.1
855289068931519360,2344,3,41165,3,2020,1194.69
855289068931519360,2344,3,41165,4,2020,4818.09
855289068931519360,2344,3,41165,5,2020,10689.84
855289068931519360,2344,3,41165,6,2020,14782.52
855289068931519360,2344,3,41165,7,2020,9894.24
855289068931519360,2344,3,41165,8,2020,17859.12
855289068931519360,2344,3,41165,9,2020,15418.54
855289068931519360,2344,3,41165,10,2020,18704.91
855289068931519360,2344,3,41165,11,2020,19754.68
855289068931519360,2344,3,41165,12,2020,14946.3
856243380685361792,872,4,7068,1,2020,-898.38
856243380685361792,872,4,7068,2,2020,719.97
