320049611818291136,9982,5,31880,9,2020,8181.95
320049611818291136,9982,5,31880,10,2020,9480.23
320049611818291136,9982,5,31880,11,2020,8313.63
320049611818291136,9982,5,31880,12,2020,12897.31
3200666400098404864,7447,9,21347,1,2020,399.92
3200666400098404864,7447,9,21347,2,2020,399.92
3200666400098404864,7447,9,21347,3,2020,-758.8
3200666400098404864,7447,9,21347,4,2020,-2543.87
3200666400098404864,7447,9,21347,5,2020,-667.71
3200666400098404864,7447,9,21347,6,2020,-667.71
3200666400098404864,7447,9,21347,7,2020,-1251.88
3200666400098404864,7447,9,21347,8,2020,-51.39
3200666400098404864,7447,9,21347,9,2020,-1920.53
3200666400098404864,7447,9,21347,10,2020,-1920.53
3200666400098404864,7447,9,21347,11,2020,-3051.3
3200666400098404864,7447,9,21347,12,2020,-1889.57
3201009078241628672,3486,2,52938,1,2020,-31.68
3201009078241628672,3486,2,52938,2,2020,-3863.29
3201009078241628672,3486,2,52938,3,2020,-4410.25
3201009078241628672,3486,2,52938,4,2020,-586.35
3201009078241628672,3486,2,52938,5,2020,2873.79
3201009078241628672,3486,2,52938,6,2020,4216.81
3201009078241628672,3486,2,52938,7,2020,4478.73
3201009078241628672,3486,2,52938,8,2020,326.0
3201009078241628672,3486,2,52938,9,2020,7043.8
3201009078241628672,3486,2,52938,10,2020,10899.44
3201009078241628672,3486,2,52938,11,2020,13305.43
3201009078241628672,3486,2,52938,12,2020,7755.31
320154701698458368,8358,9,47899,1,2020,1365.98
320154701698458368,8358,9,47899,2,2020,3979.61
320154701698458368,8358,9,47899,3,2020,7631.37
320154701698458368,8358,9,47899,4,2020,2354.27
320154701698458368,8358,9,47899,5,2020,810.16
320154701698458368,8358,9,47899,6,2020,4085.47
320154701698458368,8358,9,47899,7,2020,8208.59
320154701698458368,8358,9,47899,8,2020,9319.61
320154701698458368,8358,9,47899,9,2020,12852.87
320154701698458368,8358,9,47899,10,2020,12990.01
320154701698458368,8358,9,47899,11,2020,13187.78
320154701698458368,8358,9,47899,12,2020,11765.88
3201559925147969536,6624,2,63502,1,2020,1395.49
3201559925147969536,6624,2,63502,2,2020,575.54
3201559925147969536,6624,2,63502,3,2020,-5704.04
3201559925147969536,6624,2,63502,4,2020,-6053.38
3201559925147969536,6624,2,63502,5,2020,-10984.88
3201559925147969536,6624,2,63502,6,2020,-6680.48
3201559925147969536,6624,2,63502,7,2020,-5129.91
3201559925147969536,6624,2,63502,8,2020,561.35
3201559925147969536,6624,2,63502,9,2020,-3042.93
3201559925147969536,6624,2,63502,10,2020,-6171.27
3201559925147969536,6624,2,63502,11,2020,-4200.71
3201559925147969536,6624,2,63502,12,2020,2158.61
320160228529057408,3336,8,19780,1,2020,-49.78
320160228529057408,3336,8,19780,2,2020,3580.82
320160228529057408,3336,8,19780,3,2020,-1534.51
320160228529057408,3336,8,19780,4,2020,-8075.61
320160228529057408,3336,8,19780,5,2020,-8581.52
320160228529057408,3336,8,19780,6,2020,-5989.52
320160228529057408,3336,8,19780,7,2020,-2988.6
320160228529057408,3336,8,19780,8,2020,248.72
320160228529057408,3336,8,19780,9,2020,-2673.45
320160228529057408,3336,8,19780,10,2020,-951.18
320160228529057408,3336,8,19780,11,2020,-2715.41
320160228529057408,3336,8,19780,12,2020,-7766.79
3201760463155440128,2985,9,73564,1,2020,3.55
3201760463155440128,2985,9,73564,2,2020,-512.94
3201760463155440128,2985,9,73564,3,2020,2226.25
3201760463155440128,2985,9,73564,4,2020,4776.23
3201760463155440128,2985,9,73564,5,2020,-3351.15
3201760463155440128,2985,9,73564,6,2020,-7161.39
3201760463155440128,2985,9,73564,7,2020,-10137.96
3201760463155440128,2985,9,73564,8,2020,-13092.92
3201760463155440128,2985,9,73564,9,2020,-14597.31
3201760463155440128,2985,9,73564,10,2020,-21273.55
3201760463155440128,2985,9,73564,11,2020,-15586.96
3201760463155440128,2985,9,73564,12,2020,-17618.28
3202369809911361536,2097,0,14294,1,2020,1639.22
3202369809911361536,2097,0,14294,2,2020,-81.04
3202369809911361536,2097,0,14294,3,2020,-7471.07
3202369809911361536,2097,0,14294,4,2020,-2684.94
3202369809911361536,2097,0,14294,5,2020,-1736.97
3202369809911361536,2097,0,14294,6,2020,-2681.55
3202369809911361536,2097,0,14294,7,2020,-4743.27
3202369809911361536,2097,0,14294,8,2020,-4049.14
3202369809911361536,2097,0,14294,9,2020,-1124.07
3202369809911361536,2097,0,14294,10,2020,4357.32
3202369809911361536,2097,0,14294,11,2020,3435.86
3202369809911361536,2097,0,14294,12,2020,9633.18
3202511382873569280,388,6,66025,1,2020,-1728.97
3202511382873569280,388,6,66025,2,2020,-5077.68
3202511382873569280,388,6,66025,3,2020,-1693.14
3202511382873569280,388,6,66025,4,2020,-2481.21
3202511382873569280,388,6,66025,5,2020,69.46
3202511382873569280,388,6,66025,6,2020,4792.06
3202511382873569280,388,6,66025,7,2020,4785.93
3202511382873569280,388,6,66025,8,2020,6834.51
3202511382873569280,388,6,66025,9,2020,6349.47
3202511382873569280,388,6,66025,10,2020,6834.58
3202511382873569280,388,6,66025,11,2020,8266.52
3202511382873569280,388,6,66025,12,2020,6155.95
3203996261236057600,2723,1,25414,1,2020,0.0
3203996261236057600,2723,1,25414,2,2020,0.0
3203996261236057600,2723,1,25414,3,2020,2087.83
3203996261236057600,2723,1,25414,4,2020,2087.83
3203996261236057600,2723,1,25414,5,2020,2087.83
3203996261236057600,2723,1,25414,6,2020,2686.93
3203996261236057600,2723,1,25414,7,2020,2686.93
3203996261236057600,2723,1,25414,8,2020,2686.93
3203996261236057600,2723,1,25414,9,2020,5259.53
3203996261236057600,2723,1,25414,10,2020,5285.29
3203996261236057600,2723,1,25414,11,2020,5285.29
3203996261236057600,2723,1,25414,12,2020,5285.29
3204470508833047552,3401,4,5665,1,2020,-237.32
3204470508833047552,3401,4,5665,2,2020,-1652.41
3204470508833047552,3401,4,5665,3,2020,-3847.63
3204470508833047552,3401,4,5665,4,2020,-4463.28
3204470508833047552,3401,4,5665,5,2020,-5505.44
3204470508833047552,3401,4,5665,6,2020,-7717.44
3204470508833047552,3401,4,5665,7,2020,-8815.02
3204470508833047552,3401,4,5665,8,2020,-12949.31
3204470508833047552,3401,4,5665,9,2020,-17991.39
3204470508833047552,3401,4,5665,10,2020,-19294.41
3204470508833047552,3401,4,5665,11,2020,-12205.82
3204470508833047552,3401,4,5665,12,2020,-12145.0
3204563854226022912,4910,2,63458,1,2020,1280.59
3204563854226022912,4910,2,63458,2,2020,694.87
3204563854226022912,4910,2,63458,3,2020,-5474.57
3204563854226022912,4910,2,63458,4,2020,-5615.39
3204563854226022912,4910,2,63458,5,2020,-6739.2
3204563854226022912,4910,2,63458,6,2020,-6061.95
3204563854226022912,4910,2,63458,7,2020,-4964.32
3204563854226022912,4910,2,63458,8,2020,-5786.75
3204563854226022912,4910,2,63458,9,2020,-265.57
3204563854226022912,4910,2,63458,10,2020,-4352.58
3204563854226022912,4910,2,63458,11,2020,-1646.25
3204563854226022912,4910,2,63458,12,2020,-1030.63
3204739158866399232,6849,9,501,1,2020,2998.86
3204739158866399232,6849,9,501,2,2020,1827.09
3204739158866399232,6849,9,501,3,2020,1234.79
3204739158866399232,6849,9,501,4,2020,3462.5
3204739158866399232,6849,9,501,5,2020,3390.14
3204739158866399232,6849,9,501,6,2020,5516.78
3204739158866399232,6849,9,501,7,2020,5501.58
3204739158866399232,6849,9,501,8,2020,5483.14
3204739158866399232,6849,9,501,9,2020,10138.27
3204739158866399232,6849,9,501,10,2020,2381.77
3204739158866399232,6849,9,501,11,2020,3431.91
3204739158866399232,6849,9,501,12,2020,2691.55
32062621905216280,5585,0,19635,1,2020,1831.93
32062621905216280,5585,0,19635,2,2020,-153.42
32062621905216280,5585,0,19635,3,2020,-3761.23
32062621905216280,5585,0,19635,4,2020,-1819.16
32062621905216280,5585,0,19635,5,2020,-33.86
32062621905216280,5585,0,19635,6,2020,7.73
32062621905216280,5585,0,19635,7,2020,-1826.31
32062621905216280,5585,0,19635,8,2020,881.43
32062621905216280,5585,0,19635,9,2020,430.02
32062621905216280,5585,0,19635,10,2020,-6656.0
32062621905216280,5585,0,19635,11,2020,-5468.91
32062621905216280,5585,0,19635,12,2020,-6666.79
3207401696386642432,2087,8,72686,1,2020,2775.21
3207401696386642432,2087,8,72686,2,2020,4696.18
3207401696386642432,2087,8,72686,3,2020,7521.62
3207401696386642432,2087,8,72686,4,2020,7986.65
3207401696386642432,2087,8,72686,5,2020,7617.02
3207401696386642432,2087,8,72686,6,2020,3935.62
3207401696386642432,2087,8,72686,7,2020,-1579.33
3207401696386642432,2087,8,72686,8,2020,-3522.72
3207401696386642432,2087,8,72686,9,2020,-6400.24
3207401696386642432,2087,8,72686,10,2020,-6454.96
3207401696386642432,2087,8,72686,11,2020,-8480.05
3207401696386642432,2087,8,72686,12,2020,-4816.44
3209590874655921152,6892,9,63165,1,2020,0.0
3209590874655921152,6892,9,63165,2,2020,154.47
3209590874655921152,6892,9,63165,3,2020,1892.66
3209590874655921152,6892,9,63165,4,2020,1892.66
3209590874655921152,6892,9,63165,5,2020,1904.23
3209590874655921152,6892,9,63165,6,2020,2984.12
3209590874655921152,6892,9,63165,7,2020,4742.65
3209590874655921152,6892,9,63165,8,2020,4742.65
3209590874655921152,6892,9,63165,9,2020,4742.65
3209590874655921152,6892,9,63165,10,2020,4742.65
3209590874655921152,6892,9,63165,11,2020,4742.65
3209590874655921152,6892,9,63165,12,2020,4742.65
3209932517401678336,5902,5,33074,1,2020,-5286.89
3209932517401678336,5902,5,33074,2,2020,-5020.11
3209932517401678336,5902,5,33074,3,2020,-4276.8
3209932517401678336,5902,5,33074,4,2020,-2241.48
3209932517401678336,5902,5,33074,5,2020,-4892.06
3209932517401678336,5902,5,33074,6,2020,-3753.17
3209932517401678336,5902,5,33074,7,2020,-5871.22
3209932517401678336,5902,5,33074,8,2020,-6158.98
3209932517401678336,5902,5,33074,9,2020,-4702.47
3209932517401678336,5902,5,33074,10,2020,-7548.68
3209932517401678336,5902,5,33074,11,2020,-5284.14
3209932517401678336,5902,5,33074,12,2020,-6487.67
3210959319459246592,1746,4,48998,1,2020,898.61
3210959319459246592,1746,4,48998,2,2020,-4741.25
3210959319459246592,1746,4,48998,3,2020,-5363.86
3210959319459246592,1746,4,48998,4,2020,-6561.55
3210959319459246592,1746,4,48998,5,2020,-6723.81
3210959319459246592,1746,4,48998,6,2020,-10869.27
3210959319459246592,1746,4,48998,7,2020,-10095.18
3210959319459246592,1746,4,48998,8,2020,-8681.52
3210959319459246592,1746,4,48998,9,2020,-7520.34
3210959319459246592,1746,4,48998,10,2020,-6858.37
3210959319459246592,1746,4,48998,11,2020,-7451.0
3210959319459246592,1746,4,48998,12,2020,-8167.65
3211221895214389248,5778,2,76679,1,2020,-5146.63
3211221895214389248,5778,2,76679,2,2020,-11702.7
3211221895214389248,5778,2,76679,3,2020,-8522.21
3211221895214389248,5778,2,76679,4,2020,-11876.46
3211221895214389248,5778,2,76679,5,2020,-18431.18
3211221895214389248,5778,2,76679,6,2020,-23247.58
3211221895214389248,5778,2,76679,7,2020,-23490.63
3211221895214389248,5778,2,76679,8,2020,-17679.23
3211221895214389248,5778,2,76679,9,2020,-18845.1
3211221895214389248,5778,2,76679,10,2020,-22781.83
3211221895214389248,5778,2,76679,11,2020,-29566.75
3211221895214389248,5778,2,76679,12,2020,-29281.91
3213344683094946816,4100,1,2193,1,2020,-5365.78
3213344683094946816,4100,1,2193,2,2020,-11536.46
3213344683094946816,4100,1,2193,3,2020,-15563.73
3213344683094946816,4100,1,2193,4,2020,-12248.76
3213344683094946816,4100,1,2193,5,2020,-12178.96
3213344683094946816,4100,1,2193,6,2020,-11420.83
3213344683094946816,4100,1,2193,7,2020,-14286.55
3213344683094946816,4100,1,2193,8,2020,-19786.54
3213344683094946816,4100,1,2193,9,2020,-14600.16
3213344683094946816,4100,1,2193,10,2020,-10281.21
3213344683094946816,4100,1,2193,11,2020,-9273.81
3213344683094946816,4100,1,2193,12,2020,-8468.51
3213548704746831872,4861,2,35541,1,2020,-1730.85
3213548704746831872,4861,2,35541,2,2020,-5481.13
3213548704746831872,4861,2,35541,3,2020,-5636.13
3213548704746831872,4861,2,35541,4,2020,-14231.08
3213548704746831872,4861,2,35541,5,2020,-10905.51
3213548704746831872,4861,2,35541,6,2020,-11442.69
3213548704746831872,4861,2,35541,7,2020,-12031.18
3213548704746831872,4861,2,35541,8,2020,-3756.73
