63577985048617496,46,0,27475,2,2020,-9578.14
63577985048617496,46,0,27475,3,2020,-14709.89
63577985048617496,46,0,27475,4,2020,-19646.71
63577985048617496,46,0,27475,5,2020,-15710.91
63577985048617496,46,0,27475,6,2020,-16221.83
63577985048617496,46,0,27475,7,2020,-10933.99
63577985048617496,46,0,27475,8,2020,-15242.67
63577985048617496,46,0,27475,9,2020,-18440.32
63577985048617496,46,0,27475,10,2020,-17942.2
63577985048617496,46,0,27475,11,2020,-15207.7
63577985048617496,46,0,27475,12,2020,-14182.73
635841251687430656,4266,9,35138,1,2020,251.61
635841251687430656,4266,9,35138,2,2020,251.61
635841251687430656,4266,9,35138,3,2020,-2738.48
635841251687430656,4266,9,35138,4,2020,-2389.86
635841251687430656,4266,9,35138,5,2020,-1981.29
635841251687430656,4266,9,35138,6,2020,-3524.62
635841251687430656,4266,9,35138,7,2020,-5130.01
635841251687430656,4266,9,35138,8,2020,-3350.47
635841251687430656,4266,9,35138,9,2020,-3631.46
635841251687430656,4266,9,35138,10,2020,-4976.02
635841251687430656,4266,9,35138,11,2020,-4103.8
635841251687430656,4266,9,35138,12,2020,-4103.8
635977358429491072,3610,4,24949,1,2020,-774.51
635977358429491072,3610,4,24949,2,2020,-2068.08
635977358429491072,3610,4,24949,3,2020,-4382.47
635977358429491072,3610,4,24949,4,2020,-5516.73
635977358429491072,3610,4,24949,5,2020,-2078.52
635977358429491072,3610,4,24949,6,2020,-3488.0
635977358429491072,3610,4,24949,7,2020,-3153.02
635977358429491072,3610,4,24949,8,2020,1709.05
635977358429491072,3610,4,24949,9,2020,7384.52
635977358429491072,3610,4,24949,10,2020,10065.97
635977358429491072,3610,4,24949,11,2020,5673.87
635977358429491072,3610,4,24949,12,2020,-1014.38
637735776804361728,7439,5,3707,1,2020,-1517.59
637735776804361728,7439,5,3707,2,2020,-3808.2
637735776804361728,7439,5,3707,3,2020,-5041.92
637735776804361728,7439,5,3707,4,2020,2099.41
637735776804361728,7439,5,3707,5,2020,-1396.43
637735776804361728,7439,5,3707,6,2020,-8359.72
637735776804361728,7439,5,3707,7,2020,-8923.54
637735776804361728,7439,5,3707,8,2020,-7600.18
637735776804361728,7439,5,3707,9,2020,-18234.98
637735776804361728,7439,5,3707,10,2020,-13732.45
637735776804361728,7439,5,3707,11,2020,-15624.19
637735776804361728,7439,5,3707,12,2020,-22514.24
637989035957502592,4394,6,94075,1,2020,-2190.91
637989035957502592,4394,6,94075,2,2020,-2190.91
637989035957502592,4394,6,94075,3,2020,-2190.91
637989035957502592,4394,6,94075,4,2020,-1682.17
637989035957502592,4394,6,94075,5,2020,-2348.76
637989035957502592,4394,6,94075,6,2020,-806.18
637989035957502592,4394,6,94075,7,2020,-1873.51
637989035957502592,4394,6,94075,8,2020,-6583.23
637989035957502592,4394,6,94075,9,2020,-6690.87
637989035957502592,4394,6,94075,10,2020,-5926.67
637989035957502592,4394,6,94075,11,2020,-5721.14
637989035957502592,4394,6,94075,12,2020,-6103.25
638724179493692928,4739,3,17101,1,2020,1743.53
638724179493692928,4739,3,17101,2,2020,-4965.87
638724179493692928,4739,3,17101,3,2020,-6166.63
638724179493692928,4739,3,17101,4,2020,129.42
638724179493692928,4739,3,17101,5,2020,-1099.53
638724179493692928,4739,3,17101,6,2020,-1099.53
638724179493692928,4739,3,17101,7,2020,-1045.35
638724179493692928,4739,3,17101,8,2020,-3746.69
638724179493692928,4739,3,17101,9,2020,-4806.38
638724179493692928,4739,3,17101,10,2020,-1041.63
638724179493692928,4739,3,17101,11,2020,-3673.26
638724179493692928,4739,3,17101,12,2020,-2923.44
638810770999674368,5746,9,91255,1,2020,-994.76
638810770999674368,5746,9,91255,2,2020,-2752.57
638810770999674368,5746,9,91255,3,2020,6.32
638810770999674368,5746,9,91255,4,2020,51.03
638810770999674368,5746,9,91255,5,2020,4266.42
638810770999674368,5746,9,91255,6,2020,9303.46
638810770999674368,5746,9,91255,7,2020,9303.46
638810770999674368,5746,9,91255,8,2020,10541.43
638810770999674368,5746,9,91255,9,2020,11860.44
638810770999674368,5746,9,91255,10,2020,13235.79
638810770999674368,5746,9,91255,11,2020,14412.19
638810770999674368,5746,9,91255,12,2020,12139.13
639049093491520640,9986,7,90936,1,2020,-6888.21
639049093491520640,9986,7,90936,2,2020,-10011.26
639049093491520640,9986,7,90936,3,2020,-16524.21
639049093491520640,9986,7,90936,4,2020,-8898.71
639049093491520640,9986,7,90936,5,2020,-8615.34
639049093491520640,9986,7,90936,6,2020,-7806.82
639049093491520640,9986,7,90936,7,2020,-7110.86
639049093491520640,9986,7,90936,8,2020,-10482.01
639049093491520640,9986,7,90936,9,2020,-9027.92
639049093491520640,9986,7,90936,10,2020,-8182.8
639049093491520640,9986,7,90936,11,2020,-6315.2
639049093491520640,9986,7,90936,12,2020,-3509.57
639052608205363968,5918,4,38858,1,2020,-2164.75
639052608205363968,5918,4,38858,2,2020,-1463.5
639052608205363968,5918,4,38858,3,2020,-3697.35
639052608205363968,5918,4,38858,4,2020,-3190.93
639052608205363968,5918,4,38858,5,2020,-4970.46
639052608205363968,5918,4,38858,6,2020,-2985.29
639052608205363968,5918,4,38858,7,2020,-1051.89
639052608205363968,5918,4,38858,8,2020,-897.83
639052608205363968,5918,4,38858,9,2020,4446.19
639052608205363968,5918,4,38858,10,2020,8136.51
639052608205363968,5918,4,38858,11,2020,8047.74
639052608205363968,5918,4,38858,12,2020,7180.31
639911479009065728,2421,8,67646,1,2020,-1153.33
639911479009065728,2421,8,67646,2,2020,5356.94
639911479009065728,2421,8,67646,3,2020,6334.35
639911479009065728,2421,8,67646,4,2020,6021.39
639911479009065728,2421,8,67646,5,2020,9259.69
639911479009065728,2421,8,67646,6,2020,10562.96
639911479009065728,2421,8,67646,7,2020,12171.17
639911479009065728,2421,8,67646,8,2020,11336.16
639911479009065728,2421,8,67646,9,2020,15573.07
639911479009065728,2421,8,67646,10,2020,13099.53
639911479009065728,2421,8,67646,11,2020,11050.87
639911479009065728,2421,8,67646,12,2020,13942.04
641736724986978432,7532,8,64521,1,2020,-9893.31
641736724986978432,7532,8,64521,2,2020,-10735.77
641736724986978432,7532,8,64521,3,2020,-13632.38
641736724986978432,7532,8,64521,4,2020,-11525.19
641736724986978432,7532,8,64521,5,2020,-8402.28
641736724986978432,7532,8,64521,6,2020,-3657.17
641736724986978432,7532,8,64521,7,2020,-2070.89
641736724986978432,7532,8,64521,8,2020,4866.09
641736724986978432,7532,8,64521,9,2020,522.42
641736724986978432,7532,8,64521,10,2020,-2125.57
641736724986978432,7532,8,64521,11,2020,-710.84
641736724986978432,7532,8,64521,12,2020,1509.56
642862959963418496,1184,0,49878,1,2020,-2713.65
642862959963418496,1184,0,49878,2,2020,-5023.78
642862959963418496,1184,0,49878,3,2020,-3895.3
642862959963418496,1184,0,49878,4,2020,-5621.04
642862959963418496,1184,0,49878,5,2020,-6634.99
642862959963418496,1184,0,49878,6,2020,-7952.26
642862959963418496,1184,0,49878,7,2020,-10761.03
642862959963418496,1184,0,49878,8,2020,-10543.91
642862959963418496,1184,0,49878,9,2020,-8469.88
642862959963418496,1184,0,49878,10,2020,-10390.06
642862959963418496,1184,0,49878,11,2020,-12365.41
642862959963418496,1184,0,49878,12,2020,-14491.88
642986765029162752,7423,2,4354,1,2020,-796.35
642986765029162752,7423,2,4354,2,2020,806.99
642986765029162752,7423,2,4354,3,2020,-319.02
642986765029162752,7423,2,4354,4,2020,-3617.02
642986765029162752,7423,2,4354,5,2020,2191.3
642986765029162752,7423,2,4354,6,2020,783.51
642986765029162752,7423,2,4354,7,2020,-234.27
642986765029162752,7423,2,4354,8,2020,1586.88
642986765029162752,7423,2,4354,9,2020,740.29
642986765029162752,7423,2,4354,10,2020,472.62
642986765029162752,7423,2,4354,11,2020,-2684.07
642986765029162752,7423,2,4354,12,2020,395.02
643056608223555584,7511,4,13857,1,2020,-3092.38
643056608223555584,7511,4,13857,2,2020,-3642.99
643056608223555584,7511,4,13857,3,2020,-5212.54
643056608223555584,7511,4,13857,4,2020,-5801.4
643056608223555584,7511,4,13857,5,2020,-8065.46
643056608223555584,7511,4,13857,6,2020,-9337.88
643056608223555584,7511,4,13857,7,2020,-6017.01
643056608223555584,7511,4,13857,8,2020,-4446.03
643056608223555584,7511,4,13857,9,2020,-476.27
643056608223555584,7511,4,13857,10,2020,-2909.05
643056608223555584,7511,4,13857,11,2020,3431.08
643056608223555584,7511,4,13857,12,2020,-1076.25
644145216558971264,6077,5,52925,1,2020,506.39
644145216558971264,6077,5,52925,2,2020,-1108.64
644145216558971264,6077,5,52925,3,2020,-1108.64
644145216558971264,6077,5,52925,4,2020,-1108.64
644145216558971264,6077,5,52925,5,2020,-2350.68
644145216558971264,6077,5,52925,6,2020,-3710.22
644145216558971264,6077,5,52925,7,2020,-4996.79
644145216558971264,6077,5,52925,8,2020,-4371.3
644145216558971264,6077,5,52925,9,2020,-4897.27
644145216558971264,6077,5,52925,10,2020,-4897.27
644145216558971264,6077,5,52925,11,2020,-1549.68
644145216558971264,6077,5,52925,12,2020,1284.72
646307376433173888,6058,5,55392,1,2020,1813.21
646307376433173888,6058,5,55392,2,2020,9234.51
646307376433173888,6058,5,55392,3,2020,2796.27
646307376433173888,6058,5,55392,4,2020,-1435.73
646307376433173888,6058,5,55392,5,2020,-4196.37
646307376433173888,6058,5,55392,6,2020,-5878.81
646307376433173888,6058,5,55392,7,2020,-8865.91
646307376433173888,6058,5,55392,8,2020,5297.75
646307376433173888,6058,5,55392,9,2020,632.67
646307376433173888,6058,5,55392,10,2020,-3614.33
646307376433173888,6058,5,55392,11,2020,-2567.87
646307376433173888,6058,5,55392,12,2020,-6148.31
647098222087970432,6497,0,68200,1,2020,5896.3
647098222087970432,6497,0,68200,2,2020,4646.48
647098222087970432,6497,0,68200,3,2020,125.59
647098222087970432,6497,0,68200,4,2020,7021.36
647098222087970432,6497,0,68200,5,2020,11801.97
647098222087970432,6497,0,68200,6,2020,19796.53
647098222087970432,6497,0,68200,7,2020,17367.21
647098222087970432,6497,0,68200,8,2020,18347.92
647098222087970432,6497,0,68200,9,2020,15132.4
647098222087970432,6497,0,68200,10,2020,16341.05
647098222087970432,6497,0,68200,11,2020,18627.84
647098222087970432,6497,0,68200,12,2020,23139.84
64761203857771520,8868,6,51311,1,2020,-12175.02
64761203857771520,8868,6,51311,2,2020,-5175.95
64761203857771520,8868,6,51311,3,2020,1083.57
64761203857771520,8868,6,51311,4,2020,4869.46
64761203857771520,8868,6,51311,5,2020,11051.51
64761203857771520,8868,6,51311,6,2020,8955.5
64761203857771520,8868,6,51311,7,2020,13790.7
64761203857771520,8868,6,51311,8,2020,4320.51
64761203857771520,8868,6,51311,9,2020,8650.43
64761203857771520,8868,6,51311,10,2020,17742.55
64761203857771520,8868,6,51311,11,2020,12397.17
64761203857771520,8868,6,51311,12,2020,11587.07
647764975088778624,7991,0,80367,1,2020,1858.61
647764975088778624,7991,0,80367,2,2020,2584.06
647764975088778624,7991,0,80367,3,2020,1494.37
647764975088778624,7991,0,80367,4,2020,-163.88
647764975088778624,7991,0,80367,5,2020,-2067.71
647764975088778624,7991,0,80367,6,2020,-700.75
647764975088778624,7991,0,80367,7,2020,-7245.45
647764975088778624,7991,0,80367,8,2020,-8700.0
647764975088778624,7991,0,80367,9,2020,-13802.14
647764975088778624,7991,0,80367,10,2020,-14083.36
647764975088778624,7991,0,80367,11,2020,-11144.86
647764975088778624,7991,0,80367,12,2020,-10429.9
648355199840677888,6815,7,21328,1,2020,5032.02
648355199840677888,6815,7,21328,2,2020,-340.73
648355199840677888,6815,7,21328,3,2020,-6933.55
648355199840677888,6815,7,21328,4,2020,-5469.35
648355199840677888,6815,7,21328,5,2020,-2154.33
648355199840677888,6815,7,21328,6,2020,-193.31
648355199840677888,6815,7,21328,7,2020,-4456.15
648355199840677888,6815,7,21328,8,2020,-4009.3
648355199840677888,6815,7,21328,9,2020,-2652.05
648355199840677888,6815,7,21328,10,2020,-4847.84
648355199840677888,6815,7,21328,11,2020,-9983.82
648355199840677888,6815,7,21328,12,2020,-9744.26
649267614396044160,1742,7,70629,1,2020,-4134.45
649267614396044160,1742,7,70629,2,2020,-4274.43
649267614396044160,1742,7,70629,3,2020,-4274.43
