3250447520863732736,4089,2,67343,8,2020,-2996.4
3250447520863732736,4089,2,67343,9,2020,-2704.6
3250447520863732736,4089,2,67343,10,2020,-2704.6
3250447520863732736,4089,2,67343,11,2020,-43.0
3250447520863732736,4089,2,67343,12,2020,-1306.81
3251085081558853632,1464,4,39332,1,2020,-726.05
3251085081558853632,1464,4,39332,2,2020,133.37
3251085081558853632,1464,4,39332,3,2020,133.37
3251085081558853632,1464,4,39332,4,2020,133.37
3251085081558853632,1464,4,39332,5,2020,133.37
3251085081558853632,1464,4,39332,6,2020,133.37
3251085081558853632,1464,4,39332,7,2020,1636.12
3251085081558853632,1464,4,39332,8,2020,1238.67
3251085081558853632,1464,4,39332,9,2020,-1198.5
3251085081558853632,1464,4,39332,10,2020,-1632.45
3251085081558853632,1464,4,39332,11,2020,-1632.45
3251085081558853632,1464,4,39332,12,2020,-1632.45
3251985966263779328,8427,9,33853,1,2020,-1018.03
3251985966263779328,8427,9,33853,2,2020,-7902.95
3251985966263779328,8427,9,33853,3,2020,-7254.57
3251985966263779328,8427,9,33853,4,2020,-2375.32
3251985966263779328,8427,9,33853,5,2020,2343.83
3251985966263779328,8427,9,33853,6,2020,-6122.37
3251985966263779328,8427,9,33853,7,2020,-1244.42
3251985966263779328,8427,9,33853,8,2020,-4114.92
3251985966263779328,8427,9,33853,9,2020,-2366.45
3251985966263779328,8427,9,33853,10,2020,-1634.41
3251985966263779328,8427,9,33853,11,2020,-513.71
3251985966263779328,8427,9,33853,12,2020,-1659.97
32538827994227980,5513,2,31657,1,2020,12333.85
32538827994227980,5513,2,31657,2,2020,19749.96
32538827994227980,5513,2,31657,3,2020,19253.11
32538827994227980,5513,2,31657,4,2020,19564.19
32538827994227980,5513,2,31657,5,2020,18342.31
32538827994227980,5513,2,31657,6,2020,20309.21
32538827994227980,5513,2,31657,7,2020,21674.89
32538827994227980,5513,2,31657,8,2020,23275.96
32538827994227980,5513,2,31657,9,2020,31329.44
32538827994227980,5513,2,31657,10,2020,33217.54
32538827994227980,5513,2,31657,11,2020,32098.42
32538827994227980,5513,2,31657,12,2020,33314.0
3255048218793952256,5798,1,7097,1,2020,1297.39
3255048218793952256,5798,1,7097,2,2020,-1934.82
3255048218793952256,5798,1,7097,3,2020,-4307.73
3255048218793952256,5798,1,7097,4,2020,-10668.57
3255048218793952256,5798,1,7097,5,2020,-11459.55
3255048218793952256,5798,1,7097,6,2020,-8008.89
3255048218793952256,5798,1,7097,7,2020,-8215.13
3255048218793952256,5798,1,7097,8,2020,-8298.52
3255048218793952256,5798,1,7097,9,2020,-7256.21
3255048218793952256,5798,1,7097,10,2020,-8305.64
3255048218793952256,5798,1,7097,11,2020,-4949.58
3255048218793952256,5798,1,7097,12,2020,-8595.64
325525863981236416,4880,8,97054,1,2020,-3376.21
325525863981236416,4880,8,97054,2,2020,-1896.62
325525863981236416,4880,8,97054,3,2020,-4172.81
325525863981236416,4880,8,97054,4,2020,-2805.21
325525863981236416,4880,8,97054,5,2020,-895.75
325525863981236416,4880,8,97054,6,2020,3149.66
325525863981236416,4880,8,97054,7,2020,5752.57
325525863981236416,4880,8,97054,8,2020,1672.64
325525863981236416,4880,8,97054,9,2020,3525.22
325525863981236416,4880,8,97054,10,2020,1997.6
325525863981236416,4880,8,97054,11,2020,1591.5
325525863981236416,4880,8,97054,12,2020,1609.88
3255420672142633472,6231,8,77774,1,2020,1184.17
3255420672142633472,6231,8,77774,2,2020,3276.68
3255420672142633472,6231,8,77774,3,2020,2312.27
3255420672142633472,6231,8,77774,4,2020,837.32
3255420672142633472,6231,8,77774,5,2020,10558.29
3255420672142633472,6231,8,77774,6,2020,11001.37
3255420672142633472,6231,8,77774,7,2020,8753.65
3255420672142633472,6231,8,77774,8,2020,10376.18
3255420672142633472,6231,8,77774,9,2020,14660.24
3255420672142633472,6231,8,77774,10,2020,13998.39
3255420672142633472,6231,8,77774,11,2020,20254.8
3255420672142633472,6231,8,77774,12,2020,20659.11
3255606849723675648,5049,4,78405,1,2020,2358.99
3255606849723675648,5049,4,78405,2,2020,1379.54
3255606849723675648,5049,4,78405,3,2020,4022.02
3255606849723675648,5049,4,78405,4,2020,5636.0
3255606849723675648,5049,4,78405,5,2020,8910.68
3255606849723675648,5049,4,78405,6,2020,8293.87
3255606849723675648,5049,4,78405,7,2020,5922.63
3255606849723675648,5049,4,78405,8,2020,6863.97
3255606849723675648,5049,4,78405,9,2020,5240.4
3255606849723675648,5049,4,78405,10,2020,6241.9
3255606849723675648,5049,4,78405,11,2020,4372.72
3255606849723675648,5049,4,78405,12,2020,6800.92
3256025206066085888,4924,8,41862,1,2020,1647.23
3256025206066085888,4924,8,41862,2,2020,1183.66
3256025206066085888,4924,8,41862,3,2020,10923.96
3256025206066085888,4924,8,41862,4,2020,9023.04
3256025206066085888,4924,8,41862,5,2020,7282.66
3256025206066085888,4924,8,41862,6,2020,7611.61
3256025206066085888,4924,8,41862,7,2020,5851.79
3256025206066085888,4924,8,41862,8,2020,10101.18
3256025206066085888,4924,8,41862,9,2020,8302.48
3256025206066085888,4924,8,41862,10,2020,6517.86
3256025206066085888,4924,8,41862,11,2020,1567.11
3256025206066085888,4924,8,41862,12,2020,-457.87
3256366214911638016,222,5,87608,1,2020,-1012.04
3256366214911638016,222,5,87608,2,2020,-1637.21
3256366214911638016,222,5,87608,3,2020,-458.06
3256366214911638016,222,5,87608,4,2020,-347.45
3256366214911638016,222,5,87608,5,2020,-247.77
3256366214911638016,222,5,87608,6,2020,-186.35
3256366214911638016,222,5,87608,7,2020,139.55
3256366214911638016,222,5,87608,8,2020,4554.52
3256366214911638016,222,5,87608,9,2020,1553.9
3256366214911638016,222,5,87608,10,2020,-186.64
3256366214911638016,222,5,87608,11,2020,2981.05
3256366214911638016,222,5,87608,12,2020,5883.46
3256796197236274688,2869,0,70316,1,2020,-871.25
3256796197236274688,2869,0,70316,2,2020,-3666.89
3256796197236274688,2869,0,70316,3,2020,980.53
3256796197236274688,2869,0,70316,4,2020,-2974.64
3256796197236274688,2869,0,70316,5,2020,-1465.49
3256796197236274688,2869,0,70316,6,2020,-2393.18
3256796197236274688,2869,0,70316,7,2020,-3640.2
3256796197236274688,2869,0,70316,8,2020,-3377.92
3256796197236274688,2869,0,70316,9,2020,-2882.69
3256796197236274688,2869,0,70316,10,2020,-2261.95
3256796197236274688,2869,0,70316,11,2020,-6077.43
3256796197236274688,2869,0,70316,12,2020,-884.26
3257134870836947456,7244,4,97319,1,2020,0.0
3257134870836947456,7244,4,97319,2,2020,0.0
3257134870836947456,7244,4,97319,3,2020,0.0
3257134870836947456,7244,4,97319,4,2020,1839.42
3257134870836947456,7244,4,97319,5,2020,-829.57
3257134870836947456,7244,4,97319,6,2020,-2341.71
3257134870836947456,7244,4,97319,7,2020,-2341.71
3257134870836947456,7244,4,97319,8,2020,-2341.71
3257134870836947456,7244,4,97319,9,2020,-2341.71
3257134870836947456,7244,4,97319,10,2020,-3771.3
3257134870836947456,7244,4,97319,11,2020,-4791.06
3257134870836947456,7244,4,97319,12,2020,-6408.04
3257904800572419072,9628,3,58981,1,2020,-1509.09
3257904800572419072,9628,3,58981,2,2020,-10179.48
3257904800572419072,9628,3,58981,3,2020,-11243.14
3257904800572419072,9628,3,58981,4,2020,-6318.63
3257904800572419072,9628,3,58981,5,2020,-2463.44
3257904800572419072,9628,3,58981,6,2020,-1352.52
3257904800572419072,9628,3,58981,7,2020,-1943.79
3257904800572419072,9628,3,58981,8,2020,1612.92
3257904800572419072,9628,3,58981,9,2020,5661.99
3257904800572419072,9628,3,58981,10,2020,-5421.73
3257904800572419072,9628,3,58981,11,2020,-6043.22
3257904800572419072,9628,3,58981,12,2020,-9812.4
3259357247583805952,4728,6,1228,1,2020,4250.15
3259357247583805952,4728,6,1228,2,2020,650.83
3259357247583805952,4728,6,1228,3,2020,2693.83
3259357247583805952,4728,6,1228,4,2020,-4190.06
3259357247583805952,4728,6,1228,5,2020,999.46
3259357247583805952,4728,6,1228,6,2020,4812.62
3259357247583805952,4728,6,1228,7,2020,14139.03
3259357247583805952,4728,6,1228,8,2020,16129.48
3259357247583805952,4728,6,1228,9,2020,17500.46
3259357247583805952,4728,6,1228,10,2020,8438.54
3259357247583805952,4728,6,1228,11,2020,-190.01
3259357247583805952,4728,6,1228,12,2020,6168.28
3260110734251979264,2409,1,45137,1,2020,2090.91
3260110734251979264,2409,1,45137,2,2020,4985.36
3260110734251979264,2409,1,45137,3,2020,9392.7
3260110734251979264,2409,1,45137,4,2020,7342.71
3260110734251979264,2409,1,45137,5,2020,11099.41
3260110734251979264,2409,1,45137,6,2020,8848.64
3260110734251979264,2409,1,45137,7,2020,2391.23
3260110734251979264,2409,1,45137,8,2020,6686.69
3260110734251979264,2409,1,45137,9,2020,1709.16
3260110734251979264,2409,1,45137,10,2020,-176.1
3260110734251979264,2409,1,45137,11,2020,-2524.37
3260110734251979264,2409,1,45137,12,2020,-13838.72
3261023486988820480,8065,6,98739,1,2020,1989.26
3261023486988820480,8065,6,98739,2,2020,6037.3
3261023486988820480,8065,6,98739,3,2020,2831.45
3261023486988820480,8065,6,98739,4,2020,8596.08
3261023486988820480,8065,6,98739,5,2020,10982.21
3261023486988820480,8065,6,98739,6,2020,14221.74
3261023486988820480,8065,6,98739,7,2020,16386.98
3261023486988820480,8065,6,98739,8,2020,20503.2
3261023486988820480,8065,6,98739,9,2020,19618.88
3261023486988820480,8065,6,98739,10,2020,15978.68
3261023486988820480,8065,6,98739,11,2020,13470.22
3261023486988820480,8065,6,98739,12,2020,12841.26
3261378166086417408,1919,3,10797,1,2020,2685.81
3261378166086417408,1919,3,10797,2,2020,3771.61
3261378166086417408,1919,3,10797,3,2020,6065.9
3261378166086417408,1919,3,10797,4,2020,-3732.59
3261378166086417408,1919,3,10797,5,2020,-5269.65
3261378166086417408,1919,3,10797,6,2020,-9431.11
3261378166086417408,1919,3,10797,7,2020,-671.26
3261378166086417408,1919,3,10797,8,2020,9310.48
3261378166086417408,1919,3,10797,9,2020,12766.36
3261378166086417408,1919,3,10797,10,2020,25413.75
3261378166086417408,1919,3,10797,11,2020,19452.06
3261378166086417408,1919,3,10797,12,2020,14170.63
326313646152664128,6824,2,46404,1,2020,-1250.77
326313646152664128,6824,2,46404,2,2020,-1787.71
326313646152664128,6824,2,46404,3,2020,-2996.98
326313646152664128,6824,2,46404,4,2020,-1633.32
326313646152664128,6824,2,46404,5,2020,-2479.28
326313646152664128,6824,2,46404,6,2020,3937.02
326313646152664128,6824,2,46404,7,2020,5377.45
326313646152664128,6824,2,46404,8,2020,3425.57
326313646152664128,6824,2,46404,9,2020,3293.78
326313646152664128,6824,2,46404,10,2020,1201.65
326313646152664128,6824,2,46404,11,2020,197.52
326313646152664128,6824,2,46404,12,2020,4933.51
3263688995060358656,1662,9,29059,1,2020,-4940.91
3263688995060358656,1662,9,29059,2,2020,-3552.21
3263688995060358656,1662,9,29059,3,2020,-6037.29
3263688995060358656,1662,9,29059,4,2020,-5784.36
3263688995060358656,1662,9,29059,5,2020,-4642.13
3263688995060358656,1662,9,29059,6,2020,-4481.27
3263688995060358656,1662,9,29059,7,2020,-7670.14
3263688995060358656,1662,9,29059,8,2020,-10744.09
3263688995060358656,1662,9,29059,9,2020,-7792.71
3263688995060358656,1662,9,29059,10,2020,-5661.82
3263688995060358656,1662,9,29059,11,2020,-1941.67
3263688995060358656,1662,9,29059,12,2020,747.59
3264058882562129408,1913,8,56189,1,2020,3455.93
3264058882562129408,1913,8,56189,2,2020,-5217.81
3264058882562129408,1913,8,56189,3,2020,-1677.28
3264058882562129408,1913,8,56189,4,2020,-2265.97
3264058882562129408,1913,8,56189,5,2020,-1975.09
3264058882562129408,1913,8,56189,6,2020,-4212.64
3264058882562129408,1913,8,56189,7,2020,-3541.32
3264058882562129408,1913,8,56189,8,2020,72.66
3264058882562129408,1913,8,56189,9,2020,1909.08
3264058882562129408,1913,8,56189,10,2020,-131.75
3264058882562129408,1913,8,56189,11,2020,5395.11
3264058882562129408,1913,8,56189,12,2020,793.67
3264217381129019904,7688,8,89114,1,2020,415.58
3264217381129019904,7688,8,89114,2,2020,-1550.93
3264217381129019904,7688,8,89114,3,2020,-2490.25
3264217381129019904,7688,8,89114,4,2020,-3673.83
3264217381129019904,7688,8,89114,5,2020,-6772.73
3264217381129019904,7688,8,89114,6,2020,-8158.65
3264217381129019904,7688,8,89114,7,2020,-9312.34
