959659316261034880,3505,3,99863,10,2020,-345.83
959659316261034880,3505,3,99863,11,2020,16.59
959659316261034880,3505,3,99863,12,2020,-200.93
960500885252638720,5830,5,35262,1,2020,-3216.91
960500885252638720,5830,5,35262,2,2020,-9533.42
960500885252638720,5830,5,35262,3,2020,-13963.61
960500885252638720,5830,5,35262,4,2020,-12913.61
960500885252638720,5830,5,35262,5,2020,-14306.93
960500885252638720,5830,5,35262,6,2020,-14147.22
960500885252638720,5830,5,35262,7,2020,-7832.66
960500885252638720,5830,5,35262,8,2020,-3532.77
960500885252638720,5830,5,35262,9,2020,-7346.46
960500885252638720,5830,5,35262,10,2020,-495.17
960500885252638720,5830,5,35262,11,2020,-323.54
960500885252638720,5830,5,35262,12,2020,-813.4
960645195274571136,3162,5,79493,1,2020,121.44
960645195274571136,3162,5,79493,2,2020,6972.56
960645195274571136,3162,5,79493,3,2020,3955.0
960645195274571136,3162,5,79493,4,2020,214.03
960645195274571136,3162,5,79493,5,2020,-1324.39
960645195274571136,3162,5,79493,6,2020,4522.84
960645195274571136,3162,5,79493,7,2020,-2282.54
960645195274571136,3162,5,79493,8,2020,1745.74
960645195274571136,3162,5,79493,9,2020,-348.33
960645195274571136,3162,5,79493,10,2020,-5446.87
960645195274571136,3162,5,79493,11,2020,-5829.32
960645195274571136,3162,5,79493,12,2020,-3369.75
960686432635835008,9220,2,89342,1,2020,-505.25
960686432635835008,9220,2,89342,2,2020,147.99
960686432635835008,9220,2,89342,3,2020,2979.98
960686432635835008,9220,2,89342,4,2020,4035.26
960686432635835008,9220,2,89342,5,2020,3228.74
960686432635835008,9220,2,89342,6,2020,1398.27
960686432635835008,9220,2,89342,7,2020,481.48
960686432635835008,9220,2,89342,8,2020,-1378.65
960686432635835008,9220,2,89342,9,2020,-3617.27
960686432635835008,9220,2,89342,10,2020,-3989.81
960686432635835008,9220,2,89342,11,2020,-3135.22
960686432635835008,9220,2,89342,12,2020,320.16
961902381183523584,9421,8,20457,1,2020,-2608.92
961902381183523584,9421,8,20457,2,2020,-3964.82
961902381183523584,9421,8,20457,3,2020,-1887.54
961902381183523584,9421,8,20457,4,2020,-184.95
961902381183523584,9421,8,20457,5,2020,1077.12
961902381183523584,9421,8,20457,6,2020,-3683.71
961902381183523584,9421,8,20457,7,2020,-5343.05
961902381183523584,9421,8,20457,8,2020,-700.49
961902381183523584,9421,8,20457,9,2020,3589.91
961902381183523584,9421,8,20457,10,2020,724.48
961902381183523584,9421,8,20457,11,2020,-3026.89
961902381183523584,9421,8,20457,12,2020,-2505.56
962617508864483456,3965,7,1809,1,2020,-2468.81
962617508864483456,3965,7,1809,2,2020,-1971.22
962617508864483456,3965,7,1809,3,2020,-8410.48
962617508864483456,3965,7,1809,4,2020,-10058.77
962617508864483456,3965,7,1809,5,2020,-8444.86
962617508864483456,3965,7,1809,6,2020,-7531.05
962617508864483456,3965,7,1809,7,2020,-14550.13
962617508864483456,3965,7,1809,8,2020,-16160.79
962617508864483456,3965,7,1809,9,2020,-13685.57
962617508864483456,3965,7,1809,10,2020,-17251.19
962617508864483456,3965,7,1809,11,2020,-16839.06
962617508864483456,3965,7,1809,12,2020,-16081.12
962672258846993664,2242,9,76324,1,2020,2161.54
962672258846993664,2242,9,76324,2,2020,2853.39
962672258846993664,2242,9,76324,3,2020,4450.73
962672258846993664,2242,9,76324,4,2020,18.65
962672258846993664,2242,9,76324,5,2020,1593.86
962672258846993664,2242,9,76324,6,2020,7403.7
962672258846993664,2242,9,76324,7,2020,5690.31
962672258846993664,2242,9,76324,8,2020,-8911.34
962672258846993664,2242,9,76324,9,2020,-11366.58
962672258846993664,2242,9,76324,10,2020,-13330.85
962672258846993664,2242,9,76324,11,2020,-6837.78
962672258846993664,2242,9,76324,12,2020,-8242.91
962692748212221312,9734,3,8961,1,2020,-6352.69
962692748212221312,9734,3,8961,2,2020,-14924.66
962692748212221312,9734,3,8961,3,2020,-11960.42
962692748212221312,9734,3,8961,4,2020,-7773.09
962692748212221312,9734,3,8961,5,2020,-5703.55
962692748212221312,9734,3,8961,6,2020,-9071.3
962692748212221312,9734,3,8961,7,2020,-9525.17
962692748212221312,9734,3,8961,8,2020,-7637.51
962692748212221312,9734,3,8961,9,2020,-8192.52
962692748212221312,9734,3,8961,10,2020,-8658.24
962692748212221312,9734,3,8961,11,2020,-7057.89
962692748212221312,9734,3,8961,12,2020,-10029.37
963955687788036096,1100,7,58266,1,2020,-1.59
963955687788036096,1100,7,58266,2,2020,-3407.6
963955687788036096,1100,7,58266,3,2020,5140.46
963955687788036096,1100,7,58266,4,2020,8098.48
963955687788036096,1100,7,58266,5,2020,11075.83
963955687788036096,1100,7,58266,6,2020,10187.12
963955687788036096,1100,7,58266,7,2020,8670.87
963955687788036096,1100,7,58266,8,2020,9891.61
963955687788036096,1100,7,58266,9,2020,7259.88
963955687788036096,1100,7,58266,10,2020,8517.39
963955687788036096,1100,7,58266,11,2020,13392.23
963955687788036096,1100,7,58266,12,2020,12564.73
965880633564624640,2892,8,61112,1,2020,-2222.17
965880633564624640,2892,8,61112,2,2020,1273.22
965880633564624640,2892,8,61112,3,2020,-1241.15
965880633564624640,2892,8,61112,4,2020,4164.09
965880633564624640,2892,8,61112,5,2020,2075.21
965880633564624640,2892,8,61112,6,2020,5054.32
965880633564624640,2892,8,61112,7,2020,1287.13
965880633564624640,2892,8,61112,8,2020,8522.93
965880633564624640,2892,8,61112,9,2020,16037.72
965880633564624640,2892,8,61112,10,2020,21092.93
965880633564624640,2892,8,61112,11,2020,25263.52
965880633564624640,2892,8,61112,12,2020,17800.32
966750888161922560,7200,8,69602,1,2020,2593.69
966750888161922560,7200,8,69602,2,2020,4748.73
966750888161922560,7200,8,69602,3,2020,4308.15
966750888161922560,7200,8,69602,4,2020,3564.34
966750888161922560,7200,8,69602,5,2020,4691.5
966750888161922560,7200,8,69602,6,2020,5910.21
966750888161922560,7200,8,69602,7,2020,4990.09
966750888161922560,7200,8,69602,8,2020,2573.01
966750888161922560,7200,8,69602,9,2020,1513.83
966750888161922560,7200,8,69602,10,2020,-534.28
966750888161922560,7200,8,69602,11,2020,-706.22
966750888161922560,7200,8,69602,12,2020,-901.07
967379012455922176,5741,6,8165,1,2020,0.0
967379012455922176,5741,6,8165,2,2020,0.0
967379012455922176,5741,6,8165,3,2020,0.0
967379012455922176,5741,6,8165,4,2020,0.0
967379012455922176,5741,6,8165,5,2020,0.0
967379012455922176,5741,6,8165,6,2020,0.0
967379012455922176,5741,6,8165,7,2020,0.0
967379012455922176,5741,6,8165,8,2020,0.0
967379012455922176,5741,6,8165,9,2020,0.0
967379012455922176,5741,6,8165,10,2020,-840.18
967379012455922176,5741,6,8165,11,2020,-2226.41
967379012455922176,5741,6,8165,12,2020,-2226.41
967490877325886208,2683,3,86889,1,2020,2719.43
967490877325886208,2683,3,86889,2,2020,8190.03
967490877325886208,2683,3,86889,3,2020,9726.97
967490877325886208,2683,3,86889,4,2020,2951.34
967490877325886208,2683,3,86889,5,2020,6204.36
967490877325886208,2683,3,86889,6,2020,4317.15
967490877325886208,2683,3,86889,7,2020,5507.26
967490877325886208,2683,3,86889,8,2020,-1935.72
967490877325886208,2683,3,86889,9,2020,3.77
967490877325886208,2683,3,86889,10,2020,-4072.23
967490877325886208,2683,3,86889,11,2020,890.72
967490877325886208,2683,3,86889,12,2020,8425.83
967848743515068544,2627,1,59273,1,2020,-317.86
967848743515068544,2627,1,59273,2,2020,-273.97
967848743515068544,2627,1,59273,3,2020,448.52
967848743515068544,2627,1,59273,4,2020,1366.34
967848743515068544,2627,1,59273,5,2020,6585.9
967848743515068544,2627,1,59273,6,2020,2759.7
967848743515068544,2627,1,59273,7,2020,2879.45
967848743515068544,2627,1,59273,8,2020,5019.82
967848743515068544,2627,1,59273,9,2020,3433.64
967848743515068544,2627,1,59273,10,2020,8594.3
967848743515068544,2627,1,59273,11,2020,10939.99
967848743515068544,2627,1,59273,12,2020,11386.91
967850889380328320,889,8,67915,1,2020,2115.82
967850889380328320,889,8,67915,2,2020,-493.16
967850889380328320,889,8,67915,3,2020,1310.02
967850889380328320,889,8,67915,4,2020,-304.59
967850889380328320,889,8,67915,5,2020,1171.98
967850889380328320,889,8,67915,6,2020,-646.08
967850889380328320,889,8,67915,7,2020,188.83
967850889380328320,889,8,67915,8,2020,773.16
967850889380328320,889,8,67915,9,2020,3235.05
967850889380328320,889,8,67915,10,2020,4283.75
967850889380328320,889,8,67915,11,2020,7082.61
967850889380328320,889,8,67915,12,2020,7628.86
9682140161583058,1996,4,28641,1,2020,-4962.11
9682140161583058,1996,4,28641,2,2020,1046.75
9682140161583058,1996,4,28641,3,2020,578.26
9682140161583058,1996,4,28641,4,2020,8242.37
9682140161583058,1996,4,28641,5,2020,10817.5
9682140161583058,1996,4,28641,6,2020,16631.05
9682140161583058,1996,4,28641,7,2020,16896.53
9682140161583058,1996,4,28641,8,2020,11061.96
9682140161583058,1996,4,28641,9,2020,11107.33
9682140161583058,1996,4,28641,10,2020,9838.85
9682140161583058,1996,4,28641,11,2020,12415.24
9682140161583058,1996,4,28641,12,2020,13727.16
969695109722403456,4034,5,65973,1,2020,4143.92
969695109722403456,4034,5,65973,2,2020,4031.06
969695109722403456,4034,5,65973,3,2020,4470.78
969695109722403456,4034,5,65973,4,2020,4906.89
969695109722403456,4034,5,65973,5,2020,6292.26
969695109722403456,4034,5,65973,6,2020,8228.34
969695109722403456,4034,5,65973,7,2020,7065.88
969695109722403456,4034,5,65973,8,2020,9555.89
969695109722403456,4034,5,65973,9,2020,14556.73
969695109722403456,4034,5,65973,10,2020,14606.31
969695109722403456,4034,5,65973,11,2020,13946.22
969695109722403456,4034,5,65973,12,2020,15331.03
969908245413090944,1717,9,20039,1,2020,-25.8
969908245413090944,1717,9,20039,2,2020,-3044.68
969908245413090944,1717,9,20039,3,2020,-8919.49
969908245413090944,1717,9,20039,4,2020,-7351.29
969908245413090944,1717,9,20039,5,2020,-1580.6
969908245413090944,1717,9,20039,6,2020,-1736.33
969908245413090944,1717,9,20039,7,2020,9003.04
969908245413090944,1717,9,20039,8,2020,13147.14
969908245413090944,1717,9,20039,9,2020,11196.06
969908245413090944,1717,9,20039,10,2020,4526.86
969908245413090944,1717,9,20039,11,2020,127.23
969908245413090944,1717,9,20039,12,2020,5082.27
97027643794779296,7975,8,67718,1,2020,5575.5
97027643794779296,7975,8,67718,2,2020,6747.46
97027643794779296,7975,8,67718,3,2020,7211.58
97027643794779296,7975,8,67718,4,2020,-730.94
97027643794779296,7975,8,67718,5,2020,-11997.81
97027643794779296,7975,8,67718,6,2020,-9213.42
97027643794779296,7975,8,67718,7,2020,-8054.63
97027643794779296,7975,8,67718,8,2020,-10102.71
97027643794779296,7975,8,67718,9,2020,-934.34
97027643794779296,7975,8,67718,10,2020,-13694.84
97027643794779296,7975,8,67718,11,2020,-13685.79
97027643794779296,7975,8,67718,12,2020,-25305.24
970391555940094336,5193,2,58630,1,2020,-3378.54
970391555940094336,5193,2,58630,2,2020,-7703.28
970391555940094336,5193,2,58630,3,2020,-9012.5
970391555940094336,5193,2,58630,4,2020,-2794.45
970391555940094336,5193,2,58630,5,2020,-2067.11
970391555940094336,5193,2,58630,6,2020,1282.04
970391555940094336,5193,2,58630,7,2020,2164.02
970391555940094336,5193,2,58630,8,2020,4621.73
970391555940094336,5193,2,58630,9,2020,2712.89
970391555940094336,5193,2,58630,10,2020,1593.57
970391555940094336,5193,2,58630,11,2020,972.59
970391555940094336,5193,2,58630,12,2020,-2295.38
970763486026185856,2303,1,2539,1,2020,3766.61
970763486026185856,2303,1,2539,2,2020,-3028.08
970763486026185856,2303,1,2539,3,2020,-4197.31
970763486026185856,2303,1,2539,4,2020,-5140.64
970763486026185856,2303,1,2539,5,2020,-6481.45
