798047348606268160,3911,0,36054,5,2020,7842.3
798047348606268160,3911,0,36054,6,2020,6195.93
798047348606268160,3911,0,36054,7,2020,-616.56
798047348606268160,3911,0,36054,8,2020,688.15
798047348606268160,3911,0,36054,9,2020,-2899.66
798047348606268160,3911,0,36054,10,2020,-4203.38
798047348606268160,3911,0,36054,11,2020,-4022.5
798047348606268160,3911,0,36054,12,2020,-4227.75
799163625661275904,5324,6,24459,1,2020,-2114.81
799163625661275904,5324,6,24459,2,2020,192.87
799163625661275904,5324,6,24459,3,2020,-4851.91
799163625661275904,5324,6,24459,4,2020,-6715.53
799163625661275904,5324,6,24459,5,2020,-4409.1
799163625661275904,5324,6,24459,6,2020,-1622.3
799163625661275904,5324,6,24459,7,2020,-10281.28
799163625661275904,5324,6,24459,8,2020,-8779.56
799163625661275904,5324,6,24459,9,2020,-6189.24
799163625661275904,5324,6,24459,10,2020,-4399.62
799163625661275904,5324,6,24459,11,2020,2134.26
799163625661275904,5324,6,24459,12,2020,-1617.24
800080602080922624,4117,3,44924,1,2020,-854.76
800080602080922624,4117,3,44924,2,2020,3041.72
800080602080922624,4117,3,44924,3,2020,5412.65
800080602080922624,4117,3,44924,4,2020,992.36
800080602080922624,4117,3,44924,5,2020,221.62
800080602080922624,4117,3,44924,6,2020,5011.62
800080602080922624,4117,3,44924,7,2020,2978.18
800080602080922624,4117,3,44924,8,2020,5766.77
800080602080922624,4117,3,44924,9,2020,6176.88
800080602080922624,4117,3,44924,10,2020,5913.89
800080602080922624,4117,3,44924,11,2020,8149.57
800080602080922624,4117,3,44924,12,2020,12890.09
800525709893971968,633,4,89120,1,2020,3729.04
800525709893971968,633,4,89120,2,2020,375.45
800525709893971968,633,4,89120,3,2020,1882.27
800525709893971968,633,4,89120,4,2020,235.76
800525709893971968,633,4,89120,5,2020,-3508.25
800525709893971968,633,4,89120,6,2020,-6955.32
800525709893971968,633,4,89120,7,2020,-908.19
800525709893971968,633,4,89120,8,2020,-718.79
800525709893971968,633,4,89120,9,2020,-365.04
800525709893971968,633,4,89120,10,2020,54.93
800525709893971968,633,4,89120,11,2020,1452.92
800525709893971968,633,4,89120,12,2020,4379.99
800544032000933632,6340,6,14531,1,2020,4025.4
800544032000933632,6340,6,14531,2,2020,4198.07
800544032000933632,6340,6,14531,3,2020,3445.68
800544032000933632,6340,6,14531,4,2020,-3714.86
800544032000933632,6340,6,14531,5,2020,-8431.87
800544032000933632,6340,6,14531,6,2020,-1885.6
800544032000933632,6340,6,14531,7,2020,-10683.31
800544032000933632,6340,6,14531,8,2020,-13624.66
800544032000933632,6340,6,14531,9,2020,-12946.76
800544032000933632,6340,6,14531,10,2020,-12384.54
800544032000933632,6340,6,14531,11,2020,-10141.71
800544032000933632,6340,6,14531,12,2020,-13054.82
801746948999264640,4528,1,92870,1,2020,-5865.18
801746948999264640,4528,1,92870,2,2020,-1408.14
801746948999264640,4528,1,92870,3,2020,1260.95
801746948999264640,4528,1,92870,4,2020,-1827.01
801746948999264640,4528,1,92870,5,2020,-2740.43
801746948999264640,4528,1,92870,6,2020,-5943.7
801746948999264640,4528,1,92870,7,2020,-5563.72
801746948999264640,4528,1,92870,8,2020,-1810.66
801746948999264640,4528,1,92870,9,2020,-6959.55
801746948999264640,4528,1,92870,10,2020,-13379.72
801746948999264640,4528,1,92870,11,2020,-18142.3
801746948999264640,4528,1,92870,12,2020,-19287.62
80384928863634592,9509,7,35791,1,2020,5404.14
80384928863634592,9509,7,35791,2,2020,4645.48
80384928863634592,9509,7,35791,3,2020,-5586.63
80384928863634592,9509,7,35791,4,2020,-3849.3
80384928863634592,9509,7,35791,5,2020,3432.15
80384928863634592,9509,7,35791,6,2020,4156.16
80384928863634592,9509,7,35791,7,2020,5081.24
80384928863634592,9509,7,35791,8,2020,5029.49
80384928863634592,9509,7,35791,9,2020,5237.29
80384928863634592,9509,7,35791,10,2020,4119.96
80384928863634592,9509,7,35791,11,2020,5386.22
80384928863634592,9509,7,35791,12,2020,3366.88
80440177658222192,1998,8,77968,1,2020,-4934.85
80440177658222192,1998,8,77968,2,2020,-2317.61
80440177658222192,1998,8,77968,3,2020,3498.78
80440177658222192,1998,8,77968,4,2020,7259.91
80440177658222192,1998,8,77968,5,2020,16809.4
80440177658222192,1998,8,77968,6,2020,15094.45
80440177658222192,1998,8,77968,7,2020,11461.75
80440177658222192,1998,8,77968,8,2020,5112.44
80440177658222192,1998,8,77968,9,2020,1349.6
80440177658222192,1998,8,77968,10,2020,8902.85
80440177658222192,1998,8,77968,11,2020,9261.93
80440177658222192,1998,8,77968,12,2020,15286.09
804514320464360832,6326,5,82369,1,2020,-3327.87
804514320464360832,6326,5,82369,2,2020,-1481.87
804514320464360832,6326,5,82369,3,2020,-1481.87
804514320464360832,6326,5,82369,4,2020,-1631.25
804514320464360832,6326,5,82369,5,2020,-3448.12
804514320464360832,6326,5,82369,6,2020,-2941.27
804514320464360832,6326,5,82369,7,2020,-2941.27
804514320464360832,6326,5,82369,8,2020,-5468.18
804514320464360832,6326,5,82369,9,2020,-5468.18
804514320464360832,6326,5,82369,10,2020,-3158.0
804514320464360832,6326,5,82369,11,2020,-6778.24
804514320464360832,6326,5,82369,12,2020,-8935.02
80459067466630336,6319,5,16298,1,2020,-2716.63
80459067466630336,6319,5,16298,2,2020,-6034.77
80459067466630336,6319,5,16298,3,2020,-14988.17
80459067466630336,6319,5,16298,4,2020,-7058.03
80459067466630336,6319,5,16298,5,2020,-13265.36
80459067466630336,6319,5,16298,6,2020,-11280.87
80459067466630336,6319,5,16298,7,2020,-12085.31
80459067466630336,6319,5,16298,8,2020,-15414.55
80459067466630336,6319,5,16298,9,2020,-20005.27
80459067466630336,6319,5,16298,10,2020,-13266.89
80459067466630336,6319,5,16298,11,2020,-13956.52
80459067466630336,6319,5,16298,12,2020,-15550.22
805828309851122816,3549,7,13790,1,2020,2793.38
805828309851122816,3549,7,13790,2,2020,3747.89
805828309851122816,3549,7,13790,3,2020,531.5
805828309851122816,3549,7,13790,4,2020,4722.32
805828309851122816,3549,7,13790,5,2020,4795.17
805828309851122816,3549,7,13790,6,2020,7699.12
805828309851122816,3549,7,13790,7,2020,-275.38
805828309851122816,3549,7,13790,8,2020,-9862.79
805828309851122816,3549,7,13790,9,2020,-8669.79
805828309851122816,3549,7,13790,10,2020,-14255.73
805828309851122816,3549,7,13790,11,2020,-9164.13
805828309851122816,3549,7,13790,12,2020,-4714.42
806889141407536512,3272,9,69719,1,2020,-2731.51
806889141407536512,3272,9,69719,2,2020,-2650.36
806889141407536512,3272,9,69719,3,2020,3853.77
806889141407536512,3272,9,69719,4,2020,2017.67
806889141407536512,3272,9,69719,5,2020,2842.75
806889141407536512,3272,9,69719,6,2020,3566.35
806889141407536512,3272,9,69719,7,2020,1561.62
806889141407536512,3272,9,69719,8,2020,908.19
806889141407536512,3272,9,69719,9,2020,1834.1
806889141407536512,3272,9,69719,10,2020,2121.75
806889141407536512,3272,9,69719,11,2020,3016.46
806889141407536512,3272,9,69719,12,2020,2761.16
807160825150759808,8277,9,97502,1,2020,2432.46
807160825150759808,8277,9,97502,2,2020,9967.24
807160825150759808,8277,9,97502,3,2020,10572.05
807160825150759808,8277,9,97502,4,2020,17029.53
807160825150759808,8277,9,97502,5,2020,16390.42
807160825150759808,8277,9,97502,6,2020,21904.97
807160825150759808,8277,9,97502,7,2020,24111.99
807160825150759808,8277,9,97502,8,2020,28427.5
807160825150759808,8277,9,97502,9,2020,31434.66
807160825150759808,8277,9,97502,10,2020,33654.02
807160825150759808,8277,9,97502,11,2020,37416.82
807160825150759808,8277,9,97502,12,2020,35596.54
807178531319893504,4557,5,45008,1,2020,4439.93
807178531319893504,4557,5,45008,2,2020,3201.12
807178531319893504,4557,5,45008,3,2020,5478.0
807178531319893504,4557,5,45008,4,2020,1956.92
807178531319893504,4557,5,45008,5,2020,-3496.51
807178531319893504,4557,5,45008,6,2020,-9366.58
807178531319893504,4557,5,45008,7,2020,-9923.02
807178531319893504,4557,5,45008,8,2020,-8270.37
807178531319893504,4557,5,45008,9,2020,-14937.01
807178531319893504,4557,5,45008,10,2020,-13401.18
807178531319893504,4557,5,45008,11,2020,-10860.91
807178531319893504,4557,5,45008,12,2020,-16994.74
807327583117044992,6624,4,27385,1,2020,3313.12
807327583117044992,6624,4,27385,2,2020,4974.57
807327583117044992,6624,4,27385,3,2020,2297.16
807327583117044992,6624,4,27385,4,2020,-1006.38
807327583117044992,6624,4,27385,5,2020,-1809.08
807327583117044992,6624,4,27385,6,2020,-3187.39
807327583117044992,6624,4,27385,7,2020,206.19
807327583117044992,6624,4,27385,8,2020,6403.42
807327583117044992,6624,4,27385,9,2020,4274.22
807327583117044992,6624,4,27385,10,2020,4966.66
807327583117044992,6624,4,27385,11,2020,4218.5
807327583117044992,6624,4,27385,12,2020,1436.7
807558889925166976,6408,9,41238,1,2020,269.8
807558889925166976,6408,9,41238,2,2020,-7033.62
807558889925166976,6408,9,41238,3,2020,-3292.81
807558889925166976,6408,9,41238,4,2020,-2189.46
807558889925166976,6408,9,41238,5,2020,-4038.49
807558889925166976,6408,9,41238,6,2020,-4491.37
807558889925166976,6408,9,41238,7,2020,-15425.15
807558889925166976,6408,9,41238,8,2020,-18616.53
807558889925166976,6408,9,41238,9,2020,-4345.14
807558889925166976,6408,9,41238,10,2020,105.62
807558889925166976,6408,9,41238,11,2020,536.53
807558889925166976,6408,9,41238,12,2020,-1289.2
807763776051749248,5166,7,58218,1,2020,0.0
807763776051749248,5166,7,58218,2,2020,0.0
807763776051749248,5166,7,58218,3,2020,0.0
807763776051749248,5166,7,58218,4,2020,862.92
807763776051749248,5166,7,58218,5,2020,862.92
807763776051749248,5166,7,58218,6,2020,862.92
807763776051749248,5166,7,58218,7,2020,862.92
807763776051749248,5166,7,58218,8,2020,862.92
807763776051749248,5166,7,58218,9,2020,862.92
807763776051749248,5166,7,58218,10,2020,862.92
807763776051749248,5166,7,58218,11,2020,862.92
807763776051749248,5166,7,58218,12,2020,862.92
808015811424624640,2386,9,79731,1,2020,167.39
808015811424624640,2386,9,79731,2,2020,-1181.44
808015811424624640,2386,9,79731,3,2020,-566.92
808015811424624640,2386,9,79731,4,2020,-566.92
808015811424624640,2386,9,79731,5,2020,441.21
808015811424624640,2386,9,79731,6,2020,1236.22
808015811424624640,2386,9,79731,7,2020,419.24
808015811424624640,2386,9,79731,8,2020,419.24
808015811424624640,2386,9,79731,9,2020,-89.95
808015811424624640,2386,9,79731,10,2020,-1605.6
808015811424624640,2386,9,79731,11,2020,-5084.32
808015811424624640,2386,9,79731,12,2020,-6754.8
808498324844720896,4636,1,53655,1,2020,-2654.26
808498324844720896,4636,1,53655,2,2020,-5709.03
808498324844720896,4636,1,53655,3,2020,-7045.3
808498324844720896,4636,1,53655,4,2020,-5759.42
808498324844720896,4636,1,53655,5,2020,-6540.55
808498324844720896,4636,1,53655,6,2020,-6620.92
808498324844720896,4636,1,53655,7,2020,-3456.86
808498324844720896,4636,1,53655,8,2020,-1437.86
808498324844720896,4636,1,53655,9,2020,3231.26
808498324844720896,4636,1,53655,10,2020,1655.14
808498324844720896,4636,1,53655,11,2020,316.97
808498324844720896,4636,1,53655,12,2020,3026.59
808651712361454720,8045,9,76094,1,2020,-817.07
808651712361454720,8045,9,76094,2,2020,-941.77
808651712361454720,8045,9,76094,3,2020,-865.84
808651712361454720,8045,9,76094,4,2020,1530.77
808651712361454720,8045,9,76094,5,2020,-1462.32
808651712361454720,8045,9,76094,6,2020,-1871.33
808651712361454720,8045,9,76094,7,2020,-1510.96
808651712361454720,8045,9,76094,8,2020,-613.24
808651712361454720,8045,9,76094,9,2020,587.77
808651712361454720,8045,9,76094,10,2020,664.32
808651712361454720,8045,9,76094,11,2020,-1727.63
808651712361454720,8045,9,76094,12,2020,-657.58
809265085214191232,4867,4,12935,1,2020,-1972.28
809265085214191232,4867,4,12935,2,2020,-3950.11
809265085214191232,4867,4,12935,3,2020,-5577.71
809265085214191232,4867,4,12935,4,2020,-7550.14
809265085214191232,4867,4,12935,5,2020,-6834.5
809265085214191232,4867,4,12935,6,2020,-16011.93
809265085214191232,4867,4,12935,7,2020,-16098.11
