1000667155163612544,1565,7,52530,1,2020,5159.38
1000667155163612544,1565,7,52530,2,2020,10677.62
1000667155163612544,1565,7,52530,3,2020,11662.26
1000667155163612544,1565,7,52530,4,2020,11585.97
1000667155163612544,1565,7,52530,5,2020,12496.18
1000667155163612544,1565,7,52530,6,2020,-549.96
1000667155163612544,1565,7,52530,7,2020,2961.47
1000667155163612544,1565,7,52530,8,2020,-6105.89
1000667155163612544,1565,7,52530,9,2020,-9156.81
1000667155163612544,1565,7,52530,10,2020,-12811.15
1000667155163612544,1565,7,52530,11,2020,-5495.49
1000667155163612544,1565,7,52530,12,2020,-6043.95
1001241849719113600,7037,8,63843,1,2020,1106.77
1001241849719113600,7037,8,63843,2,2020,784.72
1001241849719113600,7037,8,63843,3,2020,1594.55
1001241849719113600,7037,8,63843,4,2020,1594.55
1001241849719113600,7037,8,63843,5,2020,2395.22
1001241849719113600,7037,8,63843,6,2020,1748.36
1001241849719113600,7037,8,63843,7,2020,1748.36
1001241849719113600,7037,8,63843,8,2020,-2386.44
1001241849719113600,7037,8,63843,9,2020,-4326.08
1001241849719113600,7037,8,63843,10,2020,-4326.08
1001241849719113600,7037,8,63843,11,2020,-6349.35
1001241849719113600,7037,8,63843,12,2020,-6356.51
1002983021315960960,3907,9,35894,1,2020,-1378.44
1002983021315960960,3907,9,35894,2,2020,-22.16
1002983021315960960,3907,9,35894,3,2020,-2194.82
1002983021315960960,3907,9,35894,4,2020,-277.76
1002983021315960960,3907,9,35894,5,2020,-157.94
1002983021315960960,3907,9,35894,6,2020,2880.28
1002983021315960960,3907,9,35894,7,2020,-595.67
1002983021315960960,3907,9,35894,8,2020,1629.45
1002983021315960960,3907,9,35894,9,2020,7725.42
1002983021315960960,3907,9,35894,10,2020,8335.51
1002983021315960960,3907,9,35894,11,2020,6218.36
1002983021315960960,3907,9,35894,12,2020,5405.35
1005361594962370688,1575,2,51015,1,2020,1430.51
1005361594962370688,1575,2,51015,2,2020,360.65
1005361594962370688,1575,2,51015,3,2020,174.8
1005361594962370688,1575,2,51015,4,2020,174.8
1005361594962370688,1575,2,51015,5,2020,-697.79
1005361594962370688,1575,2,51015,6,2020,-697.79
1005361594962370688,1575,2,51015,7,2020,-1931.61
1005361594962370688,1575,2,51015,8,2020,-2669.68
1005361594962370688,1575,2,51015,9,2020,-2669.68
1005361594962370688,1575,2,51015,10,2020,-2240.04
1005361594962370688,1575,2,51015,11,2020,-2240.04
1005361594962370688,1575,2,51015,12,2020,-3671.7
1005708591458280064,3031,1,22012,1,2020,-1640.89
1005708591458280064,3031,1,22012,2,2020,-2861.53
1005708591458280064,3031,1,22012,3,2020,-1435.5
1005708591458280064,3031,1,22012,4,2020,-6661.53
1005708591458280064,3031,1,22012,5,2020,-7726.32
1005708591458280064,3031,1,22012,6,2020,-8669.51
1005708591458280064,3031,1,22012,7,2020,-7156.21
1005708591458280064,3031,1,22012,8,2020,88.81
1005708591458280064,3031,1,22012,9,2020,-1376.52
1005708591458280064,3031,1,22012,10,2020,-3411.32
1005708591458280064,3031,1,22012,11,2020,406.35
1005708591458280064,3031,1,22012,12,2020,1417.25
1006189969186550656,270,7,68628,1,2020,-8961.35
1006189969186550656,270,7,68628,2,2020,-2527.35
1006189969186550656,270,7,68628,3,2020,1341.93
1006189969186550656,270,7,68628,4,2020,-4189.03
1006189969186550656,270,7,68628,5,2020,3543.98
1006189969186550656,270,7,68628,6,2020,1991.76
1006189969186550656,270,7,68628,7,2020,-92.67
1006189969186550656,270,7,68628,8,2020,-508.98
1006189969186550656,270,7,68628,9,2020,-363.19
1006189969186550656,270,7,68628,10,2020,898.62
1006189969186550656,270,7,68628,11,2020,1338.16
1006189969186550656,270,7,68628,12,2020,-147.21
1006261837513863296,89,6,85906,1,2020,1792.78
1006261837513863296,89,6,85906,2,2020,212.1
1006261837513863296,89,6,85906,3,2020,-5841.24
1006261837513863296,89,6,85906,4,2020,-6188.25
1006261837513863296,89,6,85906,5,2020,-7522.27
1006261837513863296,89,6,85906,6,2020,-5256.12
1006261837513863296,89,6,85906,7,2020,-10749.04
1006261837513863296,89,6,85906,8,2020,-9773.27
1006261837513863296,89,6,85906,9,2020,-9329.93
1006261837513863296,89,6,85906,10,2020,-15101.65
1006261837513863296,89,6,85906,11,2020,-14097.15
1006261837513863296,89,6,85906,12,2020,-10575.05
100632473694499552,5656,5,92919,1,2020,-4024.6
100632473694499552,5656,5,92919,2,2020,-2489.05
100632473694499552,5656,5,92919,3,2020,-5740.28
100632473694499552,5656,5,92919,4,2020,-7552.77
100632473694499552,5656,5,92919,5,2020,-12231.42
100632473694499552,5656,5,92919,6,2020,-16971.83
100632473694499552,5656,5,92919,7,2020,-20846.08
100632473694499552,5656,5,92919,8,2020,-21155.66
100632473694499552,5656,5,92919,9,2020,-19207.5
100632473694499552,5656,5,92919,10,2020,-18919.43
100632473694499552,5656,5,92919,11,2020,-21948.15
100632473694499552,5656,5,92919,12,2020,-18663.8
1007067550255743488,2531,2,6344,1,2020,759.92
1007067550255743488,2531,2,6344,2,2020,-3442.03
1007067550255743488,2531,2,6344,3,2020,-7660.09
1007067550255743488,2531,2,6344,4,2020,-10170.92
1007067550255743488,2531,2,6344,5,2020,-12640.5
1007067550255743488,2531,2,6344,6,2020,-16354.28
1007067550255743488,2531,2,6344,7,2020,-4713.49
1007067550255743488,2531,2,6344,8,2020,-13637.6
1007067550255743488,2531,2,6344,9,2020,-15738.55
1007067550255743488,2531,2,6344,10,2020,-17210.7
1007067550255743488,2531,2,6344,11,2020,-7530.79
1007067550255743488,2531,2,6344,12,2020,-6791.42
1008595718578159360,977,9,53287,1,2020,-335.49
1008595718578159360,977,9,53287,2,2020,7789.0
1008595718578159360,977,9,53287,3,2020,-1128.39
1008595718578159360,977,9,53287,4,2020,-5551.8
1008595718578159360,977,9,53287,5,2020,-9162.61
1008595718578159360,977,9,53287,6,2020,-5108.48
1008595718578159360,977,9,53287,7,2020,-1119.22
1008595718578159360,977,9,53287,8,2020,-767.3
1008595718578159360,977,9,53287,9,2020,-7242.02
1008595718578159360,977,9,53287,10,2020,-3527.42
1008595718578159360,977,9,53287,11,2020,-4556.33
1008595718578159360,977,9,53287,12,2020,-5097.07
1008613490135551616,1136,2,45362,1,2020,-3010.87
1008613490135551616,1136,2,45362,2,2020,-2054.49
1008613490135551616,1136,2,45362,3,2020,-3254.45
1008613490135551616,1136,2,45362,4,2020,-4267.36
1008613490135551616,1136,2,45362,5,2020,-1165.45
1008613490135551616,1136,2,45362,6,2020,-8775.53
1008613490135551616,1136,2,45362,7,2020,-8812.98
1008613490135551616,1136,2,45362,8,2020,-13060.87
1008613490135551616,1136,2,45362,9,2020,-12718.61
1008613490135551616,1136,2,45362,10,2020,-14139.01
1008613490135551616,1136,2,45362,11,2020,-13961.6
1008613490135551616,1136,2,45362,12,2020,-12492.37
1008807824201172480,4971,6,2363,1,2020,5093.78
1008807824201172480,4971,6,2363,2,2020,12275.94
1008807824201172480,4971,6,2363,3,2020,12070.09
1008807824201172480,4971,6,2363,4,2020,13233.28
1008807824201172480,4971,6,2363,5,2020,11768.18
1008807824201172480,4971,6,2363,6,2020,13202.19
1008807824201172480,4971,6,2363,7,2020,4517.72
1008807824201172480,4971,6,2363,8,2020,10147.04
1008807824201172480,4971,6,2363,9,2020,6196.86
1008807824201172480,4971,6,2363,10,2020,-3356.05
1008807824201172480,4971,6,2363,11,2020,4166.89
1008807824201172480,4971,6,2363,12,2020,-3427.52
1008950534960985472,8103,0,53799,1,2020,-2280.32
1008950534960985472,8103,0,53799,2,2020,-2539.93
1008950534960985472,8103,0,53799,3,2020,-4058.73
1008950534960985472,8103,0,53799,4,2020,-5149.42
1008950534960985472,8103,0,53799,5,2020,-3248.38
1008950534960985472,8103,0,53799,6,2020,-4162.81
1008950534960985472,8103,0,53799,7,2020,-7316.4
1008950534960985472,8103,0,53799,8,2020,-9684.7
1008950534960985472,8103,0,53799,9,2020,-13295.15
1008950534960985472,8103,0,53799,10,2020,-10039.94
1008950534960985472,8103,0,53799,11,2020,-9040.19
1008950534960985472,8103,0,53799,12,2020,-10728.12
1009379001646726144,8121,3,25990,1,2020,228.76
1009379001646726144,8121,3,25990,2,2020,228.76
1009379001646726144,8121,3,25990,3,2020,228.76
1009379001646726144,8121,3,25990,4,2020,1613.02
1009379001646726144,8121,3,25990,5,2020,1613.02
1009379001646726144,8121,3,25990,6,2020,1613.02
1009379001646726144,8121,3,25990,7,2020,1613.02
1009379001646726144,8121,3,25990,8,2020,1613.02
1009379001646726144,8121,3,25990,9,2020,1613.02
1009379001646726144,8121,3,25990,10,2020,1613.02
1009379001646726144,8121,3,25990,11,2020,1613.02
1009379001646726144,8121,3,25990,12,2020,1239.19
1009683356835193984,374,9,50194,1,2020,0.0
1009683356835193984,374,9,50194,2,2020,2109.33
1009683356835193984,374,9,50194,3,2020,1534.3
1009683356835193984,374,9,50194,4,2020,206.67
1009683356835193984,374,9,50194,5,2020,1235.38
1009683356835193984,374,9,50194,6,2020,-858.19
1009683356835193984,374,9,50194,7,2020,-2101.28
1009683356835193984,374,9,50194,8,2020,-6548.04
1009683356835193984,374,9,50194,9,2020,-6185.58
1009683356835193984,374,9,50194,10,2020,-3379.68
1009683356835193984,374,9,50194,11,2020,-7562.77
1009683356835193984,374,9,50194,12,2020,-9488.19
1010442258264510976,5688,5,86203,1,2020,4668.95
1010442258264510976,5688,5,86203,2,2020,-2945.57
1010442258264510976,5688,5,86203,3,2020,-2653.1
1010442258264510976,5688,5,86203,4,2020,1361.09
1010442258264510976,5688,5,86203,5,2020,-2256.56
1010442258264510976,5688,5,86203,6,2020,-1465.35
1010442258264510976,5688,5,86203,7,2020,-3047.67
1010442258264510976,5688,5,86203,8,2020,-3087.02
1010442258264510976,5688,5,86203,9,2020,-6074.09
1010442258264510976,5688,5,86203,10,2020,-4962.75
1010442258264510976,5688,5,86203,11,2020,-3823.36
1010442258264510976,5688,5,86203,12,2020,-11596.45
1010662633500431104,3394,1,23094,1,2020,-552.81
1010662633500431104,3394,1,23094,2,2020,3653.46
1010662633500431104,3394,1,23094,3,2020,7352.19
1010662633500431104,3394,1,23094,4,2020,8447.62
1010662633500431104,3394,1,23094,5,2020,5636.74
1010662633500431104,3394,1,23094,6,2020,5452.79
1010662633500431104,3394,1,23094,7,2020,1374.62
1010662633500431104,3394,1,23094,8,2020,10686.12
1010662633500431104,3394,1,23094,9,2020,10163.45
1010662633500431104,3394,1,23094,10,2020,7886.98
1010662633500431104,3394,1,23094,11,2020,13941.66
1010662633500431104,3394,1,23094,12,2020,17424.97
1011292738798005376,5916,6,47634,1,2020,1523.63
1011292738798005376,5916,6,47634,2,2020,-4043.91
1011292738798005376,5916,6,47634,3,2020,-7444.44
1011292738798005376,5916,6,47634,4,2020,-12237.66
1011292738798005376,5916,6,47634,5,2020,-7763.31
1011292738798005376,5916,6,47634,6,2020,-1135.1
1011292738798005376,5916,6,47634,7,2020,6115.22
1011292738798005376,5916,6,47634,8,2020,12428.38
1011292738798005376,5916,6,47634,9,2020,13970.24
1011292738798005376,5916,6,47634,10,2020,7717.69
1011292738798005376,5916,6,47634,11,2020,11401.23
1011292738798005376,5916,6,47634,12,2020,9215.09
1011607384771822848,5247,1,26898,1,2020,1908.58
1011607384771822848,5247,1,26898,2,2020,6179.46
1011607384771822848,5247,1,26898,3,2020,5167.08
1011607384771822848,5247,1,26898,4,2020,6854.24
1011607384771822848,5247,1,26898,5,2020,4792.74
1011607384771822848,5247,1,26898,6,2020,4531.24
1011607384771822848,5247,1,26898,7,2020,2984.55
1011607384771822848,5247,1,26898,8,2020,735.23
1011607384771822848,5247,1,26898,9,2020,491.59
1011607384771822848,5247,1,26898,10,2020,3514.12
1011607384771822848,5247,1,26898,11,2020,2954.9
1011607384771822848,5247,1,26898,12,2020,4131.53
101189733877408608,6751,0,55158,1,2020,-5177.26
101189733877408608,6751,0,55158,2,2020,-11548.11
101189733877408608,6751,0,55158,3,2020,-16095.93
101189733877408608,6751,0,55158,4,2020,-10876.74
101189733877408608,6751,0,55158,5,2020,-11180.97
101189733877408608,6751,0,55158,6,2020,-6185.11
101189733877408608,6751,0,55158,7,2020,-7444.29
101189733877408608,6751,0,55158,8,2020,1638.2
101189733877408608,6751,0,55158,9,2020,-472.95
101189733877408608,6751,0,55158,10,2020,-9514.63
101189733877408608,6751,0,55158,11,2020,-5502.54
101189733877408608,6751,0,55158,12,2020,-11333.13
