1070040381294951168,2834,0,44826,10,2020,-5305.76
1070040381294951168,2834,0,44826,11,2020,-1342.98
1070040381294951168,2834,0,44826,12,2020,3020.98
1070618232719895296,4950,6,38270,1,2020,4094.15
1070618232719895296,4950,6,38270,2,2020,1106.29
1070618232719895296,4950,6,38270,3,2020,-46.47
1070618232719895296,4950,6,38270,4,2020,4701.74
1070618232719895296,4950,6,38270,5,2020,2983.12
1070618232719895296,4950,6,38270,6,2020,7571.43
1070618232719895296,4950,6,38270,7,2020,7758.1
1070618232719895296,4950,6,38270,8,2020,2522.83
1070618232719895296,4950,6,38270,9,2020,6833.6
1070618232719895296,4950,6,38270,10,2020,3543.41
1070618232719895296,4950,6,38270,11,2020,10002.57
1070618232719895296,4950,6,38270,12,2020,16398.4
1071190047814581888,5175,9,55924,1,2020,515.93
1071190047814581888,5175,9,55924,2,2020,794.49
1071190047814581888,5175,9,55924,3,2020,2105.34
1071190047814581888,5175,9,55924,4,2020,3261.19
1071190047814581888,5175,9,55924,5,2020,2515.71
1071190047814581888,5175,9,55924,6,2020,1002.49
1071190047814581888,5175,9,55924,7,2020,-1835.56
1071190047814581888,5175,9,55924,8,2020,-5683.81
1071190047814581888,5175,9,55924,9,2020,-5429.87
1071190047814581888,5175,9,55924,10,2020,-8310.3
1071190047814581888,5175,9,55924,11,2020,-3579.44
1071190047814581888,5175,9,55924,12,2020,-3949.63
1072844687916210176,6192,2,31768,1,2020,-3745.13
1072844687916210176,6192,2,31768,2,2020,-9468.46
1072844687916210176,6192,2,31768,3,2020,-12103.37
1072844687916210176,6192,2,31768,4,2020,-10905.05
1072844687916210176,6192,2,31768,5,2020,-9530.32
1072844687916210176,6192,2,31768,6,2020,-55.63
1072844687916210176,6192,2,31768,7,2020,-4417.65
1072844687916210176,6192,2,31768,8,2020,-10375.1
1072844687916210176,6192,2,31768,9,2020,4706.9
1072844687916210176,6192,2,31768,10,2020,6626.55
1072844687916210176,6192,2,31768,11,2020,10209.61
1072844687916210176,6192,2,31768,12,2020,4091.54
1073632179797759360,6984,8,19015,1,2020,697.17
1073632179797759360,6984,8,19015,2,2020,-1482.59
1073632179797759360,6984,8,19015,3,2020,3474.94
1073632179797759360,6984,8,19015,4,2020,2392.39
1073632179797759360,6984,8,19015,5,2020,7237.59
1073632179797759360,6984,8,19015,6,2020,4531.18
1073632179797759360,6984,8,19015,7,2020,8286.81
1073632179797759360,6984,8,19015,8,2020,7322.02
1073632179797759360,6984,8,19015,9,2020,10009.57
1073632179797759360,6984,8,19015,10,2020,11315.72
1073632179797759360,6984,8,19015,11,2020,12142.14
1073632179797759360,6984,8,19015,12,2020,9518.55
1073777425524927488,6825,0,97170,1,2020,1395.88
1073777425524927488,6825,0,97170,2,2020,2915.95
1073777425524927488,6825,0,97170,3,2020,3733.1
1073777425524927488,6825,0,97170,4,2020,3715.16
1073777425524927488,6825,0,97170,5,2020,4989.89
1073777425524927488,6825,0,97170,6,2020,4417.6
1073777425524927488,6825,0,97170,7,2020,4222.36
1073777425524927488,6825,0,97170,8,2020,6017.71
1073777425524927488,6825,0,97170,9,2020,4922.68
1073777425524927488,6825,0,97170,10,2020,4227.8
1073777425524927488,6825,0,97170,11,2020,945.88
1073777425524927488,6825,0,97170,12,2020,-5047.01
1073825546651203712,762,7,98236,1,2020,5402.7
1073825546651203712,762,7,98236,2,2020,9163.77
1073825546651203712,762,7,98236,3,2020,11150.45
1073825546651203712,762,7,98236,4,2020,9294.37
1073825546651203712,762,7,98236,5,2020,17240.79
1073825546651203712,762,7,98236,6,2020,19334.24
1073825546651203712,762,7,98236,7,2020,16694.89
1073825546651203712,762,7,98236,8,2020,15903.66
1073825546651203712,762,7,98236,9,2020,19189.08
1073825546651203712,762,7,98236,10,2020,16228.31
1073825546651203712,762,7,98236,11,2020,16438.48
1073825546651203712,762,7,98236,12,2020,10911.22
1074192462556587008,4742,9,6110,1,2020,1164.75
1074192462556587008,4742,9,6110,2,2020,3785.63
1074192462556587008,4742,9,6110,3,2020,5049.6
1074192462556587008,4742,9,6110,4,2020,5270.64
1074192462556587008,4742,9,6110,5,2020,8166.93
1074192462556587008,4742,9,6110,6,2020,7736.37
1074192462556587008,4742,9,6110,7,2020,7335.07
1074192462556587008,4742,9,6110,8,2020,6202.21
1074192462556587008,4742,9,6110,9,2020,1664.28
1074192462556587008,4742,9,6110,10,2020,1348.56
1074192462556587008,4742,9,6110,11,2020,22.26
1074192462556587008,4742,9,6110,12,2020,-3423.22
1075251755458321920,1010,3,73969,1,2020,4497.33
1075251755458321920,1010,3,73969,2,2020,10646.4
1075251755458321920,1010,3,73969,3,2020,14000.95
1075251755458321920,1010,3,73969,4,2020,14821.82
1075251755458321920,1010,3,73969,5,2020,15130.19
1075251755458321920,1010,3,73969,6,2020,17375.56
1075251755458321920,1010,3,73969,7,2020,12356.35
1075251755458321920,1010,3,73969,8,2020,12687.34
1075251755458321920,1010,3,73969,9,2020,9439.33
1075251755458321920,1010,3,73969,10,2020,12725.33
1075251755458321920,1010,3,73969,11,2020,3145.09
1075251755458321920,1010,3,73969,12,2020,-1682.83
1076802903462334720,1067,6,78351,1,2020,3395.22
1076802903462334720,1067,6,78351,2,2020,2301.36
1076802903462334720,1067,6,78351,3,2020,3049.56
1076802903462334720,1067,6,78351,4,2020,362.71
1076802903462334720,1067,6,78351,5,2020,1512.19
1076802903462334720,1067,6,78351,6,2020,1622.76
1076802903462334720,1067,6,78351,7,2020,2587.48
1076802903462334720,1067,6,78351,8,2020,2167.29
1076802903462334720,1067,6,78351,9,2020,3024.85
1076802903462334720,1067,6,78351,10,2020,1687.05
1076802903462334720,1067,6,78351,11,2020,-405.76
1076802903462334720,1067,6,78351,12,2020,438.05
1077451774007418368,9793,2,28513,1,2020,-7463.89
1077451774007418368,9793,2,28513,2,2020,-2642.83
1077451774007418368,9793,2,28513,3,2020,538.67
1077451774007418368,9793,2,28513,4,2020,12421.93
1077451774007418368,9793,2,28513,5,2020,13935.47
1077451774007418368,9793,2,28513,6,2020,12464.43
1077451774007418368,9793,2,28513,7,2020,12441.52
1077451774007418368,9793,2,28513,8,2020,16613.14
1077451774007418368,9793,2,28513,9,2020,17146.99
1077451774007418368,9793,2,28513,10,2020,16516.81
1077451774007418368,9793,2,28513,11,2020,17983.64
1077451774007418368,9793,2,28513,12,2020,15908.38
1079364718870289664,4067,4,26239,1,2020,-2419.51
1079364718870289664,4067,4,26239,2,2020,3719.51
1079364718870289664,4067,4,26239,3,2020,10218.22
1079364718870289664,4067,4,26239,4,2020,6182.25
1079364718870289664,4067,4,26239,5,2020,4466.85
1079364718870289664,4067,4,26239,6,2020,8193.3
1079364718870289664,4067,4,26239,7,2020,5854.26
1079364718870289664,4067,4,26239,8,2020,7373.97
1079364718870289664,4067,4,26239,9,2020,12195.01
1079364718870289664,4067,4,26239,10,2020,10308.28
1079364718870289664,4067,4,26239,11,2020,13628.91
1079364718870289664,4067,4,26239,12,2020,13619.96
1081086886796655232,871,2,42130,1,2020,3741.7
1081086886796655232,871,2,42130,2,2020,1687.77
1081086886796655232,871,2,42130,3,2020,-1699.75
1081086886796655232,871,2,42130,4,2020,2095.51
1081086886796655232,871,2,42130,5,2020,6672.16
1081086886796655232,871,2,42130,6,2020,9946.18
1081086886796655232,871,2,42130,7,2020,5990.39
1081086886796655232,871,2,42130,8,2020,1188.81
1081086886796655232,871,2,42130,9,2020,-2390.74
1081086886796655232,871,2,42130,10,2020,-6242.6
1081086886796655232,871,2,42130,11,2020,-9107.11
1081086886796655232,871,2,42130,12,2020,-2911.61
1081574418266566528,1034,6,3437,1,2020,2280.87
1081574418266566528,1034,6,3437,2,2020,-1400.61
1081574418266566528,1034,6,3437,3,2020,1170.56
1081574418266566528,1034,6,3437,4,2020,3668.95
1081574418266566528,1034,6,3437,5,2020,8042.85
1081574418266566528,1034,6,3437,6,2020,8271.62
1081574418266566528,1034,6,3437,7,2020,4767.57
1081574418266566528,1034,6,3437,8,2020,5481.95
1081574418266566528,1034,6,3437,9,2020,6495.83
1081574418266566528,1034,6,3437,10,2020,8747.49
1081574418266566528,1034,6,3437,11,2020,3367.01
1081574418266566528,1034,6,3437,12,2020,2487.27
1081724331020562432,6830,9,10058,1,2020,328.2
1081724331020562432,6830,9,10058,2,2020,-1864.26
1081724331020562432,6830,9,10058,3,2020,10969.44
1081724331020562432,6830,9,10058,4,2020,6460.7
1081724331020562432,6830,9,10058,5,2020,8774.31
1081724331020562432,6830,9,10058,6,2020,17702.21
1081724331020562432,6830,9,10058,7,2020,6782.19
1081724331020562432,6830,9,10058,8,2020,3936.13
1081724331020562432,6830,9,10058,9,2020,6699.05
1081724331020562432,6830,9,10058,10,2020,13626.52
1081724331020562432,6830,9,10058,11,2020,19106.35
1081724331020562432,6830,9,10058,12,2020,15671.9
1082987544894355456,8780,4,41910,1,2020,2659.99
1082987544894355456,8780,4,41910,2,2020,-1019.19
1082987544894355456,8780,4,41910,3,2020,-918.28
1082987544894355456,8780,4,41910,4,2020,-354.22
1082987544894355456,8780,4,41910,5,2020,3394.94
1082987544894355456,8780,4,41910,6,2020,4597.38
1082987544894355456,8780,4,41910,7,2020,1279.2
1082987544894355456,8780,4,41910,8,2020,3475.9
1082987544894355456,8780,4,41910,9,2020,4805.9
1082987544894355456,8780,4,41910,10,2020,-6025.17
1082987544894355456,8780,4,41910,11,2020,-11406.47
1082987544894355456,8780,4,41910,12,2020,-10436.25
1083483631653526272,3304,8,16471,1,2020,3672.41
1083483631653526272,3304,8,16471,2,2020,3395.25
1083483631653526272,3304,8,16471,3,2020,4227.26
1083483631653526272,3304,8,16471,4,2020,4038.84
1083483631653526272,3304,8,16471,5,2020,4902.03
1083483631653526272,3304,8,16471,6,2020,713.44
1083483631653526272,3304,8,16471,7,2020,6694.73
1083483631653526272,3304,8,16471,8,2020,1957.01
1083483631653526272,3304,8,16471,9,2020,307.03
1083483631653526272,3304,8,16471,10,2020,6009.6
1083483631653526272,3304,8,16471,11,2020,10022.04
1083483631653526272,3304,8,16471,12,2020,3708.84
1084434076536674304,4711,2,22394,1,2020,-1264.43
1084434076536674304,4711,2,22394,2,2020,-4174.46
1084434076536674304,4711,2,22394,3,2020,-6626.52
1084434076536674304,4711,2,22394,4,2020,-7460.66
1084434076536674304,4711,2,22394,5,2020,-5872.5
1084434076536674304,4711,2,22394,6,2020,-6816.63
1084434076536674304,4711,2,22394,7,2020,-2434.32
1084434076536674304,4711,2,22394,8,2020,3715.55
1084434076536674304,4711,2,22394,9,2020,2519.71
1084434076536674304,4711,2,22394,10,2020,-4076.6
1084434076536674304,4711,2,22394,11,2020,-1422.06
1084434076536674304,4711,2,22394,12,2020,-2388.4
1085802228732814976,4854,5,14299,1,2020,792.96
1085802228732814976,4854,5,14299,2,2020,2412.53
1085802228732814976,4854,5,14299,3,2020,2412.53
1085802228732814976,4854,5,14299,4,2020,693.15
1085802228732814976,4854,5,14299,5,2020,596.93
1085802228732814976,4854,5,14299,6,2020,596.93
1085802228732814976,4854,5,14299,7,2020,1376.3
1085802228732814976,4854,5,14299,8,2020,1376.3
1085802228732814976,4854,5,14299,9,2020,545.78
1085802228732814976,4854,5,14299,10,2020,545.78
1085802228732814976,4854,5,14299,11,2020,-82.54
1085802228732814976,4854,5,14299,12,2020,-82.54
1086174688068351872,3973,5,79185,1,2020,-10988.35
1086174688068351872,3973,5,79185,2,2020,-21408.06
1086174688068351872,3973,5,79185,3,2020,-11377.29
1086174688068351872,3973,5,79185,4,2020,-11133.5
1086174688068351872,3973,5,79185,5,2020,-2695.96
1086174688068351872,3973,5,79185,6,2020,4567.08
1086174688068351872,3973,5,79185,7,2020,153.01
1086174688068351872,3973,5,79185,8,2020,7460.97
1086174688068351872,3973,5,79185,9,2020,-7159.88
1086174688068351872,3973,5,79185,10,2020,-11531.9
1086174688068351872,3973,5,79185,11,2020,-11855.21
1086174688068351872,3973,5,79185,12,2020,-8876.16
1087482730351705344,6455,3,55667,1,2020,1217.5
1087482730351705344,6455,3,55667,2,2020,1719.18
1087482730351705344,6455,3,55667,3,2020,88.63
1087482730351705344,6455,3,55667,4,2020,-906.59
1087482730351705344,6455,3,55667,5,2020,-2085.51
1087482730351705344,6455,3,55667,6,2020,-2085.51
1087482730351705344,6455,3,55667,7,2020,-2085.51
1087482730351705344,6455,3,55667,8,2020,-1702.6
1087482730351705344,6455,3,55667,9,2020,-76.18
1087482730351705344,6455,3,55667,10,2020,1390.52
1087482730351705344,6455,3,55667,11,2020,1390.52
