2321541631533315072,1762,1,64672,5,2020,8387.45
2321541631533315072,1762,1,64672,6,2020,11680.2
2321541631533315072,1762,1,64672,7,2020,7726.28
2321541631533315072,1762,1,64672,8,2020,11245.68
2321541631533315072,1762,1,64672,9,2020,9470.48
2321541631533315072,1762,1,64672,10,2020,11678.71
2321541631533315072,1762,1,64672,11,2020,14141.38
2321541631533315072,1762,1,64672,12,2020,10420.64
2322156052298268672,813,2,21162,1,2020,-1701.54
2322156052298268672,813,2,21162,2,2020,-3495.92
2322156052298268672,813,2,21162,3,2020,1229.7
2322156052298268672,813,2,21162,4,2020,354.82
2322156052298268672,813,2,21162,5,2020,580.42
2322156052298268672,813,2,21162,6,2020,660.76
2322156052298268672,813,2,21162,7,2020,2968.24
2322156052298268672,813,2,21162,8,2020,2444.06
2322156052298268672,813,2,21162,9,2020,-2595.3
2322156052298268672,813,2,21162,10,2020,-2472.31
2322156052298268672,813,2,21162,11,2020,-13755.0
2322156052298268672,813,2,21162,12,2020,-14062.4
2322644236481386496,7121,4,59066,1,2020,576.93
2322644236481386496,7121,4,59066,2,2020,2429.97
2322644236481386496,7121,4,59066,3,2020,-2083.91
2322644236481386496,7121,4,59066,4,2020,-2874.13
2322644236481386496,7121,4,59066,5,2020,-1561.7
2322644236481386496,7121,4,59066,6,2020,402.6
2322644236481386496,7121,4,59066,7,2020,791.76
2322644236481386496,7121,4,59066,8,2020,3600.09
2322644236481386496,7121,4,59066,9,2020,3569.34
2322644236481386496,7121,4,59066,10,2020,676.12
2322644236481386496,7121,4,59066,11,2020,237.57
2322644236481386496,7121,4,59066,12,2020,-849.28
2323236305807938048,8413,9,44919,1,2020,756.22
2323236305807938048,8413,9,44919,2,2020,-1590.27
2323236305807938048,8413,9,44919,3,2020,-2113.0
2323236305807938048,8413,9,44919,4,2020,-1827.74
2323236305807938048,8413,9,44919,5,2020,-2994.63
2323236305807938048,8413,9,44919,6,2020,-5929.62
2323236305807938048,8413,9,44919,7,2020,-10287.79
2323236305807938048,8413,9,44919,8,2020,-8780.43
2323236305807938048,8413,9,44919,9,2020,-8469.82
2323236305807938048,8413,9,44919,10,2020,-13772.9
2323236305807938048,8413,9,44919,11,2020,-10692.78
2323236305807938048,8413,9,44919,12,2020,-9564.49
2323978542897495040,7223,0,84213,1,2020,-5668.14
2323978542897495040,7223,0,84213,2,2020,-6814.35
2323978542897495040,7223,0,84213,3,2020,-1654.13
2323978542897495040,7223,0,84213,4,2020,7190.06
2323978542897495040,7223,0,84213,5,2020,11268.95
2323978542897495040,7223,0,84213,6,2020,8515.56
2323978542897495040,7223,0,84213,7,2020,18952.11
2323978542897495040,7223,0,84213,8,2020,21050.71
2323978542897495040,7223,0,84213,9,2020,24974.68
2323978542897495040,7223,0,84213,10,2020,24670.83
2323978542897495040,7223,0,84213,11,2020,19629.18
2323978542897495040,7223,0,84213,12,2020,18346.62
2324099637014438912,9023,2,27062,1,2020,235.88
2324099637014438912,9023,2,27062,2,2020,-1815.33
2324099637014438912,9023,2,27062,3,2020,-1114.26
2324099637014438912,9023,2,27062,4,2020,502.84
2324099637014438912,9023,2,27062,5,2020,-265.13
2324099637014438912,9023,2,27062,6,2020,-1163.03
2324099637014438912,9023,2,27062,7,2020,-1304.69
2324099637014438912,9023,2,27062,8,2020,-1269.95
2324099637014438912,9023,2,27062,9,2020,-3212.52
2324099637014438912,9023,2,27062,10,2020,-2434.65
2324099637014438912,9023,2,27062,11,2020,-924.21
2324099637014438912,9023,2,27062,12,2020,-3414.0
2329914553128725504,4875,7,56058,1,2020,-3290.41
2329914553128725504,4875,7,56058,2,2020,-4153.92
2329914553128725504,4875,7,56058,3,2020,-5432.72
2329914553128725504,4875,7,56058,4,2020,-31.95
2329914553128725504,4875,7,56058,5,2020,-5234.83
2329914553128725504,4875,7,56058,6,2020,-1889.29
2329914553128725504,4875,7,56058,7,2020,-11117.28
2329914553128725504,4875,7,56058,8,2020,-4979.92
2329914553128725504,4875,7,56058,9,2020,6726.86
2329914553128725504,4875,7,56058,10,2020,8379.92
2329914553128725504,4875,7,56058,11,2020,10652.34
2329914553128725504,4875,7,56058,12,2020,22836.65
2332849556588752384,1865,0,84958,1,2020,-1864.72
2332849556588752384,1865,0,84958,2,2020,810.75
2332849556588752384,1865,0,84958,3,2020,734.88
2332849556588752384,1865,0,84958,4,2020,-1752.3
2332849556588752384,1865,0,84958,5,2020,-979.36
2332849556588752384,1865,0,84958,6,2020,-1226.79
2332849556588752384,1865,0,84958,7,2020,-2828.11
2332849556588752384,1865,0,84958,8,2020,-1204.94
2332849556588752384,1865,0,84958,9,2020,-161.99
2332849556588752384,1865,0,84958,10,2020,-2211.47
2332849556588752384,1865,0,84958,11,2020,-3286.31
2332849556588752384,1865,0,84958,12,2020,-1354.44
2333557098018106880,1002,2,85711,1,2020,-4139.81
2333557098018106880,1002,2,85711,2,2020,-3522.94
2333557098018106880,1002,2,85711,3,2020,-7646.54
2333557098018106880,1002,2,85711,4,2020,-7470.63
2333557098018106880,1002,2,85711,5,2020,-11755.51
2333557098018106880,1002,2,85711,6,2020,-9836.69
2333557098018106880,1002,2,85711,7,2020,-9993.14
2333557098018106880,1002,2,85711,8,2020,-9174.41
2333557098018106880,1002,2,85711,9,2020,-7524.53
2333557098018106880,1002,2,85711,10,2020,-10734.26
2333557098018106880,1002,2,85711,11,2020,-13215.92
2333557098018106880,1002,2,85711,12,2020,-10299.35
2333671447070834176,6814,8,51018,1,2020,-1814.95
2333671447070834176,6814,8,51018,2,2020,1782.25
2333671447070834176,6814,8,51018,3,2020,3965.93
2333671447070834176,6814,8,51018,4,2020,5304.06
2333671447070834176,6814,8,51018,5,2020,530.41
2333671447070834176,6814,8,51018,6,2020,-2064.83
2333671447070834176,6814,8,51018,7,2020,1724.18
2333671447070834176,6814,8,51018,8,2020,-3302.17
2333671447070834176,6814,8,51018,9,2020,7433.55
2333671447070834176,6814,8,51018,10,2020,8875.23
2333671447070834176,6814,8,51018,11,2020,6239.82
2333671447070834176,6814,8,51018,12,2020,6538.84
2335462919642447872,2275,9,65529,1,2020,1419.2
2335462919642447872,2275,9,65529,2,2020,-1792.03
2335462919642447872,2275,9,65529,3,2020,-2506.9
2335462919642447872,2275,9,65529,4,2020,-4314.99
2335462919642447872,2275,9,65529,5,2020,-3229.87
2335462919642447872,2275,9,65529,6,2020,-2616.5
2335462919642447872,2275,9,65529,7,2020,1807.54
2335462919642447872,2275,9,65529,8,2020,1858.21
2335462919642447872,2275,9,65529,9,2020,-789.5
2335462919642447872,2275,9,65529,10,2020,1229.34
2335462919642447872,2275,9,65529,11,2020,6077.06
2335462919642447872,2275,9,65529,12,2020,6610.54
2336384165151694336,5806,6,17550,1,2020,11841.9
2336384165151694336,5806,6,17550,2,2020,5467.68
2336384165151694336,5806,6,17550,3,2020,7350.91
2336384165151694336,5806,6,17550,4,2020,6318.97
2336384165151694336,5806,6,17550,5,2020,7357.34
2336384165151694336,5806,6,17550,6,2020,5264.13
2336384165151694336,5806,6,17550,7,2020,1471.8
2336384165151694336,5806,6,17550,8,2020,-2978.91
2336384165151694336,5806,6,17550,9,2020,-2747.13
2336384165151694336,5806,6,17550,10,2020,-3569.97
2336384165151694336,5806,6,17550,11,2020,2224.44
2336384165151694336,5806,6,17550,12,2020,6916.52
2337630591804161536,5374,1,34243,1,2020,-418.09
2337630591804161536,5374,1,34243,2,2020,-325.01
2337630591804161536,5374,1,34243,3,2020,-2484.81
2337630591804161536,5374,1,34243,4,2020,-569.05
2337630591804161536,5374,1,34243,5,2020,1194.43
2337630591804161536,5374,1,34243,6,2020,-1904.08
2337630591804161536,5374,1,34243,7,2020,-2446.9
2337630591804161536,5374,1,34243,8,2020,-1561.55
2337630591804161536,5374,1,34243,9,2020,923.01
2337630591804161536,5374,1,34243,10,2020,-1564.7
2337630591804161536,5374,1,34243,11,2020,-63.7
2337630591804161536,5374,1,34243,12,2020,1805.7
23387120898112960,5738,5,21937,1,2020,4664.07
23387120898112960,5738,5,21937,2,2020,-555.87
23387120898112960,5738,5,21937,3,2020,-76.86
23387120898112960,5738,5,21937,4,2020,4315.82
23387120898112960,5738,5,21937,5,2020,10250.82
23387120898112960,5738,5,21937,6,2020,6696.57
23387120898112960,5738,5,21937,7,2020,1677.0
23387120898112960,5738,5,21937,8,2020,3506.55
23387120898112960,5738,5,21937,9,2020,2666.37
23387120898112960,5738,5,21937,10,2020,3918.49
23387120898112960,5738,5,21937,11,2020,12158.45
23387120898112960,5738,5,21937,12,2020,12109.31
2339621949705038848,4734,3,70994,1,2020,1831.83
2339621949705038848,4734,3,70994,2,2020,-4412.78
2339621949705038848,4734,3,70994,3,2020,-5260.89
2339621949705038848,4734,3,70994,4,2020,-8859.12
2339621949705038848,4734,3,70994,5,2020,-13314.23
2339621949705038848,4734,3,70994,6,2020,-13538.08
2339621949705038848,4734,3,70994,7,2020,-16145.84
2339621949705038848,4734,3,70994,8,2020,-17194.32
2339621949705038848,4734,3,70994,9,2020,-21257.88
2339621949705038848,4734,3,70994,10,2020,-23925.13
2339621949705038848,4734,3,70994,11,2020,-24129.92
2339621949705038848,4734,3,70994,12,2020,-28486.32
2340975950418127872,6999,3,48384,1,2020,-3437.72
2340975950418127872,6999,3,48384,2,2020,-10464.33
2340975950418127872,6999,3,48384,3,2020,-15024.09
2340975950418127872,6999,3,48384,4,2020,-20123.54
2340975950418127872,6999,3,48384,5,2020,-14173.75
2340975950418127872,6999,3,48384,6,2020,-14846.9
2340975950418127872,6999,3,48384,7,2020,-10637.06
2340975950418127872,6999,3,48384,8,2020,-8327.01
2340975950418127872,6999,3,48384,9,2020,-5788.4
2340975950418127872,6999,3,48384,10,2020,-178.87
2340975950418127872,6999,3,48384,11,2020,8281.62
2340975950418127872,6999,3,48384,12,2020,11024.59
2342331876900662272,2540,4,9234,1,2020,-2092.4
2342331876900662272,2540,4,9234,2,2020,-11868.01
2342331876900662272,2540,4,9234,3,2020,-8406.05
2342331876900662272,2540,4,9234,4,2020,-13307.32
2342331876900662272,2540,4,9234,5,2020,-13226.41
2342331876900662272,2540,4,9234,6,2020,-12426.31
2342331876900662272,2540,4,9234,7,2020,-8556.49
2342331876900662272,2540,4,9234,8,2020,-12337.66
2342331876900662272,2540,4,9234,9,2020,-8935.02
2342331876900662272,2540,4,9234,10,2020,-10074.65
2342331876900662272,2540,4,9234,11,2020,-6662.4
2342331876900662272,2540,4,9234,12,2020,-3174.52
2342600622362918400,2976,8,6202,1,2020,176.1
2342600622362918400,2976,8,6202,2,2020,-929.97
2342600622362918400,2976,8,6202,3,2020,-833.02
2342600622362918400,2976,8,6202,4,2020,-3093.05
2342600622362918400,2976,8,6202,5,2020,-3093.05
2342600622362918400,2976,8,6202,6,2020,-3093.05
2342600622362918400,2976,8,6202,7,2020,-1651.54
2342600622362918400,2976,8,6202,8,2020,-1983.19
2342600622362918400,2976,8,6202,9,2020,-489.57
2342600622362918400,2976,8,6202,10,2020,2106.44
2342600622362918400,2976,8,6202,11,2020,1162.7
2342600622362918400,2976,8,6202,12,2020,-2068.4
2343348094973914112,6219,3,55852,1,2020,1692.99
2343348094973914112,6219,3,55852,2,2020,4253.49
2343348094973914112,6219,3,55852,3,2020,1772.7
2343348094973914112,6219,3,55852,4,2020,1669.2
2343348094973914112,6219,3,55852,5,2020,4149.98
2343348094973914112,6219,3,55852,6,2020,12151.42
2343348094973914112,6219,3,55852,7,2020,14564.19
2343348094973914112,6219,3,55852,8,2020,26014.29
2343348094973914112,6219,3,55852,9,2020,27387.8
2343348094973914112,6219,3,55852,10,2020,29681.06
2343348094973914112,6219,3,55852,11,2020,24393.57
2343348094973914112,6219,3,55852,12,2020,20549.13
2343703426899179008,5014,1,33565,1,2020,10453.27
2343703426899179008,5014,1,33565,2,2020,10571.48
2343703426899179008,5014,1,33565,3,2020,5651.25
2343703426899179008,5014,1,33565,4,2020,5786.86
2343703426899179008,5014,1,33565,5,2020,-2899.79
2343703426899179008,5014,1,33565,6,2020,-7667.24
2343703426899179008,5014,1,33565,7,2020,1101.24
2343703426899179008,5014,1,33565,8,2020,-2105.29
2343703426899179008,5014,1,33565,9,2020,-727.86
2343703426899179008,5014,1,33565,10,2020,361.01
2343703426899179008,5014,1,33565,11,2020,-999.55
2343703426899179008,5014,1,33565,12,2020,-2640.38
2343772775428169216,8974,7,5214,1,2020,-2616.92
