1196421469614266624,6183,1,33407,5,2020,3280.87
1196421469614266624,6183,1,33407,6,2020,6724.2
1196421469614266624,6183,1,33407,7,2020,7927.18
1196421469614266624,6183,1,33407,8,2020,6620.97
1196421469614266624,6183,1,33407,9,2020,6730.34
1196421469614266624,6183,1,33407,10,2020,8010.63
1196421469614266624,6183,1,33407,11,2020,8175.25
1196421469614266624,6183,1,33407,12,2020,8954.52
1197032890448005632,8422,4,25340,1,2020,-1760.42
1197032890448005632,8422,4,25340,2,2020,-257.94
1197032890448005632,8422,4,25340,3,2020,-257.94
1197032890448005632,8422,4,25340,4,2020,1294.38
1197032890448005632,8422,4,25340,5,2020,2350.04
1197032890448005632,8422,4,25340,6,2020,2224.26
1197032890448005632,8422,4,25340,7,2020,1336.87
1197032890448005632,8422,4,25340,8,2020,1336.87
1197032890448005632,8422,4,25340,9,2020,1808.64
1197032890448005632,8422,4,25340,10,2020,545.21
1197032890448005632,8422,4,25340,11,2020,1856.22
1197032890448005632,8422,4,25340,12,2020,1856.22
11972044772734216,5442,7,90187,1,2020,3721.46
11972044772734216,5442,7,90187,2,2020,2606.3
11972044772734216,5442,7,90187,3,2020,-463.59
11972044772734216,5442,7,90187,4,2020,1595.35
11972044772734216,5442,7,90187,5,2020,3660.58
11972044772734216,5442,7,90187,6,2020,8024.83
11972044772734216,5442,7,90187,7,2020,9780.75
11972044772734216,5442,7,90187,8,2020,9407.99
11972044772734216,5442,7,90187,9,2020,6580.13
11972044772734216,5442,7,90187,10,2020,9644.17
11972044772734216,5442,7,90187,11,2020,9260.71
11972044772734216,5442,7,90187,12,2020,12259.84
1198182172844090880,5224,1,96667,1,2020,3187.4
1198182172844090880,5224,1,96667,2,2020,2907.25
1198182172844090880,5224,1,96667,3,2020,1008.48
1198182172844090880,5224,1,96667,4,2020,3262.38
1198182172844090880,5224,1,96667,5,2020,1859.07
1198182172844090880,5224,1,96667,6,2020,5654.36
1198182172844090880,5224,1,96667,7,2020,9009.58
1198182172844090880,5224,1,96667,8,2020,6502.9
1198182172844090880,5224,1,96667,9,2020,6755.68
1198182172844090880,5224,1,96667,10,2020,7521.13
1198182172844090880,5224,1,96667,11,2020,6182.48
1198182172844090880,5224,1,96667,12,2020,4722.14
119835037721484640,9463,0,74724,1,2020,-348.36
119835037721484640,9463,0,74724,2,2020,0.11
119835037721484640,9463,0,74724,3,2020,-4255.01
119835037721484640,9463,0,74724,4,2020,73.19
119835037721484640,9463,0,74724,5,2020,3173.26
119835037721484640,9463,0,74724,6,2020,3857.21
119835037721484640,9463,0,74724,7,2020,64.02
119835037721484640,9463,0,74724,8,2020,-5467.72
119835037721484640,9463,0,74724,9,2020,-7055.53
119835037721484640,9463,0,74724,10,2020,-5977.51
119835037721484640,9463,0,74724,11,2020,-7917.27
119835037721484640,9463,0,74724,12,2020,-11454.45
1198512802618083840,1195,8,91884,1,2020,1963.48
1198512802618083840,1195,8,91884,2,2020,3951.64
1198512802618083840,1195,8,91884,3,2020,7017.87
1198512802618083840,1195,8,91884,4,2020,11097.9
1198512802618083840,1195,8,91884,5,2020,10443.13
1198512802618083840,1195,8,91884,6,2020,11024.63
1198512802618083840,1195,8,91884,7,2020,9333.11
1198512802618083840,1195,8,91884,8,2020,8283.93
1198512802618083840,1195,8,91884,9,2020,4800.26
1198512802618083840,1195,8,91884,10,2020,986.39
1198512802618083840,1195,8,91884,11,2020,1231.06
1198512802618083840,1195,8,91884,12,2020,3284.0
1199482819504654592,2600,3,13014,1,2020,-7913.19
1199482819504654592,2600,3,13014,2,2020,-6998.82
1199482819504654592,2600,3,13014,3,2020,-5063.83
1199482819504654592,2600,3,13014,4,2020,-2803.23
1199482819504654592,2600,3,13014,5,2020,4004.76
1199482819504654592,2600,3,13014,6,2020,11548.15
1199482819504654592,2600,3,13014,7,2020,20526.97
1199482819504654592,2600,3,13014,8,2020,21602.88
1199482819504654592,2600,3,13014,9,2020,22704.73
1199482819504654592,2600,3,13014,10,2020,24551.64
1199482819504654592,2600,3,13014,11,2020,25619.7
1199482819504654592,2600,3,13014,12,2020,21869.45
1200164976378336768,9117,7,18890,1,2020,-5793.76
1200164976378336768,9117,7,18890,2,2020,-3126.85
1200164976378336768,9117,7,18890,3,2020,-7435.29
1200164976378336768,9117,7,18890,4,2020,-7381.83
1200164976378336768,9117,7,18890,5,2020,-4698.15
1200164976378336768,9117,7,18890,6,2020,-11295.35
1200164976378336768,9117,7,18890,7,2020,-11201.94
1200164976378336768,9117,7,18890,8,2020,-15638.07
1200164976378336768,9117,7,18890,9,2020,-12847.72
1200164976378336768,9117,7,18890,10,2020,-17952.38
1200164976378336768,9117,7,18890,11,2020,-24502.69
1200164976378336768,9117,7,18890,12,2020,-29546.12
1200313281852182016,4847,6,92848,1,2020,-5731.4
1200313281852182016,4847,6,92848,2,2020,6360.36
1200313281852182016,4847,6,92848,3,2020,-2228.55
1200313281852182016,4847,6,92848,4,2020,-2381.54
1200313281852182016,4847,6,92848,5,2020,-1066.98
1200313281852182016,4847,6,92848,6,2020,-5472.2
1200313281852182016,4847,6,92848,7,2020,-7851.4
1200313281852182016,4847,6,92848,8,2020,-10774.25
1200313281852182016,4847,6,92848,9,2020,-11716.19
1200313281852182016,4847,6,92848,10,2020,-13318.67
1200313281852182016,4847,6,92848,11,2020,-14419.34
1200313281852182016,4847,6,92848,12,2020,-8934.35
1201114577047030016,2102,9,27887,1,2020,-1712.22
1201114577047030016,2102,9,27887,2,2020,-2686.66
1201114577047030016,2102,9,27887,3,2020,-6987.55
1201114577047030016,2102,9,27887,4,2020,-5620.5
1201114577047030016,2102,9,27887,5,2020,-4423.02
1201114577047030016,2102,9,27887,6,2020,-2867.34
1201114577047030016,2102,9,27887,7,2020,-2847.22
1201114577047030016,2102,9,27887,8,2020,-2565.53
1201114577047030016,2102,9,27887,9,2020,-6006.95
1201114577047030016,2102,9,27887,10,2020,-1370.73
1201114577047030016,2102,9,27887,11,2020,-1870.92
1201114577047030016,2102,9,27887,12,2020,-1775.19
1201884970732422144,1282,4,64114,1,2020,0.0
1201884970732422144,1282,4,64114,2,2020,1862.16
1201884970732422144,1282,4,64114,3,2020,3053.64
1201884970732422144,1282,4,64114,4,2020,776.44
1201884970732422144,1282,4,64114,5,2020,776.44
1201884970732422144,1282,4,64114,6,2020,776.44
1201884970732422144,1282,4,64114,7,2020,776.44
1201884970732422144,1282,4,64114,8,2020,776.44
1201884970732422144,1282,4,64114,9,2020,2621.11
1201884970732422144,1282,4,64114,10,2020,2621.11
1201884970732422144,1282,4,64114,11,2020,3042.84
1201884970732422144,1282,4,64114,12,2020,2492.81
1203118863883411456,5918,2,98645,1,2020,1317.88
1203118863883411456,5918,2,98645,2,2020,2186.61
1203118863883411456,5918,2,98645,3,2020,1429.9
1203118863883411456,5918,2,98645,4,2020,2944.01
1203118863883411456,5918,2,98645,5,2020,-2437.67
1203118863883411456,5918,2,98645,6,2020,-6110.98
1203118863883411456,5918,2,98645,7,2020,-4826.47
1203118863883411456,5918,2,98645,8,2020,-2383.57
1203118863883411456,5918,2,98645,9,2020,-1218.08
1203118863883411456,5918,2,98645,10,2020,2553.44
1203118863883411456,5918,2,98645,11,2020,539.15
1203118863883411456,5918,2,98645,12,2020,-4753.06
1203718471916291840,314,4,61128,1,2020,2737.34
1203718471916291840,314,4,61128,2,2020,1344.52
1203718471916291840,314,4,61128,3,2020,1627.19
1203718471916291840,314,4,61128,4,2020,1627.19
1203718471916291840,314,4,61128,5,2020,1578.38
1203718471916291840,314,4,61128,6,2020,674.94
1203718471916291840,314,4,61128,7,2020,-1407.14
1203718471916291840,314,4,61128,8,2020,523.21
1203718471916291840,314,4,61128,9,2020,1449.76
1203718471916291840,314,4,61128,10,2020,2305.62
1203718471916291840,314,4,61128,11,2020,2024.59
1203718471916291840,314,4,61128,12,2020,1325.12
1203919281535061248,3385,9,91607,1,2020,3695.22
1203919281535061248,3385,9,91607,2,2020,5133.96
1203919281535061248,3385,9,91607,3,2020,1496.97
1203919281535061248,3385,9,91607,4,2020,-517.0
1203919281535061248,3385,9,91607,5,2020,-8421.3
1203919281535061248,3385,9,91607,6,2020,-12079.71
1203919281535061248,3385,9,91607,7,2020,-16868.09
1203919281535061248,3385,9,91607,8,2020,-16127.82
1203919281535061248,3385,9,91607,9,2020,-18244.52
1203919281535061248,3385,9,91607,10,2020,-11611.69
1203919281535061248,3385,9,91607,11,2020,-16127.32
1203919281535061248,3385,9,91607,12,2020,-19052.32
1204867597188626432,7017,1,46885,1,2020,946.11
1204867597188626432,7017,1,46885,2,2020,-1953.14
1204867597188626432,7017,1,46885,3,2020,-3257.12
1204867597188626432,7017,1,46885,4,2020,-3658.45
1204867597188626432,7017,1,46885,5,2020,-8053.99
1204867597188626432,7017,1,46885,6,2020,-12086.75
1204867597188626432,7017,1,46885,7,2020,-10775.4
1204867597188626432,7017,1,46885,8,2020,-6630.1
1204867597188626432,7017,1,46885,9,2020,-2440.86
1204867597188626432,7017,1,46885,10,2020,-4064.35
1204867597188626432,7017,1,46885,11,2020,-4540.2
1204867597188626432,7017,1,46885,12,2020,-6665.31
1204971991386701056,9023,4,6967,1,2020,2140.94
1204971991386701056,9023,4,6967,2,2020,13284.92
1204971991386701056,9023,4,6967,3,2020,17673.12
1204971991386701056,9023,4,6967,4,2020,18311.7
1204971991386701056,9023,4,6967,5,2020,12492.68
1204971991386701056,9023,4,6967,6,2020,9217.97
1204971991386701056,9023,4,6967,7,2020,3754.54
1204971991386701056,9023,4,6967,8,2020,-1715.85
1204971991386701056,9023,4,6967,9,2020,-3824.95
1204971991386701056,9023,4,6967,10,2020,-1035.79
1204971991386701056,9023,4,6967,11,2020,3500.5
1204971991386701056,9023,4,6967,12,2020,-4512.16
1206279794188776704,3873,3,61809,1,2020,1532.27
1206279794188776704,3873,3,61809,2,2020,-1475.98
1206279794188776704,3873,3,61809,3,2020,-4133.68
1206279794188776704,3873,3,61809,4,2020,-3293.08
1206279794188776704,3873,3,61809,5,2020,-3293.08
1206279794188776704,3873,3,61809,6,2020,-4198.0
1206279794188776704,3873,3,61809,7,2020,-3015.39
1206279794188776704,3873,3,61809,8,2020,-3991.97
1206279794188776704,3873,3,61809,9,2020,921.97
1206279794188776704,3873,3,61809,10,2020,1055.24
1206279794188776704,3873,3,61809,11,2020,-1828.44
1206279794188776704,3873,3,61809,12,2020,-3655.25
1206307829493205248,9913,7,4212,1,2020,831.24
1206307829493205248,9913,7,4212,2,2020,831.24
1206307829493205248,9913,7,4212,3,2020,3724.41
1206307829493205248,9913,7,4212,4,2020,3351.64
1206307829493205248,9913,7,4212,5,2020,2710.47
1206307829493205248,9913,7,4212,6,2020,4937.37
1206307829493205248,9913,7,4212,7,2020,1316.65
1206307829493205248,9913,7,4212,8,2020,5440.76
1206307829493205248,9913,7,4212,9,2020,6215.85
1206307829493205248,9913,7,4212,10,2020,4748.44
1206307829493205248,9913,7,4212,11,2020,3572.01
1206307829493205248,9913,7,4212,12,2020,5001.21
1207763412567092992,6764,2,4524,1,2020,-1733.83
1207763412567092992,6764,2,4524,2,2020,-7509.84
1207763412567092992,6764,2,4524,3,2020,-6482.35
1207763412567092992,6764,2,4524,4,2020,-6372.14
1207763412567092992,6764,2,4524,5,2020,-9076.71
1207763412567092992,6764,2,4524,6,2020,-5463.28
1207763412567092992,6764,2,4524,7,2020,-4037.46
1207763412567092992,6764,2,4524,8,2020,-3839.08
1207763412567092992,6764,2,4524,9,2020,-1888.61
1207763412567092992,6764,2,4524,10,2020,5724.03
1207763412567092992,6764,2,4524,11,2020,10058.48
1207763412567092992,6764,2,4524,12,2020,6709.72
1207932280820772608,1642,1,4797,1,2020,-1129.69
1207932280820772608,1642,1,4797,2,2020,55.64
1207932280820772608,1642,1,4797,3,2020,4962.9
1207932280820772608,1642,1,4797,4,2020,4644.48
1207932280820772608,1642,1,4797,5,2020,1285.51
1207932280820772608,1642,1,4797,6,2020,2141.57
1207932280820772608,1642,1,4797,7,2020,-2226.11
1207932280820772608,1642,1,4797,8,2020,-3659.11
1207932280820772608,1642,1,4797,9,2020,-1441.63
1207932280820772608,1642,1,4797,10,2020,-3603.28
1207932280820772608,1642,1,4797,11,2020,-321.95
1207932280820772608,1642,1,4797,12,2020,-1049.92
1209084463018404864,9040,6,62735,1,2020,-4238.95
1209084463018404864,9040,6,62735,2,2020,-1898.95
1209084463018404864,9040,6,62735,3,2020,-2070.58
1209084463018404864,9040,6,62735,4,2020,-3348.02
1209084463018404864,9040,6,62735,5,2020,-3463.18
1209084463018404864,9040,6,62735,6,2020,-8554.93
1209084463018404864,9040,6,62735,7,2020,-12681.31
1209084463018404864,9040,6,62735,8,2020,-20477.2
1209084463018404864,9040,6,62735,9,2020,-16514.33
