1140859530758375680,1831,0,37486,1,2020,-1577.33
1140859530758375680,1831,0,37486,2,2020,-2952.46
1140859530758375680,1831,0,37486,3,2020,-8485.62
1140859530758375680,1831,0,37486,4,2020,-4459.82
1140859530758375680,1831,0,37486,5,2020,-4816.61
1140859530758375680,1831,0,37486,6,2020,-4426.97
1140859530758375680,1831,0,37486,7,2020,-3474.74
1140859530758375680,1831,0,37486,8,2020,-8334.68
1140859530758375680,1831,0,37486,9,2020,-6254.88
1140859530758375680,1831,0,37486,10,2020,-16709.69
1140859530758375680,1831,0,37486,11,2020,-15210.43
1140859530758375680,1831,0,37486,12,2020,-19685.68
114244083384430656,9459,7,4541,1,2020,-7609.27
114244083384430656,9459,7,4541,2,2020,-2942.57
114244083384430656,9459,7,4541,3,2020,-9981.42
114244083384430656,9459,7,4541,4,2020,-10749.58
114244083384430656,9459,7,4541,5,2020,-8993.84
114244083384430656,9459,7,4541,6,2020,-8394.2
114244083384430656,9459,7,4541,7,2020,-2913.43
114244083384430656,9459,7,4541,8,2020,-4532.7
114244083384430656,9459,7,4541,9,2020,-1699.97
114244083384430656,9459,7,4541,10,2020,3838.87
114244083384430656,9459,7,4541,11,2020,14215.32
114244083384430656,9459,7,4541,12,2020,15541.0
1143512545711333632,3625,7,12215,1,2020,2181.33
1143512545711333632,3625,7,12215,2,2020,-667.56
1143512545711333632,3625,7,12215,3,2020,165.57
1143512545711333632,3625,7,12215,4,2020,-3462.07
1143512545711333632,3625,7,12215,5,2020,815.66
1143512545711333632,3625,7,12215,6,2020,4001.39
1143512545711333632,3625,7,12215,7,2020,10343.26
1143512545711333632,3625,7,12215,8,2020,10218.87
1143512545711333632,3625,7,12215,9,2020,6810.73
1143512545711333632,3625,7,12215,10,2020,5091.35
1143512545711333632,3625,7,12215,11,2020,4661.59
1143512545711333632,3625,7,12215,12,2020,-2820.97
1143714650292597376,8854,5,36062,1,2020,-3771.18
1143714650292597376,8854,5,36062,2,2020,-5380.89
1143714650292597376,8854,5,36062,3,2020,-5305.76
1143714650292597376,8854,5,36062,4,2020,-9010.12
1143714650292597376,8854,5,36062,5,2020,-11208.48
1143714650292597376,8854,5,36062,6,2020,-12766.78
1143714650292597376,8854,5,36062,7,2020,-12377.85
1143714650292597376,8854,5,36062,8,2020,-7265.64
1143714650292597376,8854,5,36062,9,2020,-8700.41
1143714650292597376,8854,5,36062,10,2020,-5528.21
1143714650292597376,8854,5,36062,11,2020,-9422.31
1143714650292597376,8854,5,36062,12,2020,-6432.25
1144098078315905408,6496,4,9800,1,2020,1430.26
1144098078315905408,6496,4,9800,2,2020,6457.64
1144098078315905408,6496,4,9800,3,2020,8823.9
1144098078315905408,6496,4,9800,4,2020,17818.26
1144098078315905408,6496,4,9800,5,2020,10797.24
1144098078315905408,6496,4,9800,6,2020,13998.69
1144098078315905408,6496,4,9800,7,2020,21887.85
1144098078315905408,6496,4,9800,8,2020,21985.26
1144098078315905408,6496,4,9800,9,2020,20365.93
1144098078315905408,6496,4,9800,10,2020,27503.28
1144098078315905408,6496,4,9800,11,2020,32297.4
1144098078315905408,6496,4,9800,12,2020,24657.37
1144933435822976896,1011,8,7806,1,2020,1144.63
1144933435822976896,1011,8,7806,2,2020,3421.71
1144933435822976896,1011,8,7806,3,2020,2507.88
1144933435822976896,1011,8,7806,4,2020,2126.4
1144933435822976896,1011,8,7806,5,2020,123.4
1144933435822976896,1011,8,7806,6,2020,1530.12
1144933435822976896,1011,8,7806,7,2020,3994.85
1144933435822976896,1011,8,7806,8,2020,4200.35
1144933435822976896,1011,8,7806,9,2020,2256.6
1144933435822976896,1011,8,7806,10,2020,3283.71
1144933435822976896,1011,8,7806,11,2020,3760.46
1144933435822976896,1011,8,7806,12,2020,3729.99
1145247285991924736,8513,2,62726,1,2020,7238.87
1145247285991924736,8513,2,62726,2,2020,3586.96
1145247285991924736,8513,2,62726,3,2020,1848.0
1145247285991924736,8513,2,62726,4,2020,8047.41
1145247285991924736,8513,2,62726,5,2020,14108.85
1145247285991924736,8513,2,62726,6,2020,16288.97
1145247285991924736,8513,2,62726,7,2020,15736.4
1145247285991924736,8513,2,62726,8,2020,14570.65
1145247285991924736,8513,2,62726,9,2020,14485.4
1145247285991924736,8513,2,62726,10,2020,10447.5
1145247285991924736,8513,2,62726,11,2020,19377.45
1145247285991924736,8513,2,62726,12,2020,19478.06
1146143234072335744,6398,0,10481,1,2020,2828.9
1146143234072335744,6398,0,10481,2,2020,4896.66
1146143234072335744,6398,0,10481,3,2020,4112.71
1146143234072335744,6398,0,10481,4,2020,1909.47
1146143234072335744,6398,0,10481,5,2020,-2951.3
1146143234072335744,6398,0,10481,6,2020,-4240.72
1146143234072335744,6398,0,10481,7,2020,-1920.32
1146143234072335744,6398,0,10481,8,2020,-1381.18
1146143234072335744,6398,0,10481,9,2020,5247.31
1146143234072335744,6398,0,10481,10,2020,7799.79
1146143234072335744,6398,0,10481,11,2020,11182.72
1146143234072335744,6398,0,10481,12,2020,6789.57
1146467993990053248,5202,6,18562,1,2020,5188.79
1146467993990053248,5202,6,18562,2,2020,4804.79
1146467993990053248,5202,6,18562,3,2020,3972.9
1146467993990053248,5202,6,18562,4,2020,-382.06
1146467993990053248,5202,6,18562,5,2020,2398.56
1146467993990053248,5202,6,18562,6,2020,5054.46
1146467993990053248,5202,6,18562,7,2020,7792.39
1146467993990053248,5202,6,18562,8,2020,7121.58
1146467993990053248,5202,6,18562,9,2020,11357.52
1146467993990053248,5202,6,18562,10,2020,15437.64
1146467993990053248,5202,6,18562,11,2020,5072.9
1146467993990053248,5202,6,18562,12,2020,6995.9
1146876278023388032,2557,3,19967,1,2020,8091.62
1146876278023388032,2557,3,19967,2,2020,3788.35
1146876278023388032,2557,3,19967,3,2020,3166.09
1146876278023388032,2557,3,19967,4,2020,11346.52
1146876278023388032,2557,3,19967,5,2020,15151.46
1146876278023388032,2557,3,19967,6,2020,10598.06
1146876278023388032,2557,3,19967,7,2020,12479.73
1146876278023388032,2557,3,19967,8,2020,11690.52
1146876278023388032,2557,3,19967,9,2020,9370.83
1146876278023388032,2557,3,19967,10,2020,5533.49
1146876278023388032,2557,3,19967,11,2020,2476.6
1146876278023388032,2557,3,19967,12,2020,4443.36
1147115922620192896,2122,7,1466,1,2020,1603.66
1147115922620192896,2122,7,1466,2,2020,2465.45
1147115922620192896,2122,7,1466,3,2020,3955.52
1147115922620192896,2122,7,1466,4,2020,922.43
1147115922620192896,2122,7,1466,5,2020,2950.58
1147115922620192896,2122,7,1466,6,2020,3633.22
1147115922620192896,2122,7,1466,7,2020,1637.63
1147115922620192896,2122,7,1466,8,2020,3532.97
1147115922620192896,2122,7,1466,9,2020,4942.41
1147115922620192896,2122,7,1466,10,2020,8536.92
1147115922620192896,2122,7,1466,11,2020,7192.57
1147115922620192896,2122,7,1466,12,2020,7625.91
1147289058654037120,4262,6,21844,1,2020,540.11
1147289058654037120,4262,6,21844,2,2020,-11509.99
1147289058654037120,4262,6,21844,3,2020,-6694.16
1147289058654037120,4262,6,21844,4,2020,-3333.27
1147289058654037120,4262,6,21844,5,2020,331.93
1147289058654037120,4262,6,21844,6,2020,206.88
1147289058654037120,4262,6,21844,7,2020,-2730.95
1147289058654037120,4262,6,21844,8,2020,-5126.16
1147289058654037120,4262,6,21844,9,2020,1089.42
1147289058654037120,4262,6,21844,10,2020,1966.34
1147289058654037120,4262,6,21844,11,2020,-4745.73
1147289058654037120,4262,6,21844,12,2020,-8720.1
1148250066685507072,9193,9,78546,1,2020,3663.87
1148250066685507072,9193,9,78546,2,2020,7877.45
1148250066685507072,9193,9,78546,3,2020,7426.57
1148250066685507072,9193,9,78546,4,2020,7291.98
1148250066685507072,9193,9,78546,5,2020,4404.41
1148250066685507072,9193,9,78546,6,2020,-4050.73
1148250066685507072,9193,9,78546,7,2020,66.78
1148250066685507072,9193,9,78546,8,2020,-7038.01
1148250066685507072,9193,9,78546,9,2020,-8583.26
1148250066685507072,9193,9,78546,10,2020,-6682.95
1148250066685507072,9193,9,78546,11,2020,-5267.47
1148250066685507072,9193,9,78546,12,2020,-5567.35
1150634540290954368,1442,9,67983,1,2020,-2153.37
1150634540290954368,1442,9,67983,2,2020,-2173.59
1150634540290954368,1442,9,67983,3,2020,-5490.99
1150634540290954368,1442,9,67983,4,2020,-9978.03
1150634540290954368,1442,9,67983,5,2020,-8950.55
1150634540290954368,1442,9,67983,6,2020,-5704.99
1150634540290954368,1442,9,67983,7,2020,-11123.85
1150634540290954368,1442,9,67983,8,2020,-5744.53
1150634540290954368,1442,9,67983,9,2020,-1556.92
1150634540290954368,1442,9,67983,10,2020,-2421.86
1150634540290954368,1442,9,67983,11,2020,-2672.77
1150634540290954368,1442,9,67983,12,2020,-3601.89
1151142393992098688,3237,4,29416,1,2020,1312.7
1151142393992098688,3237,4,29416,2,2020,1312.7
1151142393992098688,3237,4,29416,3,2020,1312.7
1151142393992098688,3237,4,29416,4,2020,1312.7
1151142393992098688,3237,4,29416,5,2020,1312.7
1151142393992098688,3237,4,29416,6,2020,1312.7
1151142393992098688,3237,4,29416,7,2020,1312.7
1151142393992098688,3237,4,29416,8,2020,1312.7
1151142393992098688,3237,4,29416,9,2020,1312.7
1151142393992098688,3237,4,29416,10,2020,1312.7
1151142393992098688,3237,4,29416,11,2020,2200.41
1151142393992098688,3237,4,29416,12,2020,2200.41
1152320668580052992,7996,2,31989,1,2020,675.86
1152320668580052992,7996,2,31989,2,2020,2632.06
1152320668580052992,7996,2,31989,3,2020,-1087.07
1152320668580052992,7996,2,31989,4,2020,312.17
1152320668580052992,7996,2,31989,5,2020,1504.44
1152320668580052992,7996,2,31989,6,2020,3208.41
1152320668580052992,7996,2,31989,7,2020,3208.41
1152320668580052992,7996,2,31989,8,2020,2759.06
1152320668580052992,7996,2,31989,9,2020,3573.69
1152320668580052992,7996,2,31989,10,2020,3573.69
1152320668580052992,7996,2,31989,11,2020,3383.17
1152320668580052992,7996,2,31989,12,2020,3383.17
1153446787509044224,3771,5,6599,1,2020,5619.37
1153446787509044224,3771,5,6599,2,2020,4679.27
1153446787509044224,3771,5,6599,3,2020,-709.47
1153446787509044224,3771,5,6599,4,2020,4006.55
1153446787509044224,3771,5,6599,5,2020,4667.47
1153446787509044224,3771,5,6599,6,2020,722.09
1153446787509044224,3771,5,6599,7,2020,11907.59
1153446787509044224,3771,5,6599,8,2020,10542.35
1153446787509044224,3771,5,6599,9,2020,11050.98
1153446787509044224,3771,5,6599,10,2020,7075.31
1153446787509044224,3771,5,6599,11,2020,990.79
1153446787509044224,3771,5,6599,12,2020,-4494.85
1153480115862950912,1387,0,79864,1,2020,-3388.03
1153480115862950912,1387,0,79864,2,2020,-7207.0
1153480115862950912,1387,0,79864,3,2020,-4022.73
1153480115862950912,1387,0,79864,4,2020,4081.08
1153480115862950912,1387,0,79864,5,2020,10549.89
1153480115862950912,1387,0,79864,6,2020,7353.05
1153480115862950912,1387,0,79864,7,2020,13372.8
1153480115862950912,1387,0,79864,8,2020,14676.02
1153480115862950912,1387,0,79864,9,2020,18090.68
1153480115862950912,1387,0,79864,10,2020,23863.91
1153480115862950912,1387,0,79864,11,2020,29676.13
1153480115862950912,1387,0,79864,12,2020,28167.83
1154336720147996672,7854,5,96762,1,2020,-66.42
1154336720147996672,7854,5,96762,2,2020,347.42
1154336720147996672,7854,5,96762,3,2020,1539.96
1154336720147996672,7854,5,96762,4,2020,3214.16
1154336720147996672,7854,5,96762,5,2020,1850.04
1154336720147996672,7854,5,96762,6,2020,5215.97
1154336720147996672,7854,5,96762,7,2020,1444.92
1154336720147996672,7854,5,96762,8,2020,-1595.43
1154336720147996672,7854,5,96762,9,2020,-2389.2
1154336720147996672,7854,5,96762,10,2020,-1730.66
1154336720147996672,7854,5,96762,11,2020,-800.38
1154336720147996672,7854,5,96762,12,2020,-62.9
1154541498566905088,4911,7,98477,1,2020,0.0
1154541498566905088,4911,7,98477,2,2020,0.0
1154541498566905088,4911,7,98477,3,2020,0.0
1154541498566905088,4911,7,98477,4,2020,-1081.88
1154541498566905088,4911,7,98477,5,2020,-2420.92
1154541498566905088,4911,7,98477,6,2020,-2420.92
1154541498566905088,4911,7,98477,7,2020,-2420.92
1154541498566905088,4911,7,98477,8,2020,-2420.92
1154541498566905088,4911,7,98477,9,2020,-2420.92
1154541498566905088,4911,7,98477,10,2020,-2420.92
1154541498566905088,4911,7,98477,11,2020,-2420.92
1154541498566905088,4911,7,98477,12,2020,-2420.92
1156076761998805504,8831,7,63543,1,2020,0.0
1156076761998805504,8831,7,63543,2,2020,-2565.43
1156076761998805504,8831,7,63543,3,2020,923.04
1156076761998805504,8831,7,63543,4,2020,-379.45
