2310401459574087680,1661,5,89627,3,2020,-150.75
2310401459574087680,1661,5,89627,4,2020,2750.67
2310401459574087680,1661,5,89627,5,2020,8272.73
2310401459574087680,1661,5,89627,6,2020,7286.4
2310401459574087680,1661,5,89627,7,2020,3580.73
2310401459574087680,1661,5,89627,8,2020,3511.85
2310401459574087680,1661,5,89627,9,2020,6730.07
2310401459574087680,1661,5,89627,10,2020,8878.66
2310401459574087680,1661,5,89627,11,2020,7975.65
2310401459574087680,1661,5,89627,12,2020,6188.62
2310935689455269376,9082,3,35530,1,2020,1321.28
2310935689455269376,9082,3,35530,2,2020,2791.77
2310935689455269376,9082,3,35530,3,2020,5932.68
2310935689455269376,9082,3,35530,4,2020,7294.21
2310935689455269376,9082,3,35530,5,2020,12119.78
2310935689455269376,9082,3,35530,6,2020,14204.74
2310935689455269376,9082,3,35530,7,2020,12158.97
2310935689455269376,9082,3,35530,8,2020,10827.72
2310935689455269376,9082,3,35530,9,2020,7458.71
2310935689455269376,9082,3,35530,10,2020,5795.32
2310935689455269376,9082,3,35530,11,2020,3591.18
2310935689455269376,9082,3,35530,12,2020,4166.44
2311079965631437824,2800,0,20614,1,2020,7371.96
2311079965631437824,2800,0,20614,2,2020,6845.79
2311079965631437824,2800,0,20614,3,2020,10588.22
2311079965631437824,2800,0,20614,4,2020,10647.01
2311079965631437824,2800,0,20614,5,2020,11793.62
2311079965631437824,2800,0,20614,6,2020,14728.9
2311079965631437824,2800,0,20614,7,2020,15952.17
2311079965631437824,2800,0,20614,8,2020,12008.48
2311079965631437824,2800,0,20614,9,2020,3500.81
2311079965631437824,2800,0,20614,10,2020,-3483.04
2311079965631437824,2800,0,20614,11,2020,-7556.99
2311079965631437824,2800,0,20614,12,2020,-9903.4
2311412135521568768,5926,9,79105,1,2020,-952.32
2311412135521568768,5926,9,79105,2,2020,499.47
2311412135521568768,5926,9,79105,3,2020,583.37
2311412135521568768,5926,9,79105,4,2020,1506.62
2311412135521568768,5926,9,79105,5,2020,-101.55
2311412135521568768,5926,9,79105,6,2020,11.8
2311412135521568768,5926,9,79105,7,2020,4255.9
2311412135521568768,5926,9,79105,8,2020,4825.68
2311412135521568768,5926,9,79105,9,2020,1136.86
2311412135521568768,5926,9,79105,10,2020,1196.16
2311412135521568768,5926,9,79105,11,2020,8229.82
2311412135521568768,5926,9,79105,12,2020,7926.44
2312188559566297600,3312,6,99526,1,2020,0.0
2312188559566297600,3312,6,99526,2,2020,0.0
2312188559566297600,3312,6,99526,3,2020,0.0
2312188559566297600,3312,6,99526,4,2020,0.0
2312188559566297600,3312,6,99526,5,2020,0.0
2312188559566297600,3312,6,99526,6,2020,0.0
2312188559566297600,3312,6,99526,7,2020,0.0
2312188559566297600,3312,6,99526,8,2020,0.0
2312188559566297600,3312,6,99526,9,2020,1992.36
2312188559566297600,3312,6,99526,10,2020,1828.71
2312188559566297600,3312,6,99526,11,2020,1828.71
2312188559566297600,3312,6,99526,12,2020,1828.71
2312205438924781568,739,2,67783,1,2020,9641.88
2312205438924781568,739,2,67783,2,2020,8354.56
2312205438924781568,739,2,67783,3,2020,16222.6
2312205438924781568,739,2,67783,4,2020,14921.95
2312205438924781568,739,2,67783,5,2020,14902.11
2312205438924781568,739,2,67783,6,2020,8605.95
2312205438924781568,739,2,67783,7,2020,18518.78
2312205438924781568,739,2,67783,8,2020,16687.99
2312205438924781568,739,2,67783,9,2020,22009.53
2312205438924781568,739,2,67783,10,2020,17708.02
2312205438924781568,739,2,67783,11,2020,19472.31
2312205438924781568,739,2,67783,12,2020,26192.79
231366689818330016,716,4,38403,1,2020,-577.32
231366689818330016,716,4,38403,2,2020,1175.76
231366689818330016,716,4,38403,3,2020,2515.86
231366689818330016,716,4,38403,4,2020,1319.59
231366689818330016,716,4,38403,5,2020,-47.31
231366689818330016,716,4,38403,6,2020,1033.85
231366689818330016,716,4,38403,7,2020,-29.79
231366689818330016,716,4,38403,8,2020,-1902.96
231366689818330016,716,4,38403,9,2020,-1958.49
231366689818330016,716,4,38403,10,2020,-1306.69
231366689818330016,716,4,38403,11,2020,-2207.01
231366689818330016,716,4,38403,12,2020,-3913.52
2316202346132320768,7086,3,38954,1,2020,1431.52
2316202346132320768,7086,3,38954,2,2020,5301.27
2316202346132320768,7086,3,38954,3,2020,5270.66
2316202346132320768,7086,3,38954,4,2020,2977.58
2316202346132320768,7086,3,38954,5,2020,10793.46
2316202346132320768,7086,3,38954,6,2020,15953.25
2316202346132320768,7086,3,38954,7,2020,18213.27
2316202346132320768,7086,3,38954,8,2020,21692.25
2316202346132320768,7086,3,38954,9,2020,20413.15
2316202346132320768,7086,3,38954,10,2020,16160.61
2316202346132320768,7086,3,38954,11,2020,17983.4
2316202346132320768,7086,3,38954,12,2020,14924.47
2316547922174120960,6506,1,65973,1,2020,2150.87
2316547922174120960,6506,1,65973,2,2020,1523.35
2316547922174120960,6506,1,65973,3,2020,5091.01
2316547922174120960,6506,1,65973,4,2020,4783.68
2316547922174120960,6506,1,65973,5,2020,5313.46
2316547922174120960,6506,1,65973,6,2020,5502.8
2316547922174120960,6506,1,65973,7,2020,6003.0
2316547922174120960,6506,1,65973,8,2020,8792.53
2316547922174120960,6506,1,65973,9,2020,8415.71
2316547922174120960,6506,1,65973,10,2020,9532.84
2316547922174120960,6506,1,65973,11,2020,8768.57
2316547922174120960,6506,1,65973,12,2020,10487.59
2316879883689699328,947,3,45808,1,2020,818.58
2316879883689699328,947,3,45808,2,2020,-916.92
2316879883689699328,947,3,45808,3,2020,-481.18
2316879883689699328,947,3,45808,4,2020,2241.4
2316879883689699328,947,3,45808,5,2020,2855.74
2316879883689699328,947,3,45808,6,2020,2103.32
2316879883689699328,947,3,45808,7,2020,-39.83
2316879883689699328,947,3,45808,8,2020,-1559.23
2316879883689699328,947,3,45808,9,2020,-2974.01
2316879883689699328,947,3,45808,10,2020,-14.75
2316879883689699328,947,3,45808,11,2020,-4503.85
2316879883689699328,947,3,45808,12,2020,-6047.77
2316988791745645568,7087,7,24578,1,2020,-276.42
2316988791745645568,7087,7,24578,2,2020,-276.42
2316988791745645568,7087,7,24578,3,2020,-276.42
2316988791745645568,7087,7,24578,4,2020,216.64
2316988791745645568,7087,7,24578,5,2020,-2166.36
2316988791745645568,7087,7,24578,6,2020,-2261.32
2316988791745645568,7087,7,24578,7,2020,-2261.32
2316988791745645568,7087,7,24578,8,2020,-2261.32
2316988791745645568,7087,7,24578,9,2020,-2261.32
2316988791745645568,7087,7,24578,10,2020,-2692.96
2316988791745645568,7087,7,24578,11,2020,-2692.96
2316988791745645568,7087,7,24578,12,2020,-3196.61
2317485633360963072,9188,2,97342,1,2020,0.0
2317485633360963072,9188,2,97342,2,2020,700.73
2317485633360963072,9188,2,97342,3,2020,700.73
2317485633360963072,9188,2,97342,4,2020,-1275.13
2317485633360963072,9188,2,97342,5,2020,589.13
2317485633360963072,9188,2,97342,6,2020,589.13
2317485633360963072,9188,2,97342,7,2020,589.13
2317485633360963072,9188,2,97342,8,2020,-1107.52
2317485633360963072,9188,2,97342,9,2020,-1107.52
2317485633360963072,9188,2,97342,10,2020,-506.88
2317485633360963072,9188,2,97342,11,2020,-506.88
2317485633360963072,9188,2,97342,12,2020,-1245.4
2317551296193983488,8019,8,15571,1,2020,3266.28
2317551296193983488,8019,8,15571,2,2020,6222.25
2317551296193983488,8019,8,15571,3,2020,7979.24
2317551296193983488,8019,8,15571,4,2020,8352.96
2317551296193983488,8019,8,15571,5,2020,6501.06
2317551296193983488,8019,8,15571,6,2020,6832.59
2317551296193983488,8019,8,15571,7,2020,5046.29
2317551296193983488,8019,8,15571,8,2020,2301.11
2317551296193983488,8019,8,15571,9,2020,-96.07
2317551296193983488,8019,8,15571,10,2020,1350.17
2317551296193983488,8019,8,15571,11,2020,-227.69
2317551296193983488,8019,8,15571,12,2020,-2957.8
2317679666659959808,7752,6,83256,1,2020,-353.89
2317679666659959808,7752,6,83256,2,2020,-5375.76
2317679666659959808,7752,6,83256,3,2020,-7117.34
2317679666659959808,7752,6,83256,4,2020,-2510.07
2317679666659959808,7752,6,83256,5,2020,-2797.04
2317679666659959808,7752,6,83256,6,2020,-3927.5
2317679666659959808,7752,6,83256,7,2020,-4009.67
2317679666659959808,7752,6,83256,8,2020,-3684.7
2317679666659959808,7752,6,83256,9,2020,-1739.34
2317679666659959808,7752,6,83256,10,2020,-5716.67
2317679666659959808,7752,6,83256,11,2020,-2187.9
2317679666659959808,7752,6,83256,12,2020,-7555.82
2317955315120175104,214,8,58121,1,2020,-2060.64
2317955315120175104,214,8,58121,2,2020,-1205.34
2317955315120175104,214,8,58121,3,2020,-522.73
2317955315120175104,214,8,58121,4,2020,43.38
2317955315120175104,214,8,58121,5,2020,2933.16
2317955315120175104,214,8,58121,6,2020,6938.85
2317955315120175104,214,8,58121,7,2020,4516.22
2317955315120175104,214,8,58121,8,2020,4193.33
2317955315120175104,214,8,58121,9,2020,3206.42
2317955315120175104,214,8,58121,10,2020,-553.19
2317955315120175104,214,8,58121,11,2020,-2169.08
2317955315120175104,214,8,58121,12,2020,1301.15
2318231791094333440,1142,7,82816,1,2020,-2264.81
2318231791094333440,1142,7,82816,2,2020,-7160.98
2318231791094333440,1142,7,82816,3,2020,-731.57
2318231791094333440,1142,7,82816,4,2020,-3555.01
2318231791094333440,1142,7,82816,5,2020,-5994.8
2318231791094333440,1142,7,82816,6,2020,-9742.79
2318231791094333440,1142,7,82816,7,2020,-12427.8
2318231791094333440,1142,7,82816,8,2020,-13730.99
2318231791094333440,1142,7,82816,9,2020,-13669.58
2318231791094333440,1142,7,82816,10,2020,-13367.82
2318231791094333440,1142,7,82816,11,2020,-16410.57
2318231791094333440,1142,7,82816,12,2020,-15017.69
2318283118841375744,6956,5,41692,1,2020,-8601.78
2318283118841375744,6956,5,41692,2,2020,-5905.53
2318283118841375744,6956,5,41692,3,2020,-12107.71
2318283118841375744,6956,5,41692,4,2020,-4735.26
2318283118841375744,6956,5,41692,5,2020,-4889.78
2318283118841375744,6956,5,41692,6,2020,-2919.09
2318283118841375744,6956,5,41692,7,2020,-196.9
2318283118841375744,6956,5,41692,8,2020,-8579.18
2318283118841375744,6956,5,41692,9,2020,-15786.8
2318283118841375744,6956,5,41692,10,2020,-12267.93
2318283118841375744,6956,5,41692,11,2020,-20444.23
2318283118841375744,6956,5,41692,12,2020,-20941.4
2318900712621327872,6318,7,61092,1,2020,2247.5
2318900712621327872,6318,7,61092,2,2020,-2862.4
2318900712621327872,6318,7,61092,3,2020,-6617.69
2318900712621327872,6318,7,61092,4,2020,-3787.51
2318900712621327872,6318,7,61092,5,2020,-1646.98
2318900712621327872,6318,7,61092,6,2020,4649.12
2318900712621327872,6318,7,61092,7,2020,1338.43
2318900712621327872,6318,7,61092,8,2020,5902.72
2318900712621327872,6318,7,61092,9,2020,2555.65
2318900712621327872,6318,7,61092,10,2020,5837.05
2318900712621327872,6318,7,61092,11,2020,10058.61
2318900712621327872,6318,7,61092,12,2020,2976.04
2319555182996340224,2815,3,50179,1,2020,-1692.59
2319555182996340224,2815,3,50179,2,2020,-2885.27
2319555182996340224,2815,3,50179,3,2020,-3666.7
2319555182996340224,2815,3,50179,4,2020,-3884.5
2319555182996340224,2815,3,50179,5,2020,-3934.75
2319555182996340224,2815,3,50179,6,2020,-4859.66
2319555182996340224,2815,3,50179,7,2020,-7065.61
2319555182996340224,2815,3,50179,8,2020,-6751.0
2319555182996340224,2815,3,50179,9,2020,-6169.32
2319555182996340224,2815,3,50179,10,2020,-6372.83
2319555182996340224,2815,3,50179,11,2020,-9177.38
2319555182996340224,2815,3,50179,12,2020,-4948.72
2320457909865983488,105,7,3944,1,2020,-480.67
2320457909865983488,105,7,3944,2,2020,-2761.85
2320457909865983488,105,7,3944,3,2020,-6372.31
2320457909865983488,105,7,3944,4,2020,-5783.89
2320457909865983488,105,7,3944,5,2020,-4941.4
2320457909865983488,105,7,3944,6,2020,-5836.67
2320457909865983488,105,7,3944,7,2020,-8331.36
2320457909865983488,105,7,3944,8,2020,-11036.8
2320457909865983488,105,7,3944,9,2020,-7070.73
2320457909865983488,105,7,3944,10,2020,-6771.68
2320457909865983488,105,7,3944,11,2020,-7330.8
2320457909865983488,105,7,3944,12,2020,-5596.06
2321541631533315072,1762,1,64672,1,2020,-855.54
2321541631533315072,1762,1,64672,2,2020,1642.43
2321541631533315072,1762,1,64672,3,2020,5797.53
2321541631533315072,1762,1,64672,4,2020,9685.24
