2157653386629824512,8553,3,40451,6,2020,-1272.07
2157653386629824512,8553,3,40451,7,2020,-4169.49
2157653386629824512,8553,3,40451,8,2020,-5151.21
2157653386629824512,8553,3,40451,9,2020,-3825.22
2157653386629824512,8553,3,40451,10,2020,-6263.97
2157653386629824512,8553,3,40451,11,2020,-9460.53
2157653386629824512,8553,3,40451,12,2020,-8059.14
2158686093480355840,8467,6,40477,1,2020,1873.45
2158686093480355840,8467,6,40477,2,2020,-2271.37
2158686093480355840,8467,6,40477,3,2020,-4168.44
2158686093480355840,8467,6,40477,4,2020,-6550.12
2158686093480355840,8467,6,40477,5,2020,-291.95
2158686093480355840,8467,6,40477,6,2020,2390.86
2158686093480355840,8467,6,40477,7,2020,1969.34
2158686093480355840,8467,6,40477,8,2020,-1527.17
2158686093480355840,8467,6,40477,9,2020,-1739.52
2158686093480355840,8467,6,40477,10,2020,-1178.14
2158686093480355840,8467,6,40477,11,2020,3780.92
2158686093480355840,8467,6,40477,12,2020,819.26
2158822390500581888,7026,5,83120,1,2020,-8933.53
2158822390500581888,7026,5,83120,2,2020,-5360.21
2158822390500581888,7026,5,83120,3,2020,-4083.37
2158822390500581888,7026,5,83120,4,2020,-3591.38
2158822390500581888,7026,5,83120,5,2020,-4318.08
2158822390500581888,7026,5,83120,6,2020,4051.49
2158822390500581888,7026,5,83120,7,2020,3861.48
2158822390500581888,7026,5,83120,8,2020,6486.56
2158822390500581888,7026,5,83120,9,2020,11540.75
2158822390500581888,7026,5,83120,10,2020,19465.94
2158822390500581888,7026,5,83120,11,2020,18215.59
2158822390500581888,7026,5,83120,12,2020,19070.19
2160425854722423552,9970,6,30566,1,2020,-613.34
2160425854722423552,9970,6,30566,2,2020,6236.16
2160425854722423552,9970,6,30566,3,2020,9924.48
2160425854722423552,9970,6,30566,4,2020,6413.78
2160425854722423552,9970,6,30566,5,2020,9044.82
2160425854722423552,9970,6,30566,6,2020,10855.03
2160425854722423552,9970,6,30566,7,2020,7792.39
2160425854722423552,9970,6,30566,8,2020,7670.67
2160425854722423552,9970,6,30566,9,2020,10652.94
2160425854722423552,9970,6,30566,10,2020,9497.15
2160425854722423552,9970,6,30566,11,2020,13445.73
2160425854722423552,9970,6,30566,12,2020,17902.03
2160550829418446848,1876,5,44768,1,2020,2610.92
2160550829418446848,1876,5,44768,2,2020,9612.04
2160550829418446848,1876,5,44768,3,2020,7790.57
2160550829418446848,1876,5,44768,4,2020,1425.0
2160550829418446848,1876,5,44768,5,2020,5292.19
2160550829418446848,1876,5,44768,6,2020,2279.86
2160550829418446848,1876,5,44768,7,2020,5314.24
2160550829418446848,1876,5,44768,8,2020,6065.66
2160550829418446848,1876,5,44768,9,2020,6989.46
2160550829418446848,1876,5,44768,10,2020,9081.19
2160550829418446848,1876,5,44768,11,2020,9780.37
2160550829418446848,1876,5,44768,12,2020,6364.51
2161787212043691520,7667,3,73892,1,2020,-3207.42
2161787212043691520,7667,3,73892,2,2020,1143.56
2161787212043691520,7667,3,73892,3,2020,1075.53
2161787212043691520,7667,3,73892,4,2020,113.57
2161787212043691520,7667,3,73892,5,2020,-1058.54
2161787212043691520,7667,3,73892,6,2020,-1170.59
2161787212043691520,7667,3,73892,7,2020,-2312.77
2161787212043691520,7667,3,73892,8,2020,1001.31
2161787212043691520,7667,3,73892,9,2020,-562.49
2161787212043691520,7667,3,73892,10,2020,79.18
2161787212043691520,7667,3,73892,11,2020,91.28
2161787212043691520,7667,3,73892,12,2020,3122.56
21621624814225668,1002,2,50982,1,2020,2521.58
21621624814225668,1002,2,50982,2,2020,1525.51
21621624814225668,1002,2,50982,3,2020,894.35
21621624814225668,1002,2,50982,4,2020,1413.31
21621624814225668,1002,2,50982,5,2020,1199.44
21621624814225668,1002,2,50982,6,2020,1199.44
21621624814225668,1002,2,50982,7,2020,3187.66
21621624814225668,1002,2,50982,8,2020,3989.92
21621624814225668,1002,2,50982,9,2020,2579.93
21621624814225668,1002,2,50982,10,2020,621.15
21621624814225668,1002,2,50982,11,2020,621.15
21621624814225668,1002,2,50982,12,2020,-753.46
216470066142578624,492,3,87251,1,2020,-2687.03
216470066142578624,492,3,87251,2,2020,-8831.81
216470066142578624,492,3,87251,3,2020,-11414.47
216470066142578624,492,3,87251,4,2020,-13100.4
216470066142578624,492,3,87251,5,2020,-14880.07
216470066142578624,492,3,87251,6,2020,-2669.73
216470066142578624,492,3,87251,7,2020,-5889.95
216470066142578624,492,3,87251,8,2020,-5544.41
216470066142578624,492,3,87251,9,2020,-4207.46
216470066142578624,492,3,87251,10,2020,1807.0
216470066142578624,492,3,87251,11,2020,-5263.93
216470066142578624,492,3,87251,12,2020,-5109.73
2165158623349830656,9925,8,52341,1,2020,-1631.08
2165158623349830656,9925,8,52341,2,2020,-1128.75
2165158623349830656,9925,8,52341,3,2020,-6069.5
2165158623349830656,9925,8,52341,4,2020,-3375.95
2165158623349830656,9925,8,52341,5,2020,-2721.39
2165158623349830656,9925,8,52341,6,2020,-3133.74
2165158623349830656,9925,8,52341,7,2020,-304.19
2165158623349830656,9925,8,52341,8,2020,-2408.81
2165158623349830656,9925,8,52341,9,2020,-355.05
2165158623349830656,9925,8,52341,10,2020,-4577.69
2165158623349830656,9925,8,52341,11,2020,-5066.87
2165158623349830656,9925,8,52341,12,2020,-4990.41
2165447838255510272,9372,4,61012,1,2020,125.84
2165447838255510272,9372,4,61012,2,2020,1876.55
2165447838255510272,9372,4,61012,3,2020,2525.54
2165447838255510272,9372,4,61012,4,2020,2525.54
2165447838255510272,9372,4,61012,5,2020,3014.28
2165447838255510272,9372,4,61012,6,2020,3441.96
2165447838255510272,9372,4,61012,7,2020,6065.65
2165447838255510272,9372,4,61012,8,2020,5866.49
2165447838255510272,9372,4,61012,9,2020,5342.33
2165447838255510272,9372,4,61012,10,2020,10208.27
2165447838255510272,9372,4,61012,11,2020,10155.02
2165447838255510272,9372,4,61012,12,2020,10729.14
2166105522828340224,4204,2,7618,1,2020,-4615.0
2166105522828340224,4204,2,7618,2,2020,-2654.7
2166105522828340224,4204,2,7618,3,2020,-4473.08
2166105522828340224,4204,2,7618,4,2020,-2043.93
2166105522828340224,4204,2,7618,5,2020,734.22
2166105522828340224,4204,2,7618,6,2020,2389.2
2166105522828340224,4204,2,7618,7,2020,5716.87
2166105522828340224,4204,2,7618,8,2020,6741.04
2166105522828340224,4204,2,7618,9,2020,11613.85
2166105522828340224,4204,2,7618,10,2020,11500.73
2166105522828340224,4204,2,7618,11,2020,10100.27
2166105522828340224,4204,2,7618,12,2020,4221.21
2166393459143681280,53,3,25578,1,2020,7707.0
2166393459143681280,53,3,25578,2,2020,7567.84
2166393459143681280,53,3,25578,3,2020,9261.09
2166393459143681280,53,3,25578,4,2020,7325.13
2166393459143681280,53,3,25578,5,2020,8216.01
2166393459143681280,53,3,25578,6,2020,6110.75
2166393459143681280,53,3,25578,7,2020,6156.35
2166393459143681280,53,3,25578,8,2020,4877.53
2166393459143681280,53,3,25578,9,2020,-444.83
2166393459143681280,53,3,25578,10,2020,-3028.67
2166393459143681280,53,3,25578,11,2020,198.69
2166393459143681280,53,3,25578,12,2020,153.32
216741987053558656,1220,7,7623,1,2020,-4313.13
216741987053558656,1220,7,7623,2,2020,-5981.34
216741987053558656,1220,7,7623,3,2020,-4239.63
216741987053558656,1220,7,7623,4,2020,-1410.42
216741987053558656,1220,7,7623,5,2020,-1065.73
216741987053558656,1220,7,7623,6,2020,-1647.11
216741987053558656,1220,7,7623,7,2020,-2796.91
216741987053558656,1220,7,7623,8,2020,-3866.39
216741987053558656,1220,7,7623,9,2020,-3624.4
216741987053558656,1220,7,7623,10,2020,-4299.34
216741987053558656,1220,7,7623,11,2020,-2273.87
216741987053558656,1220,7,7623,12,2020,-4397.35
2168075212003950336,9138,9,25873,1,2020,-993.5
2168075212003950336,9138,9,25873,2,2020,-1360.52
2168075212003950336,9138,9,25873,3,2020,1990.86
2168075212003950336,9138,9,25873,4,2020,302.6
2168075212003950336,9138,9,25873,5,2020,1068.93
2168075212003950336,9138,9,25873,6,2020,2663.61
2168075212003950336,9138,9,25873,7,2020,-426.73
2168075212003950336,9138,9,25873,8,2020,2191.04
2168075212003950336,9138,9,25873,9,2020,2299.72
2168075212003950336,9138,9,25873,10,2020,3359.44
2168075212003950336,9138,9,25873,11,2020,5712.1
2168075212003950336,9138,9,25873,12,2020,6032.89
2168083316896978432,2017,1,8556,1,2020,1600.86
2168083316896978432,2017,1,8556,2,2020,3942.1
2168083316896978432,2017,1,8556,3,2020,6619.08
2168083316896978432,2017,1,8556,4,2020,11744.76
2168083316896978432,2017,1,8556,5,2020,8029.28
2168083316896978432,2017,1,8556,6,2020,7511.33
2168083316896978432,2017,1,8556,7,2020,8988.22
2168083316896978432,2017,1,8556,8,2020,7204.83
2168083316896978432,2017,1,8556,9,2020,5957.92
2168083316896978432,2017,1,8556,10,2020,5349.64
2168083316896978432,2017,1,8556,11,2020,9496.67
2168083316896978432,2017,1,8556,12,2020,6334.86
2169873828769625856,4303,9,90757,1,2020,-4291.05
2169873828769625856,4303,9,90757,2,2020,-2209.14
2169873828769625856,4303,9,90757,3,2020,-6109.04
2169873828769625856,4303,9,90757,4,2020,-13773.34
2169873828769625856,4303,9,90757,5,2020,-14462.91
2169873828769625856,4303,9,90757,6,2020,-12082.61
2169873828769625856,4303,9,90757,7,2020,-13261.95
2169873828769625856,4303,9,90757,8,2020,-8177.91
2169873828769625856,4303,9,90757,9,2020,-8094.73
2169873828769625856,4303,9,90757,10,2020,-10136.16
2169873828769625856,4303,9,90757,11,2020,-13012.27
2169873828769625856,4303,9,90757,12,2020,-13205.53
2171273718636454400,7971,5,96020,1,2020,3666.96
2171273718636454400,7971,5,96020,2,2020,6150.68
2171273718636454400,7971,5,96020,3,2020,3973.98
2171273718636454400,7971,5,96020,4,2020,5643.17
2171273718636454400,7971,5,96020,5,2020,4767.71
2171273718636454400,7971,5,96020,6,2020,6306.38
2171273718636454400,7971,5,96020,7,2020,-2580.01
2171273718636454400,7971,5,96020,8,2020,1201.84
2171273718636454400,7971,5,96020,9,2020,-1445.21
2171273718636454400,7971,5,96020,10,2020,-131.28
2171273718636454400,7971,5,96020,11,2020,-1481.15
2171273718636454400,7971,5,96020,12,2020,-6533.45
2172857368234040064,9083,7,92231,1,2020,-3274.59
2172857368234040064,9083,7,92231,2,2020,-483.3
2172857368234040064,9083,7,92231,3,2020,3591.21
2172857368234040064,9083,7,92231,4,2020,11428.78
2172857368234040064,9083,7,92231,5,2020,8333.23
2172857368234040064,9083,7,92231,6,2020,3691.66
2172857368234040064,9083,7,92231,7,2020,2317.27
2172857368234040064,9083,7,92231,8,2020,317.54
2172857368234040064,9083,7,92231,9,2020,-229.14
2172857368234040064,9083,7,92231,10,2020,6391.57
2172857368234040064,9083,7,92231,11,2020,9000.74
2172857368234040064,9083,7,92231,12,2020,8880.53
2173761781908486656,5300,9,89517,1,2020,-1648.54
2173761781908486656,5300,9,89517,2,2020,-4292.64
2173761781908486656,5300,9,89517,3,2020,-7460.96
2173761781908486656,5300,9,89517,4,2020,-8225.83
2173761781908486656,5300,9,89517,5,2020,-5432.07
2173761781908486656,5300,9,89517,6,2020,-5756.48
2173761781908486656,5300,9,89517,7,2020,-3036.33
2173761781908486656,5300,9,89517,8,2020,-5114.36
2173761781908486656,5300,9,89517,9,2020,-6396.39
2173761781908486656,5300,9,89517,10,2020,-6117.19
2173761781908486656,5300,9,89517,11,2020,-4217.87
2173761781908486656,5300,9,89517,12,2020,-4217.87
2174363249652471296,8323,4,78304,1,2020,-5191.06
2174363249652471296,8323,4,78304,2,2020,-1376.8
2174363249652471296,8323,4,78304,3,2020,378.76
2174363249652471296,8323,4,78304,4,2020,-2247.01
2174363249652471296,8323,4,78304,5,2020,2544.16
2174363249652471296,8323,4,78304,6,2020,-3893.1
2174363249652471296,8323,4,78304,7,2020,8.24
2174363249652471296,8323,4,78304,8,2020,5921.09
2174363249652471296,8323,4,78304,9,2020,6706.74
2174363249652471296,8323,4,78304,10,2020,2154.37
2174363249652471296,8323,4,78304,11,2020,4381.12
2174363249652471296,8323,4,78304,12,2020,4619.65
2174406698764919296,2233,2,58201,1,2020,-1606.36
2174406698764919296,2233,2,58201,2,2020,-371.78
2174406698764919296,2233,2,58201,3,2020,-2863.74
2174406698764919296,2233,2,58201,4,2020,-2440.58
2174406698764919296,2233,2,58201,5,2020,964.77
