1012465450756202624,6240,6,20610,1,2020,2171.66
1012465450756202624,6240,6,20610,2,2020,4684.83
1012465450756202624,6240,6,20610,3,2020,4694.26
1012465450756202624,6240,6,20610,4,2020,2276.9
1012465450756202624,6240,6,20610,5,2020,5985.96
1012465450756202624,6240,6,20610,6,2020,4063.45
1012465450756202624,6240,6,20610,7,2020,3848.66
1012465450756202624,6240,6,20610,8,2020,4802.61
1012465450756202624,6240,6,20610,9,2020,6583.2
1012465450756202624,6240,6,20610,10,2020,13273.42
1012465450756202624,6240,6,20610,11,2020,14047.15
1012465450756202624,6240,6,20610,12,2020,10005.7
1013237813822084864,7348,2,78169,1,2020,1251.41
1013237813822084864,7348,2,78169,2,2020,2657.03
1013237813822084864,7348,2,78169,3,2020,-1032.6
1013237813822084864,7348,2,78169,4,2020,-7956.7
1013237813822084864,7348,2,78169,5,2020,-10003.56
1013237813822084864,7348,2,78169,6,2020,-15122.4
1013237813822084864,7348,2,78169,7,2020,-18058.54
1013237813822084864,7348,2,78169,8,2020,-21522.8
1013237813822084864,7348,2,78169,9,2020,-23927.27
1013237813822084864,7348,2,78169,10,2020,-21792.66
1013237813822084864,7348,2,78169,11,2020,-24388.75
1013237813822084864,7348,2,78169,12,2020,-21682.5
1013897981879463296,9454,6,80094,1,2020,-1149.29
1013897981879463296,9454,6,80094,2,2020,2480.31
1013897981879463296,9454,6,80094,3,2020,15514.11
1013897981879463296,9454,6,80094,4,2020,19707.78
1013897981879463296,9454,6,80094,5,2020,22508.17
1013897981879463296,9454,6,80094,6,2020,32072.9
1013897981879463296,9454,6,80094,7,2020,35394.88
1013897981879463296,9454,6,80094,8,2020,29408.3
1013897981879463296,9454,6,80094,9,2020,21579.68
1013897981879463296,9454,6,80094,10,2020,17493.64
1013897981879463296,9454,6,80094,11,2020,8324.38
1013897981879463296,9454,6,80094,12,2020,2654.78
1014445052727900288,8495,2,31880,1,2020,-4439.7
1014445052727900288,8495,2,31880,2,2020,-7013.56
1014445052727900288,8495,2,31880,3,2020,-3774.66
1014445052727900288,8495,2,31880,4,2020,2512.34
1014445052727900288,8495,2,31880,5,2020,5856.8
1014445052727900288,8495,2,31880,6,2020,5885.01
1014445052727900288,8495,2,31880,7,2020,6556.56
1014445052727900288,8495,2,31880,8,2020,-204.37
1014445052727900288,8495,2,31880,9,2020,-815.15
1014445052727900288,8495,2,31880,10,2020,-3055.69
1014445052727900288,8495,2,31880,11,2020,-856.54
1014445052727900288,8495,2,31880,12,2020,-9247.25
1014723260961153920,5190,2,88491,1,2020,1970.08
1014723260961153920,5190,2,88491,2,2020,-3133.83
1014723260961153920,5190,2,88491,3,2020,-5552.15
1014723260961153920,5190,2,88491,4,2020,3317.7
1014723260961153920,5190,2,88491,5,2020,841.04
1014723260961153920,5190,2,88491,6,2020,9678.69
1014723260961153920,5190,2,88491,7,2020,8760.7
1014723260961153920,5190,2,88491,8,2020,3620.34
1014723260961153920,5190,2,88491,9,2020,5354.4
1014723260961153920,5190,2,88491,10,2020,4697.58
1014723260961153920,5190,2,88491,11,2020,-2606.73
1014723260961153920,5190,2,88491,12,2020,-4220.97
1014867243359378176,8712,1,93045,1,2020,4000.84
1014867243359378176,8712,1,93045,2,2020,2705.42
1014867243359378176,8712,1,93045,3,2020,3203.51
1014867243359378176,8712,1,93045,4,2020,-404.46
1014867243359378176,8712,1,93045,5,2020,-729.33
1014867243359378176,8712,1,93045,6,2020,-3750.91
1014867243359378176,8712,1,93045,7,2020,-4184.24
1014867243359378176,8712,1,93045,8,2020,-7389.71
1014867243359378176,8712,1,93045,9,2020,-2166.3
1014867243359378176,8712,1,93045,10,2020,1481.6
1014867243359378176,8712,1,93045,11,2020,5897.15
1014867243359378176,8712,1,93045,12,2020,7115.29
1015074660403196288,4467,0,81082,1,2020,546.99
1015074660403196288,4467,0,81082,2,2020,2971.0
1015074660403196288,4467,0,81082,3,2020,4279.59
1015074660403196288,4467,0,81082,4,2020,4313.04
1015074660403196288,4467,0,81082,5,2020,9631.44
1015074660403196288,4467,0,81082,6,2020,7454.96
1015074660403196288,4467,0,81082,7,2020,10462.3
1015074660403196288,4467,0,81082,8,2020,13747.89
1015074660403196288,4467,0,81082,9,2020,17506.54
1015074660403196288,4467,0,81082,10,2020,15332.77
1015074660403196288,4467,0,81082,11,2020,13925.75
1015074660403196288,4467,0,81082,12,2020,10738.49
101524635478686544,2297,6,61118,1,2020,1995.68
101524635478686544,2297,6,61118,2,2020,2522.94
101524635478686544,2297,6,61118,3,2020,2499.62
101524635478686544,2297,6,61118,4,2020,2230.18
101524635478686544,2297,6,61118,5,2020,9598.67
101524635478686544,2297,6,61118,6,2020,7525.38
101524635478686544,2297,6,61118,7,2020,7719.16
101524635478686544,2297,6,61118,8,2020,12498.8
101524635478686544,2297,6,61118,9,2020,13931.07
101524635478686544,2297,6,61118,10,2020,11193.67
101524635478686544,2297,6,61118,11,2020,11288.24
101524635478686544,2297,6,61118,12,2020,8046.51
1015335680114615936,6020,9,95225,1,2020,-1572.75
1015335680114615936,6020,9,95225,2,2020,-97.43
1015335680114615936,6020,9,95225,3,2020,-12726.61
1015335680114615936,6020,9,95225,4,2020,-13080.86
1015335680114615936,6020,9,95225,5,2020,-17073.73
1015335680114615936,6020,9,95225,6,2020,-19516.75
1015335680114615936,6020,9,95225,7,2020,-19323.68
1015335680114615936,6020,9,95225,8,2020,-20905.95
1015335680114615936,6020,9,95225,9,2020,-23839.7
1015335680114615936,6020,9,95225,10,2020,-27562.57
1015335680114615936,6020,9,95225,11,2020,-33890.97
1015335680114615936,6020,9,95225,12,2020,-35271.45
1015854630981724800,4104,9,80283,1,2020,763.14
1015854630981724800,4104,9,80283,2,2020,2168.51
1015854630981724800,4104,9,80283,3,2020,3016.3
1015854630981724800,4104,9,80283,4,2020,3148.86
1015854630981724800,4104,9,80283,5,2020,3355.3
1015854630981724800,4104,9,80283,6,2020,34.85
1015854630981724800,4104,9,80283,7,2020,122.09
1015854630981724800,4104,9,80283,8,2020,-296.26
1015854630981724800,4104,9,80283,9,2020,284.77
1015854630981724800,4104,9,80283,10,2020,-2343.72
1015854630981724800,4104,9,80283,11,2020,-2343.72
1015854630981724800,4104,9,80283,12,2020,-677.31
1015941350048107008,927,6,41279,1,2020,-2295.5
1015941350048107008,927,6,41279,2,2020,-3254.59
1015941350048107008,927,6,41279,3,2020,-3459.24
1015941350048107008,927,6,41279,4,2020,-5379.97
1015941350048107008,927,6,41279,5,2020,-8741.91
1015941350048107008,927,6,41279,6,2020,-8302.9
1015941350048107008,927,6,41279,7,2020,-23246.55
1015941350048107008,927,6,41279,8,2020,-29180.53
1015941350048107008,927,6,41279,9,2020,-29595.64
1015941350048107008,927,6,41279,10,2020,-34403.39
1015941350048107008,927,6,41279,11,2020,-31980.97
1015941350048107008,927,6,41279,12,2020,-30211.81
101618097788883968,7670,1,89169,1,2020,-1337.16
101618097788883968,7670,1,89169,2,2020,2941.88
101618097788883968,7670,1,89169,3,2020,2091.26
101618097788883968,7670,1,89169,4,2020,2091.24
101618097788883968,7670,1,89169,5,2020,-869.65
101618097788883968,7670,1,89169,6,2020,-4109.79
101618097788883968,7670,1,89169,7,2020,1564.08
101618097788883968,7670,1,89169,8,2020,3658.27
101618097788883968,7670,1,89169,9,2020,1572.54
101618097788883968,7670,1,89169,10,2020,4461.15
101618097788883968,7670,1,89169,11,2020,7883.33
101618097788883968,7670,1,89169,12,2020,8155.14
1017181895242115584,959,1,62310,1,2020,-1103.6
1017181895242115584,959,1,62310,2,2020,-5329.4
1017181895242115584,959,1,62310,3,2020,-6129.93
1017181895242115584,959,1,62310,4,2020,-11449.18
1017181895242115584,959,1,62310,5,2020,-10005.34
1017181895242115584,959,1,62310,6,2020,-10506.92
1017181895242115584,959,1,62310,7,2020,-12726.14
1017181895242115584,959,1,62310,8,2020,-20419.71
1017181895242115584,959,1,62310,9,2020,-17758.08
1017181895242115584,959,1,62310,10,2020,-20913.1
1017181895242115584,959,1,62310,11,2020,-22984.15
1017181895242115584,959,1,62310,12,2020,-17089.75
101784485174748432,5391,6,64889,1,2020,-3716.43
101784485174748432,5391,6,64889,2,2020,-11211.89
101784485174748432,5391,6,64889,3,2020,-15448.05
101784485174748432,5391,6,64889,4,2020,-20397.78
101784485174748432,5391,6,64889,5,2020,-26093.04
101784485174748432,5391,6,64889,6,2020,-20972.47
101784485174748432,5391,6,64889,7,2020,-25553.48
101784485174748432,5391,6,64889,8,2020,-36904.14
101784485174748432,5391,6,64889,9,2020,-41120.89
101784485174748432,5391,6,64889,10,2020,-36729.53
101784485174748432,5391,6,64889,11,2020,-36373.87
101784485174748432,5391,6,64889,12,2020,-38786.61
1018092362245973120,3201,1,46445,1,2020,1748.91
1018092362245973120,3201,1,46445,2,2020,13611.5
1018092362245973120,3201,1,46445,3,2020,9998.88
1018092362245973120,3201,1,46445,4,2020,4498.6
1018092362245973120,3201,1,46445,5,2020,-7053.82
1018092362245973120,3201,1,46445,6,2020,-13747.22
1018092362245973120,3201,1,46445,7,2020,-5968.5
1018092362245973120,3201,1,46445,8,2020,-349.66
1018092362245973120,3201,1,46445,9,2020,3946.66
1018092362245973120,3201,1,46445,10,2020,8196.1
1018092362245973120,3201,1,46445,11,2020,5484.55
1018092362245973120,3201,1,46445,12,2020,5992.44
1018644289557156992,688,9,40649,1,2020,1073.67
1018644289557156992,688,9,40649,2,2020,1971.05
1018644289557156992,688,9,40649,3,2020,439.12
1018644289557156992,688,9,40649,4,2020,-822.96
1018644289557156992,688,9,40649,5,2020,-2621.68
1018644289557156992,688,9,40649,6,2020,-2669.83
1018644289557156992,688,9,40649,7,2020,-5482.8
1018644289557156992,688,9,40649,8,2020,-4265.88
1018644289557156992,688,9,40649,9,2020,-822.2
1018644289557156992,688,9,40649,10,2020,1359.03
1018644289557156992,688,9,40649,11,2020,2937.28
1018644289557156992,688,9,40649,12,2020,4780.21
1019483664334047744,1894,1,93383,1,2020,-4593.77
1019483664334047744,1894,1,93383,2,2020,-2402.31
1019483664334047744,1894,1,93383,3,2020,-1384.4
1019483664334047744,1894,1,93383,4,2020,-1812.36
1019483664334047744,1894,1,93383,5,2020,-11048.04
1019483664334047744,1894,1,93383,6,2020,-6733.63
1019483664334047744,1894,1,93383,7,2020,-2062.68
1019483664334047744,1894,1,93383,8,2020,3827.21
1019483664334047744,1894,1,93383,9,2020,10508.67
1019483664334047744,1894,1,93383,10,2020,11998.77
1019483664334047744,1894,1,93383,11,2020,15602.36
1019483664334047744,1894,1,93383,12,2020,26154.88
102141821767645248,1217,9,49146,1,2020,-6640.01
102141821767645248,1217,9,49146,2,2020,-6142.46
102141821767645248,1217,9,49146,3,2020,-928.12
102141821767645248,1217,9,49146,4,2020,9031.65
102141821767645248,1217,9,49146,5,2020,9318.5
102141821767645248,1217,9,49146,6,2020,17175.54
102141821767645248,1217,9,49146,7,2020,11975.07
102141821767645248,1217,9,49146,8,2020,11654.31
102141821767645248,1217,9,49146,9,2020,8288.13
102141821767645248,1217,9,49146,10,2020,8684.0
102141821767645248,1217,9,49146,11,2020,9334.25
102141821767645248,1217,9,49146,12,2020,11860.9
1022099037173520768,189,0,2377,1,2020,42.05
1022099037173520768,189,0,2377,2,2020,-1808.97
1022099037173520768,189,0,2377,3,2020,5038.23
1022099037173520768,189,0,2377,4,2020,1782.41
1022099037173520768,189,0,2377,5,2020,-856.44
1022099037173520768,189,0,2377,6,2020,-2167.69
1022099037173520768,189,0,2377,7,2020,2811.31
1022099037173520768,189,0,2377,8,2020,2650.79
1022099037173520768,189,0,2377,9,2020,2293.95
1022099037173520768,189,0,2377,10,2020,3573.46
1022099037173520768,189,0,2377,11,2020,1449.21
1022099037173520768,189,0,2377,12,2020,2517.29
1023094850297788288,6265,1,83869,1,2020,6435.57
1023094850297788288,6265,1,83869,2,2020,4369.06
1023094850297788288,6265,1,83869,3,2020,2781.55
1023094850297788288,6265,1,83869,4,2020,5326.03
1023094850297788288,6265,1,83869,5,2020,8847.9
1023094850297788288,6265,1,83869,6,2020,8624.02
1023094850297788288,6265,1,83869,7,2020,10050.38
1023094850297788288,6265,1,83869,8,2020,8534.59
1023094850297788288,6265,1,83869,9,2020,7034.59
1023094850297788288,6265,1,83869,10,2020,3980.42
1023094850297788288,6265,1,83869,11,2020,2760.95
1023094850297788288,6265,1,83869,12,2020,768.61
1023585899504292736,9119,4,99330,1,2020,2423.28
1023585899504292736,9119,4,99330,2,2020,2679.53
