2030851141073173504,5334,3,14093,10,2020,-1274.35
2030851141073173504,5334,3,14093,11,2020,4301.95
2030851141073173504,5334,3,14093,12,2020,-5564.56
203119523476309536,4578,5,55430,1,2020,803.39
203119523476309536,4578,5,55430,2,2020,-5940.43
203119523476309536,4578,5,55430,3,2020,-6266.33
203119523476309536,4578,5,55430,4,2020,-4695.79
203119523476309536,4578,5,55430,5,2020,-8637.95
203119523476309536,4578,5,55430,6,2020,-4644.26
203119523476309536,4578,5,55430,7,2020,-104.23
203119523476309536,4578,5,55430,8,2020,11134.48
203119523476309536,4578,5,55430,9,2020,12058.26
203119523476309536,4578,5,55430,10,2020,9858.04
203119523476309536,4578,5,55430,11,2020,13775.06
203119523476309536,4578,5,55430,12,2020,12295.76
2031483866246487808,1224,9,54243,1,2020,-579.96
2031483866246487808,1224,9,54243,2,2020,-3623.42
2031483866246487808,1224,9,54243,3,2020,-528.76
2031483866246487808,1224,9,54243,4,2020,-500.84
2031483866246487808,1224,9,54243,5,2020,-538.63
2031483866246487808,1224,9,54243,6,2020,-133.22
2031483866246487808,1224,9,54243,7,2020,-494.39
2031483866246487808,1224,9,54243,8,2020,271.11
2031483866246487808,1224,9,54243,9,2020,-2510.25
2031483866246487808,1224,9,54243,10,2020,-4741.4
2031483866246487808,1224,9,54243,11,2020,-3512.81
2031483866246487808,1224,9,54243,12,2020,-1488.04
2031933492990545664,2864,5,70338,1,2020,3547.8
2031933492990545664,2864,5,70338,2,2020,18113.89
2031933492990545664,2864,5,70338,3,2020,15318.67
2031933492990545664,2864,5,70338,4,2020,16955.81
2031933492990545664,2864,5,70338,5,2020,22396.3
2031933492990545664,2864,5,70338,6,2020,14434.81
2031933492990545664,2864,5,70338,7,2020,15934.94
2031933492990545664,2864,5,70338,8,2020,22594.8
2031933492990545664,2864,5,70338,9,2020,28547.85
2031933492990545664,2864,5,70338,10,2020,23247.96
2031933492990545664,2864,5,70338,11,2020,29108.55
2031933492990545664,2864,5,70338,12,2020,31730.61
203240636663332800,7938,6,50652,1,2020,-898.76
203240636663332800,7938,6,50652,2,2020,-118.62
203240636663332800,7938,6,50652,3,2020,1502.17
203240636663332800,7938,6,50652,4,2020,-1268.09
203240636663332800,7938,6,50652,5,2020,-123.31
203240636663332800,7938,6,50652,6,2020,-935.29
203240636663332800,7938,6,50652,7,2020,-2814.33
203240636663332800,7938,6,50652,8,2020,-6791.2
203240636663332800,7938,6,50652,9,2020,-7890.3
203240636663332800,7938,6,50652,10,2020,-6806.0
203240636663332800,7938,6,50652,11,2020,-5524.63
203240636663332800,7938,6,50652,12,2020,-3992.1
2032949788810590720,5030,9,25522,1,2020,-2652.84
2032949788810590720,5030,9,25522,2,2020,-2788.78
2032949788810590720,5030,9,25522,3,2020,-3569.23
2032949788810590720,5030,9,25522,4,2020,-1639.52
2032949788810590720,5030,9,25522,5,2020,-1857.45
2032949788810590720,5030,9,25522,6,2020,-2201.03
2032949788810590720,5030,9,25522,7,2020,-4128.93
2032949788810590720,5030,9,25522,8,2020,-6976.37
2032949788810590720,5030,9,25522,9,2020,-5387.86
2032949788810590720,5030,9,25522,10,2020,-5352.12
2032949788810590720,5030,9,25522,11,2020,-6095.78
2032949788810590720,5030,9,25522,12,2020,-6650.37
2033061052027599872,2789,7,41160,1,2020,-4447.05
2033061052027599872,2789,7,41160,2,2020,-2975.9
2033061052027599872,2789,7,41160,3,2020,-3518.62
2033061052027599872,2789,7,41160,4,2020,-5132.74
2033061052027599872,2789,7,41160,5,2020,1616.23
2033061052027599872,2789,7,41160,6,2020,-5450.66
2033061052027599872,2789,7,41160,7,2020,-5131.11
2033061052027599872,2789,7,41160,8,2020,-10165.56
2033061052027599872,2789,7,41160,9,2020,-6043.43
2033061052027599872,2789,7,41160,10,2020,-6307.53
2033061052027599872,2789,7,41160,11,2020,-3127.98
2033061052027599872,2789,7,41160,12,2020,-1028.36
2033433440091591424,7232,9,35076,1,2020,1781.82
2033433440091591424,7232,9,35076,2,2020,30.38
2033433440091591424,7232,9,35076,3,2020,-1361.65
2033433440091591424,7232,9,35076,4,2020,-666.74
2033433440091591424,7232,9,35076,5,2020,3516.7
2033433440091591424,7232,9,35076,6,2020,5905.72
2033433440091591424,7232,9,35076,7,2020,3523.0
2033433440091591424,7232,9,35076,8,2020,5671.01
2033433440091591424,7232,9,35076,9,2020,2869.77
2033433440091591424,7232,9,35076,10,2020,98.5
2033433440091591424,7232,9,35076,11,2020,2475.47
2033433440091591424,7232,9,35076,12,2020,-573.69
2033741107095057664,4103,6,23816,1,2020,-1497.42
2033741107095057664,4103,6,23816,2,2020,-3895.82
2033741107095057664,4103,6,23816,3,2020,3412.66
2033741107095057664,4103,6,23816,4,2020,1301.46
2033741107095057664,4103,6,23816,5,2020,2886.0
2033741107095057664,4103,6,23816,6,2020,1360.8
2033741107095057664,4103,6,23816,7,2020,4027.3
2033741107095057664,4103,6,23816,8,2020,443.06
2033741107095057664,4103,6,23816,9,2020,-6640.28
2033741107095057664,4103,6,23816,10,2020,-7290.53
2033741107095057664,4103,6,23816,11,2020,-11658.29
2033741107095057664,4103,6,23816,12,2020,-7467.17
2033994664562516736,2920,1,17681,1,2020,865.33
2033994664562516736,2920,1,17681,2,2020,11876.95
2033994664562516736,2920,1,17681,3,2020,22012.94
2033994664562516736,2920,1,17681,4,2020,25734.39
2033994664562516736,2920,1,17681,5,2020,20472.29
2033994664562516736,2920,1,17681,6,2020,21262.54
2033994664562516736,2920,1,17681,7,2020,20936.9
2033994664562516736,2920,1,17681,8,2020,13821.49
2033994664562516736,2920,1,17681,9,2020,18239.78
2033994664562516736,2920,1,17681,10,2020,15274.1
2033994664562516736,2920,1,17681,11,2020,14211.87
2033994664562516736,2920,1,17681,12,2020,13117.49
2034213366662874112,4873,6,72929,1,2020,0.0
2034213366662874112,4873,6,72929,2,2020,1596.27
2034213366662874112,4873,6,72929,3,2020,1596.27
2034213366662874112,4873,6,72929,4,2020,1596.27
2034213366662874112,4873,6,72929,5,2020,1596.27
2034213366662874112,4873,6,72929,6,2020,1596.27
2034213366662874112,4873,6,72929,7,2020,1596.27
2034213366662874112,4873,6,72929,8,2020,1596.27
2034213366662874112,4873,6,72929,9,2020,1596.27
2034213366662874112,4873,6,72929,10,2020,1596.27
2034213366662874112,4873,6,72929,11,2020,1596.27
2034213366662874112,4873,6,72929,12,2020,839.04
2034477831340720896,723,2,4661,1,2020,-4279.3
2034477831340720896,723,2,4661,2,2020,-7006.73
2034477831340720896,723,2,4661,3,2020,-3222.38
2034477831340720896,723,2,4661,4,2020,-9768.21
2034477831340720896,723,2,4661,5,2020,-2481.76
2034477831340720896,723,2,4661,6,2020,-4946.5
2034477831340720896,723,2,4661,7,2020,-1253.97
2034477831340720896,723,2,4661,8,2020,-3580.86
2034477831340720896,723,2,4661,9,2020,-6098.46
2034477831340720896,723,2,4661,10,2020,-8386.03
2034477831340720896,723,2,4661,11,2020,-10923.77
2034477831340720896,723,2,4661,12,2020,-10124.32
2038414283053908224,3353,4,42206,1,2020,-1018.69
2038414283053908224,3353,4,42206,2,2020,-368.24
2038414283053908224,3353,4,42206,3,2020,-6827.52
2038414283053908224,3353,4,42206,4,2020,-5356.91
2038414283053908224,3353,4,42206,5,2020,-1287.92
2038414283053908224,3353,4,42206,6,2020,-550.29
2038414283053908224,3353,4,42206,7,2020,-2932.89
2038414283053908224,3353,4,42206,8,2020,-10453.77
2038414283053908224,3353,4,42206,9,2020,-5263.25
2038414283053908224,3353,4,42206,10,2020,-6950.29
2038414283053908224,3353,4,42206,11,2020,-12498.83
2038414283053908224,3353,4,42206,12,2020,-18698.91
2039452890425711360,4151,5,79695,1,2020,-9420.39
2039452890425711360,4151,5,79695,2,2020,-6324.55
2039452890425711360,4151,5,79695,3,2020,-9909.72
2039452890425711360,4151,5,79695,4,2020,-8497.26
2039452890425711360,4151,5,79695,5,2020,-18305.8
2039452890425711360,4151,5,79695,6,2020,-27745.61
2039452890425711360,4151,5,79695,7,2020,-28496.85
2039452890425711360,4151,5,79695,8,2020,-28128.75
2039452890425711360,4151,5,79695,9,2020,-30057.4
2039452890425711360,4151,5,79695,10,2020,-30614.03
2039452890425711360,4151,5,79695,11,2020,-33887.94
2039452890425711360,4151,5,79695,12,2020,-32615.05
2041389728696890624,7242,4,27254,1,2020,-6010.04
2041389728696890624,7242,4,27254,2,2020,-6319.36
2041389728696890624,7242,4,27254,3,2020,1676.68
2041389728696890624,7242,4,27254,4,2020,5519.6
2041389728696890624,7242,4,27254,5,2020,1280.97
2041389728696890624,7242,4,27254,6,2020,132.01
2041389728696890624,7242,4,27254,7,2020,2863.63
2041389728696890624,7242,4,27254,8,2020,-556.44
2041389728696890624,7242,4,27254,9,2020,-2095.02
2041389728696890624,7242,4,27254,10,2020,-1820.8
2041389728696890624,7242,4,27254,11,2020,-5594.65
2041389728696890624,7242,4,27254,12,2020,-6661.82
2041853200918799104,5117,7,89001,1,2020,-2861.06
2041853200918799104,5117,7,89001,2,2020,-4054.13
2041853200918799104,5117,7,89001,3,2020,-11757.88
2041853200918799104,5117,7,89001,4,2020,-3986.2
2041853200918799104,5117,7,89001,5,2020,-4294.82
2041853200918799104,5117,7,89001,6,2020,571.86
2041853200918799104,5117,7,89001,7,2020,7071.12
2041853200918799104,5117,7,89001,8,2020,9668.33
2041853200918799104,5117,7,89001,9,2020,15742.84
2041853200918799104,5117,7,89001,10,2020,18613.2
2041853200918799104,5117,7,89001,11,2020,31498.85
2041853200918799104,5117,7,89001,12,2020,22952.93
2041877471771422720,4707,8,65266,1,2020,-6587.17
2041877471771422720,4707,8,65266,2,2020,-4822.04
2041877471771422720,4707,8,65266,3,2020,1110.4
2041877471771422720,4707,8,65266,4,2020,-4215.18
2041877471771422720,4707,8,65266,5,2020,3084.62
2041877471771422720,4707,8,65266,6,2020,-285.85
2041877471771422720,4707,8,65266,7,2020,-603.44
2041877471771422720,4707,8,65266,8,2020,-2034.9
2041877471771422720,4707,8,65266,9,2020,-328.25
2041877471771422720,4707,8,65266,10,2020,-1888.12
2041877471771422720,4707,8,65266,11,2020,-4731.43
2041877471771422720,4707,8,65266,12,2020,-3472.18
2041916531809737472,6921,7,83529,1,2020,1851.19
2041916531809737472,6921,7,83529,2,2020,-4485.72
2041916531809737472,6921,7,83529,3,2020,-1405.49
2041916531809737472,6921,7,83529,4,2020,4398.31
2041916531809737472,6921,7,83529,5,2020,570.86
2041916531809737472,6921,7,83529,6,2020,1763.35
2041916531809737472,6921,7,83529,7,2020,5263.57
2041916531809737472,6921,7,83529,8,2020,1695.46
2041916531809737472,6921,7,83529,9,2020,4193.39
2041916531809737472,6921,7,83529,10,2020,-486.49
2041916531809737472,6921,7,83529,11,2020,-461.13
2041916531809737472,6921,7,83529,12,2020,329.43
2042053493491033344,390,4,40479,1,2020,424.78
2042053493491033344,390,4,40479,2,2020,5721.94
2042053493491033344,390,4,40479,3,2020,11504.35
2042053493491033344,390,4,40479,4,2020,12978.25
2042053493491033344,390,4,40479,5,2020,12635.7
2042053493491033344,390,4,40479,6,2020,10843.41
2042053493491033344,390,4,40479,7,2020,12858.78
2042053493491033344,390,4,40479,8,2020,11516.12
2042053493491033344,390,4,40479,9,2020,3527.61
2042053493491033344,390,4,40479,10,2020,-1679.11
2042053493491033344,390,4,40479,11,2020,-1234.85
2042053493491033344,390,4,40479,12,2020,-13314.54
2046298759168853760,8481,0,36560,1,2020,1414.79
2046298759168853760,8481,0,36560,2,2020,1195.17
2046298759168853760,8481,0,36560,3,2020,-1316.86
2046298759168853760,8481,0,36560,4,2020,-3177.58
2046298759168853760,8481,0,36560,5,2020,-31.51
2046298759168853760,8481,0,36560,6,2020,-4441.18
2046298759168853760,8481,0,36560,7,2020,-4910.48
2046298759168853760,8481,0,36560,8,2020,-1138.78
2046298759168853760,8481,0,36560,9,2020,-6500.85
2046298759168853760,8481,0,36560,10,2020,-12673.05
2046298759168853760,8481,0,36560,11,2020,-12279.15
2046298759168853760,8481,0,36560,12,2020,-12923.02
2046511439346471936,6531,0,41892,1,2020,-363.86
2046511439346471936,6531,0,41892,2,2020,-946.86
2046511439346471936,6531,0,41892,3,2020,1294.55
2046511439346471936,6531,0,41892,4,2020,1670.99
2046511439346471936,6531,0,41892,5,2020,443.95
2046511439346471936,6531,0,41892,6,2020,1663.92
2046511439346471936,6531,0,41892,7,2020,1610.05
