1087482730351705344,6455,3,55667,12,2020,-1541.49
1088631586376917248,4370,6,96395,1,2020,3307.27
1088631586376917248,4370,6,96395,2,2020,2234.73
1088631586376917248,4370,6,96395,3,2020,-3314.43
1088631586376917248,4370,6,96395,4,2020,-2267.2
1088631586376917248,4370,6,96395,5,2020,-1605.21
1088631586376917248,4370,6,96395,6,2020,-2176.65
1088631586376917248,4370,6,96395,7,2020,-3313.54
1088631586376917248,4370,6,96395,8,2020,184.55
1088631586376917248,4370,6,96395,9,2020,-1522.09
1088631586376917248,4370,6,96395,10,2020,-3326.47
1088631586376917248,4370,6,96395,11,2020,-255.07
1088631586376917248,4370,6,96395,12,2020,130.41
1088714251385577600,8688,3,54213,1,2020,-6486.62
1088714251385577600,8688,3,54213,2,2020,-5756.81
1088714251385577600,8688,3,54213,3,2020,-5123.35
1088714251385577600,8688,3,54213,4,2020,-2169.23
1088714251385577600,8688,3,54213,5,2020,1899.03
1088714251385577600,8688,3,54213,6,2020,11817.88
1088714251385577600,8688,3,54213,7,2020,11435.82
1088714251385577600,8688,3,54213,8,2020,11038.42
1088714251385577600,8688,3,54213,9,2020,13246.81
1088714251385577600,8688,3,54213,10,2020,13969.96
1088714251385577600,8688,3,54213,11,2020,11949.3
1088714251385577600,8688,3,54213,12,2020,11598.19
1089530782386473600,5763,4,50775,1,2020,3410.3
1089530782386473600,5763,4,50775,2,2020,698.54
1089530782386473600,5763,4,50775,3,2020,851.47
1089530782386473600,5763,4,50775,4,2020,7558.73
1089530782386473600,5763,4,50775,5,2020,3542.38
1089530782386473600,5763,4,50775,6,2020,-6.57
1089530782386473600,5763,4,50775,7,2020,-7270.83
1089530782386473600,5763,4,50775,8,2020,-6485.68
1089530782386473600,5763,4,50775,9,2020,-15684.4
1089530782386473600,5763,4,50775,10,2020,-14601.98
1089530782386473600,5763,4,50775,11,2020,-8903.81
1089530782386473600,5763,4,50775,12,2020,-10030.31
1089802245487569920,602,3,4285,1,2020,38.55
1089802245487569920,602,3,4285,2,2020,1291.23
1089802245487569920,602,3,4285,3,2020,4441.08
1089802245487569920,602,3,4285,4,2020,7479.73
1089802245487569920,602,3,4285,5,2020,5678.54
1089802245487569920,602,3,4285,6,2020,7101.51
1089802245487569920,602,3,4285,7,2020,6388.74
1089802245487569920,602,3,4285,8,2020,6743.3
1089802245487569920,602,3,4285,9,2020,8825.44
1089802245487569920,602,3,4285,10,2020,4606.78
1089802245487569920,602,3,4285,11,2020,3633.35
1089802245487569920,602,3,4285,12,2020,-2263.05
1090208725349014272,8982,5,39074,1,2020,3765.76
1090208725349014272,8982,5,39074,2,2020,529.01
1090208725349014272,8982,5,39074,3,2020,1804.97
1090208725349014272,8982,5,39074,4,2020,-2037.84
1090208725349014272,8982,5,39074,5,2020,-3389.18
1090208725349014272,8982,5,39074,6,2020,-5155.39
1090208725349014272,8982,5,39074,7,2020,-4624.82
1090208725349014272,8982,5,39074,8,2020,-8165.08
1090208725349014272,8982,5,39074,9,2020,-12334.12
1090208725349014272,8982,5,39074,10,2020,-14122.3
1090208725349014272,8982,5,39074,11,2020,-13907.46
1090208725349014272,8982,5,39074,12,2020,-17063.59
1090522474792643840,7755,4,4638,1,2020,-459.24
1090522474792643840,7755,4,4638,2,2020,-459.24
1090522474792643840,7755,4,4638,3,2020,4832.06
1090522474792643840,7755,4,4638,4,2020,3238.88
1090522474792643840,7755,4,4638,5,2020,7729.77
1090522474792643840,7755,4,4638,6,2020,8456.06
1090522474792643840,7755,4,4638,7,2020,7507.97
1090522474792643840,7755,4,4638,8,2020,11164.69
1090522474792643840,7755,4,4638,9,2020,17402.52
1090522474792643840,7755,4,4638,10,2020,17849.2
1090522474792643840,7755,4,4638,11,2020,15374.32
1090522474792643840,7755,4,4638,12,2020,14001.19
1091687752728927616,2417,4,21136,1,2020,164.09
1091687752728927616,2417,4,21136,2,2020,1116.39
1091687752728927616,2417,4,21136,3,2020,5000.37
1091687752728927616,2417,4,21136,4,2020,4363.42
1091687752728927616,2417,4,21136,5,2020,-1706.77
1091687752728927616,2417,4,21136,6,2020,-572.08
1091687752728927616,2417,4,21136,7,2020,-2799.03
1091687752728927616,2417,4,21136,8,2020,-2622.48
1091687752728927616,2417,4,21136,9,2020,-1256.86
1091687752728927616,2417,4,21136,10,2020,-1256.86
1091687752728927616,2417,4,21136,11,2020,-4682.36
1091687752728927616,2417,4,21136,12,2020,-8162.13
1091789009656047360,8720,3,35472,1,2020,4521.13
1091789009656047360,8720,3,35472,2,2020,10502.42
1091789009656047360,8720,3,35472,3,2020,4477.99
1091789009656047360,8720,3,35472,4,2020,9400.39
1091789009656047360,8720,3,35472,5,2020,16151.3
1091789009656047360,8720,3,35472,6,2020,13266.39
1091789009656047360,8720,3,35472,7,2020,15867.51
1091789009656047360,8720,3,35472,8,2020,17433.54
1091789009656047360,8720,3,35472,9,2020,13332.66
1091789009656047360,8720,3,35472,10,2020,13817.16
1091789009656047360,8720,3,35472,11,2020,15303.55
1091789009656047360,8720,3,35472,12,2020,18134.4
1092243256488380800,9877,9,90304,1,2020,3773.32
1092243256488380800,9877,9,90304,2,2020,6484.62
1092243256488380800,9877,9,90304,3,2020,2736.19
1092243256488380800,9877,9,90304,4,2020,4128.93
1092243256488380800,9877,9,90304,5,2020,9786.25
1092243256488380800,9877,9,90304,6,2020,14709.13
1092243256488380800,9877,9,90304,7,2020,19047.52
1092243256488380800,9877,9,90304,8,2020,15498.81
1092243256488380800,9877,9,90304,9,2020,15583.76
1092243256488380800,9877,9,90304,10,2020,14903.14
1092243256488380800,9877,9,90304,11,2020,14776.04
1092243256488380800,9877,9,90304,12,2020,16738.71
1092591810760307072,7580,3,81451,1,2020,1308.39
1092591810760307072,7580,3,81451,2,2020,-432.04
1092591810760307072,7580,3,81451,3,2020,2455.21
1092591810760307072,7580,3,81451,4,2020,3331.11
1092591810760307072,7580,3,81451,5,2020,5726.81
1092591810760307072,7580,3,81451,6,2020,4027.02
1092591810760307072,7580,3,81451,7,2020,5735.84
1092591810760307072,7580,3,81451,8,2020,7066.43
1092591810760307072,7580,3,81451,9,2020,4749.98
1092591810760307072,7580,3,81451,10,2020,3458.95
1092591810760307072,7580,3,81451,11,2020,4556.11
1092591810760307072,7580,3,81451,12,2020,3677.18
1093107054789836544,4677,8,95063,1,2020,-6004.83
1093107054789836544,4677,8,95063,2,2020,-7099.56
1093107054789836544,4677,8,95063,3,2020,-8363.46
1093107054789836544,4677,8,95063,4,2020,-3643.25
1093107054789836544,4677,8,95063,5,2020,-1582.51
1093107054789836544,4677,8,95063,6,2020,1780.94
1093107054789836544,4677,8,95063,7,2020,1139.67
1093107054789836544,4677,8,95063,8,2020,-700.78
1093107054789836544,4677,8,95063,9,2020,5101.24
1093107054789836544,4677,8,95063,10,2020,12829.52
1093107054789836544,4677,8,95063,11,2020,17521.14
1093107054789836544,4677,8,95063,12,2020,22194.23
1094109863722785024,2709,0,96304,1,2020,4376.34
1094109863722785024,2709,0,96304,2,2020,1063.14
1094109863722785024,2709,0,96304,3,2020,-3130.98
1094109863722785024,2709,0,96304,4,2020,-1892.71
1094109863722785024,2709,0,96304,5,2020,-3558.31
1094109863722785024,2709,0,96304,6,2020,-5366.39
1094109863722785024,2709,0,96304,7,2020,-4910.53
1094109863722785024,2709,0,96304,8,2020,-6847.26
1094109863722785024,2709,0,96304,9,2020,-5997.13
1094109863722785024,2709,0,96304,10,2020,-12291.69
1094109863722785024,2709,0,96304,11,2020,-16166.0
1094109863722785024,2709,0,96304,12,2020,-23362.96
1094240641346387840,8584,1,88996,1,2020,-503.63
1094240641346387840,8584,1,88996,2,2020,9436.23
1094240641346387840,8584,1,88996,3,2020,2727.97
1094240641346387840,8584,1,88996,4,2020,-1487.37
1094240641346387840,8584,1,88996,5,2020,6443.65
1094240641346387840,8584,1,88996,6,2020,5492.31
1094240641346387840,8584,1,88996,7,2020,10248.36
1094240641346387840,8584,1,88996,8,2020,10119.84
1094240641346387840,8584,1,88996,9,2020,14185.52
1094240641346387840,8584,1,88996,10,2020,16065.72
1094240641346387840,8584,1,88996,11,2020,12326.5
1094240641346387840,8584,1,88996,12,2020,14338.35
1096912279655546368,4695,9,1049,1,2020,-2381.01
1096912279655546368,4695,9,1049,2,2020,-4203.14
1096912279655546368,4695,9,1049,3,2020,-4899.78
1096912279655546368,4695,9,1049,4,2020,-4569.53
1096912279655546368,4695,9,1049,5,2020,-2778.33
1096912279655546368,4695,9,1049,6,2020,-3040.22
1096912279655546368,4695,9,1049,7,2020,2463.33
1096912279655546368,4695,9,1049,8,2020,3382.1
1096912279655546368,4695,9,1049,9,2020,5598.77
1096912279655546368,4695,9,1049,10,2020,7581.39
1096912279655546368,4695,9,1049,11,2020,7544.53
1096912279655546368,4695,9,1049,12,2020,9169.66
1098414831690795520,5136,5,31137,1,2020,994.18
1098414831690795520,5136,5,31137,2,2020,8884.25
1098414831690795520,5136,5,31137,3,2020,9379.26
1098414831690795520,5136,5,31137,4,2020,6158.44
1098414831690795520,5136,5,31137,5,2020,-984.84
1098414831690795520,5136,5,31137,6,2020,-2954.79
1098414831690795520,5136,5,31137,7,2020,-7219.55
1098414831690795520,5136,5,31137,8,2020,-7254.87
1098414831690795520,5136,5,31137,9,2020,-5453.67
1098414831690795520,5136,5,31137,10,2020,5247.13
1098414831690795520,5136,5,31137,11,2020,-1219.54
1098414831690795520,5136,5,31137,12,2020,3431.29
1100752009668955776,5594,8,16769,1,2020,3408.46
1100752009668955776,5594,8,16769,2,2020,3307.83
1100752009668955776,5594,8,16769,3,2020,5861.14
1100752009668955776,5594,8,16769,4,2020,9941.7
1100752009668955776,5594,8,16769,5,2020,-96.74
1100752009668955776,5594,8,16769,6,2020,-4234.78
1100752009668955776,5594,8,16769,7,2020,1586.53
1100752009668955776,5594,8,16769,8,2020,6076.39
1100752009668955776,5594,8,16769,9,2020,3851.38
1100752009668955776,5594,8,16769,10,2020,8797.59
1100752009668955776,5594,8,16769,11,2020,9198.84
1100752009668955776,5594,8,16769,12,2020,4251.02
1101868804944365568,8408,3,60495,1,2020,-1846.22
1101868804944365568,8408,3,60495,2,2020,-2436.44
1101868804944365568,8408,3,60495,3,2020,-1392.48
1101868804944365568,8408,3,60495,4,2020,-2598.08
1101868804944365568,8408,3,60495,5,2020,-1171.92
1101868804944365568,8408,3,60495,6,2020,-1171.92
1101868804944365568,8408,3,60495,7,2020,-3015.55
1101868804944365568,8408,3,60495,8,2020,706.45
1101868804944365568,8408,3,60495,9,2020,-1547.41
1101868804944365568,8408,3,60495,10,2020,284.33
1101868804944365568,8408,3,60495,11,2020,-254.83
1101868804944365568,8408,3,60495,12,2020,-254.83
1104663173579246848,9660,7,43168,1,2020,401.77
1104663173579246848,9660,7,43168,2,2020,-1170.11
1104663173579246848,9660,7,43168,3,2020,-2266.84
1104663173579246848,9660,7,43168,4,2020,-5158.23
1104663173579246848,9660,7,43168,5,2020,-2376.13
1104663173579246848,9660,7,43168,6,2020,2307.42
1104663173579246848,9660,7,43168,7,2020,5487.79
1104663173579246848,9660,7,43168,8,2020,2092.99
1104663173579246848,9660,7,43168,9,2020,-285.36
1104663173579246848,9660,7,43168,10,2020,-2385.83
1104663173579246848,9660,7,43168,11,2020,-2207.72
1104663173579246848,9660,7,43168,12,2020,-7312.3
1105392957885611008,1225,9,14812,1,2020,-5995.03
1105392957885611008,1225,9,14812,2,2020,-1026.64
1105392957885611008,1225,9,14812,3,2020,-2632.84
1105392957885611008,1225,9,14812,4,2020,-2257.14
1105392957885611008,1225,9,14812,5,2020,-4792.88
1105392957885611008,1225,9,14812,6,2020,1856.52
1105392957885611008,1225,9,14812,7,2020,683.22
1105392957885611008,1225,9,14812,8,2020,-2012.66
1105392957885611008,1225,9,14812,9,2020,-424.52
1105392957885611008,1225,9,14812,10,2020,-3802.54
1105392957885611008,1225,9,14812,11,2020,-4896.7
1105392957885611008,1225,9,14812,12,2020,-12826.98
1106301898283088768,8349,4,79191,1,2020,-2257.93
1106301898283088768,8349,4,79191,2,2020,572.11
1106301898283088768,8349,4,79191,3,2020,-649.99
1106301898283088768,8349,4,79191,4,2020,398.49
1106301898283088768,8349,4,79191,5,2020,-693.96
1106301898283088768,8349,4,79191,6,2020,1175.19
1106301898283088768,8349,4,79191,7,2020,351.41
1106301898283088768,8349,4,79191,8,2020,1972.73
1106301898283088768,8349,4,79191,9,2020,2601.89
1106301898283088768,8349,4,79191,10,2020,5161.91
1106301898283088768,8349,4,79191,11,2020,8426.27
1106301898283088768,8349,4,79191,12,2020,17311.13
1106923490654134528,6241,6,87810,1,2020,0.0
