1721128903802475520,3831,1,54555,6,2020,-6666.91
1721128903802475520,3831,1,54555,7,2020,-15320.62
1721128903802475520,3831,1,54555,8,2020,-21865.97
1721128903802475520,3831,1,54555,9,2020,-20385.56
1721128903802475520,3831,1,54555,10,2020,-19482.25
1721128903802475520,3831,1,54555,11,2020,-24357.61
1721128903802475520,3831,1,54555,12,2020,-20931.9
1722717217522698240,2729,7,47877,1,2020,7275.33
1722717217522698240,2729,7,47877,2,2020,872.7
1722717217522698240,2729,7,47877,3,2020,7835.29
1722717217522698240,2729,7,47877,4,2020,11477.1
1722717217522698240,2729,7,47877,5,2020,5416.15
1722717217522698240,2729,7,47877,6,2020,162.03
1722717217522698240,2729,7,47877,7,2020,-3220.84
1722717217522698240,2729,7,47877,8,2020,811.05
1722717217522698240,2729,7,47877,9,2020,-2840.22
1722717217522698240,2729,7,47877,10,2020,-776.04
1722717217522698240,2729,7,47877,11,2020,-215.98
1722717217522698240,2729,7,47877,12,2020,687.49
1723454967256092416,5429,3,72659,1,2020,1225.86
1723454967256092416,5429,3,72659,2,2020,-2172.62
1723454967256092416,5429,3,72659,3,2020,-1888.21
1723454967256092416,5429,3,72659,4,2020,-1058.65
1723454967256092416,5429,3,72659,5,2020,-2865.29
1723454967256092416,5429,3,72659,6,2020,-312.84
1723454967256092416,5429,3,72659,7,2020,-2884.78
1723454967256092416,5429,3,72659,8,2020,-2852.89
1723454967256092416,5429,3,72659,9,2020,-1535.65
1723454967256092416,5429,3,72659,10,2020,-2037.23
1723454967256092416,5429,3,72659,11,2020,-3003.95
1723454967256092416,5429,3,72659,12,2020,-3692.31
1725261128054190080,7726,3,79607,1,2020,-210.81
1725261128054190080,7726,3,79607,2,2020,-613.7
1725261128054190080,7726,3,79607,3,2020,5173.02
1725261128054190080,7726,3,79607,4,2020,4107.61
1725261128054190080,7726,3,79607,5,2020,204.67
1725261128054190080,7726,3,79607,6,2020,-2136.79
1725261128054190080,7726,3,79607,7,2020,-7316.14
1725261128054190080,7726,3,79607,8,2020,-5610.65
1725261128054190080,7726,3,79607,9,2020,2557.76
1725261128054190080,7726,3,79607,10,2020,-8199.71
1725261128054190080,7726,3,79607,11,2020,-8816.65
1725261128054190080,7726,3,79607,12,2020,-11932.25
1725434218133016576,1224,2,25010,1,2020,3123.29
1725434218133016576,1224,2,25010,2,2020,8555.13
1725434218133016576,1224,2,25010,3,2020,13327.43
1725434218133016576,1224,2,25010,4,2020,15817.17
1725434218133016576,1224,2,25010,5,2020,12558.77
1725434218133016576,1224,2,25010,6,2020,20910.25
1725434218133016576,1224,2,25010,7,2020,20898.61
1725434218133016576,1224,2,25010,8,2020,19930.99
1725434218133016576,1224,2,25010,9,2020,16457.21
1725434218133016576,1224,2,25010,10,2020,7932.11
1725434218133016576,1224,2,25010,11,2020,9400.63
1725434218133016576,1224,2,25010,12,2020,17985.23
1726581146544178944,1666,3,77496,1,2020,-4220.82
1726581146544178944,1666,3,77496,2,2020,-9346.47
1726581146544178944,1666,3,77496,3,2020,-10786.69
1726581146544178944,1666,3,77496,4,2020,-5239.74
1726581146544178944,1666,3,77496,5,2020,570.26
1726581146544178944,1666,3,77496,6,2020,-432.18
1726581146544178944,1666,3,77496,7,2020,1483.24
1726581146544178944,1666,3,77496,8,2020,4661.05
1726581146544178944,1666,3,77496,9,2020,1832.78
1726581146544178944,1666,3,77496,10,2020,1390.16
1726581146544178944,1666,3,77496,11,2020,114.56
1726581146544178944,1666,3,77496,12,2020,-3416.13
1726648449963402240,3680,3,17035,1,2020,-6945.42
1726648449963402240,3680,3,17035,2,2020,-3967.76
1726648449963402240,3680,3,17035,3,2020,935.08
1726648449963402240,3680,3,17035,4,2020,887.65
1726648449963402240,3680,3,17035,5,2020,93.33
1726648449963402240,3680,3,17035,6,2020,4775.93
1726648449963402240,3680,3,17035,7,2020,8280.44
1726648449963402240,3680,3,17035,8,2020,1066.73
1726648449963402240,3680,3,17035,9,2020,1071.23
1726648449963402240,3680,3,17035,10,2020,-6019.4
1726648449963402240,3680,3,17035,11,2020,-6877.72
1726648449963402240,3680,3,17035,12,2020,-5994.42
1727220587562685952,7177,6,32345,1,2020,-1385.85
1727220587562685952,7177,6,32345,2,2020,-1385.85
1727220587562685952,7177,6,32345,3,2020,-33.15
1727220587562685952,7177,6,32345,4,2020,419.5
1727220587562685952,7177,6,32345,5,2020,3340.08
1727220587562685952,7177,6,32345,6,2020,2809.35
1727220587562685952,7177,6,32345,7,2020,3596.89
1727220587562685952,7177,6,32345,8,2020,2257.94
1727220587562685952,7177,6,32345,9,2020,2257.94
1727220587562685952,7177,6,32345,10,2020,2783.58
1727220587562685952,7177,6,32345,11,2020,-219.36
1727220587562685952,7177,6,32345,12,2020,438.09
1727587378618140928,9266,3,98023,1,2020,1907.21
1727587378618140928,9266,3,98023,2,2020,867.66
1727587378618140928,9266,3,98023,3,2020,1798.85
1727587378618140928,9266,3,98023,4,2020,4917.03
1727587378618140928,9266,3,98023,5,2020,5865.85
1727587378618140928,9266,3,98023,6,2020,9504.29
1727587378618140928,9266,3,98023,7,2020,6584.84
1727587378618140928,9266,3,98023,8,2020,7224.41
1727587378618140928,9266,3,98023,9,2020,-189.47
1727587378618140928,9266,3,98023,10,2020,11895.04
1727587378618140928,9266,3,98023,11,2020,14889.79
1727587378618140928,9266,3,98023,12,2020,7214.52
172778847932175200,8742,3,22613,1,2020,-152.23
172778847932175200,8742,3,22613,2,2020,-1993.61
172778847932175200,8742,3,22613,3,2020,-5502.68
172778847932175200,8742,3,22613,4,2020,-10319.56
172778847932175200,8742,3,22613,5,2020,-15613.41
172778847932175200,8742,3,22613,6,2020,-17972.59
172778847932175200,8742,3,22613,7,2020,-25088.88
172778847932175200,8742,3,22613,8,2020,-25621.98
172778847932175200,8742,3,22613,9,2020,-21604.94
172778847932175200,8742,3,22613,10,2020,-21507.79
172778847932175200,8742,3,22613,11,2020,-27072.91
172778847932175200,8742,3,22613,12,2020,-26839.3
1728490371596197376,7762,7,51028,1,2020,-1147.24
1728490371596197376,7762,7,51028,2,2020,-3479.94
1728490371596197376,7762,7,51028,3,2020,-2994.63
1728490371596197376,7762,7,51028,4,2020,-2981.26
1728490371596197376,7762,7,51028,5,2020,-1888.09
1728490371596197376,7762,7,51028,6,2020,-2041.68
1728490371596197376,7762,7,51028,7,2020,29.39
1728490371596197376,7762,7,51028,8,2020,-74.66
1728490371596197376,7762,7,51028,9,2020,-91.36
1728490371596197376,7762,7,51028,10,2020,1857.18
1728490371596197376,7762,7,51028,11,2020,-43.37
1728490371596197376,7762,7,51028,12,2020,-1738.83
1728527708877803264,7981,9,80723,1,2020,-7915.86
1728527708877803264,7981,9,80723,2,2020,-14331.5
1728527708877803264,7981,9,80723,3,2020,-13361.73
1728527708877803264,7981,9,80723,4,2020,-6100.72
1728527708877803264,7981,9,80723,5,2020,-9920.89
1728527708877803264,7981,9,80723,6,2020,-1821.56
1728527708877803264,7981,9,80723,7,2020,-1933.47
1728527708877803264,7981,9,80723,8,2020,-5389.73
1728527708877803264,7981,9,80723,9,2020,-14252.06
1728527708877803264,7981,9,80723,10,2020,-14932.08
1728527708877803264,7981,9,80723,11,2020,-12397.03
1728527708877803264,7981,9,80723,12,2020,-2856.62
1729692831303878656,6833,4,32488,1,2020,-8054.65
1729692831303878656,6833,4,32488,2,2020,-12287.24
1729692831303878656,6833,4,32488,3,2020,-16407.13
1729692831303878656,6833,4,32488,4,2020,-20730.57
1729692831303878656,6833,4,32488,5,2020,-22488.26
1729692831303878656,6833,4,32488,6,2020,-30810.66
1729692831303878656,6833,4,32488,7,2020,-28103.97
1729692831303878656,6833,4,32488,8,2020,-33244.8
1729692831303878656,6833,4,32488,9,2020,-31912.89
1729692831303878656,6833,4,32488,10,2020,-28633.07
1729692831303878656,6833,4,32488,11,2020,-24263.2
1729692831303878656,6833,4,32488,12,2020,-29885.94
1730624708894917632,259,2,54083,1,2020,1361.17
1730624708894917632,259,2,54083,2,2020,1320.07
1730624708894917632,259,2,54083,3,2020,3332.32
1730624708894917632,259,2,54083,4,2020,-2365.65
1730624708894917632,259,2,54083,5,2020,-6898.89
1730624708894917632,259,2,54083,6,2020,-584.64
1730624708894917632,259,2,54083,7,2020,2187.74
1730624708894917632,259,2,54083,8,2020,464.86
1730624708894917632,259,2,54083,9,2020,-11644.23
1730624708894917632,259,2,54083,10,2020,-7649.44
1730624708894917632,259,2,54083,11,2020,-13997.1
1730624708894917632,259,2,54083,12,2020,-17199.97
1731106574841157888,8337,7,9287,1,2020,-5404.01
1731106574841157888,8337,7,9287,2,2020,-287.09
1731106574841157888,8337,7,9287,3,2020,-2833.92
1731106574841157888,8337,7,9287,4,2020,-4797.2
1731106574841157888,8337,7,9287,5,2020,-6650.95
1731106574841157888,8337,7,9287,6,2020,-11669.96
1731106574841157888,8337,7,9287,7,2020,-11904.98
1731106574841157888,8337,7,9287,8,2020,-6332.66
1731106574841157888,8337,7,9287,9,2020,-4440.95
1731106574841157888,8337,7,9287,10,2020,-5016.47
1731106574841157888,8337,7,9287,11,2020,-1970.18
1731106574841157888,8337,7,9287,12,2020,4422.76
1732836497342416128,113,1,46087,1,2020,-819.91
1732836497342416128,113,1,46087,2,2020,-1692.5
1732836497342416128,113,1,46087,3,2020,757.91
1732836497342416128,113,1,46087,4,2020,4489.18
1732836497342416128,113,1,46087,5,2020,1716.98
1732836497342416128,113,1,46087,6,2020,1349.97
1732836497342416128,113,1,46087,7,2020,-2045.98
1732836497342416128,113,1,46087,8,2020,3652.31
1732836497342416128,113,1,46087,9,2020,4453.03
1732836497342416128,113,1,46087,10,2020,-3077.94
1732836497342416128,113,1,46087,11,2020,-4488.86
1732836497342416128,113,1,46087,12,2020,-8148.35
1734830383520477696,6158,9,56778,1,2020,3357.74
1734830383520477696,6158,9,56778,2,2020,2007.78
1734830383520477696,6158,9,56778,3,2020,7866.54
1734830383520477696,6158,9,56778,4,2020,11536.65
1734830383520477696,6158,9,56778,5,2020,11546.48
1734830383520477696,6158,9,56778,6,2020,8494.17
1734830383520477696,6158,9,56778,7,2020,5503.17
1734830383520477696,6158,9,56778,8,2020,10439.48
1734830383520477696,6158,9,56778,9,2020,3964.08
1734830383520477696,6158,9,56778,10,2020,4444.48
1734830383520477696,6158,9,56778,11,2020,2219.56
1734830383520477696,6158,9,56778,12,2020,5782.89
17352812883658752,2632,5,43345,1,2020,-4596.69
17352812883658752,2632,5,43345,2,2020,3499.87
17352812883658752,2632,5,43345,3,2020,-2860.64
17352812883658752,2632,5,43345,4,2020,-873.61
17352812883658752,2632,5,43345,5,2020,7552.09
17352812883658752,2632,5,43345,6,2020,3294.32
17352812883658752,2632,5,43345,7,2020,7976.51
17352812883658752,2632,5,43345,8,2020,7690.46
17352812883658752,2632,5,43345,9,2020,8374.36
17352812883658752,2632,5,43345,10,2020,9685.41
17352812883658752,2632,5,43345,11,2020,7408.51
17352812883658752,2632,5,43345,12,2020,7748.38
1735340422276908032,2687,8,86724,1,2020,-6676.77
1735340422276908032,2687,8,86724,2,2020,-2994.74
1735340422276908032,2687,8,86724,3,2020,8519.96
1735340422276908032,2687,8,86724,4,2020,8225.15
1735340422276908032,2687,8,86724,5,2020,15540.61
1735340422276908032,2687,8,86724,6,2020,3222.3
1735340422276908032,2687,8,86724,7,2020,-970.53
1735340422276908032,2687,8,86724,8,2020,2258.45
1735340422276908032,2687,8,86724,9,2020,9669.07
1735340422276908032,2687,8,86724,10,2020,21009.61
1735340422276908032,2687,8,86724,11,2020,15625.04
1735340422276908032,2687,8,86724,12,2020,13563.7
1736353193281809664,7609,1,28867,1,2020,-6662.95
1736353193281809664,7609,1,28867,2,2020,-9677.96
1736353193281809664,7609,1,28867,3,2020,-10507.19
1736353193281809664,7609,1,28867,4,2020,-10482.78
1736353193281809664,7609,1,28867,5,2020,-13842.92
1736353193281809664,7609,1,28867,6,2020,-10783.36
1736353193281809664,7609,1,28867,7,2020,-14162.18
1736353193281809664,7609,1,28867,8,2020,-7646.76
1736353193281809664,7609,1,28867,9,2020,-7136.89
1736353193281809664,7609,1,28867,10,2020,-1052.2
1736353193281809664,7609,1,28867,11,2020,-5024.35
1736353193281809664,7609,1,28867,12,2020,8801.01
173680719307034080,9609,4,29719,1,2020,-9093.04
173680719307034080,9609,4,29719,2,2020,-8355.93
173680719307034080,9609,4,29719,3,2020,-12536.59
173680719307034080,9609,4,29719,4,2020,-13340.55
173680719307034080,9609,4,29719,5,2020,-19982.64
173680719307034080,9609,4,29719,6,2020,-23557.1
