16488801170250194,3705,7,30067,5,2020,2948.71
16488801170250194,3705,7,30067,6,2020,1023.51
16488801170250194,3705,7,30067,7,2020,2011.05
16488801170250194,3705,7,30067,8,2020,-1089.05
16488801170250194,3705,7,30067,9,2020,-2079.03
16488801170250194,3705,7,30067,10,2020,-2079.03
16488801170250194,3705,7,30067,11,2020,794.36
16488801170250194,3705,7,30067,12,2020,794.36
1649455044886447104,9716,4,46025,1,2020,-255.14
1649455044886447104,9716,4,46025,2,2020,-4547.96
1649455044886447104,9716,4,46025,3,2020,-4302.66
1649455044886447104,9716,4,46025,4,2020,-991.36
1649455044886447104,9716,4,46025,5,2020,-1938.21
1649455044886447104,9716,4,46025,6,2020,-2643.74
1649455044886447104,9716,4,46025,7,2020,-2367.32
1649455044886447104,9716,4,46025,8,2020,-5290.8
1649455044886447104,9716,4,46025,9,2020,-4662.22
1649455044886447104,9716,4,46025,10,2020,-1816.88
1649455044886447104,9716,4,46025,11,2020,-5131.6
1649455044886447104,9716,4,46025,12,2020,-2753.97
164947079543327712,8095,6,91929,1,2020,2601.8
164947079543327712,8095,6,91929,2,2020,2411.35
164947079543327712,8095,6,91929,3,2020,-3912.31
164947079543327712,8095,6,91929,4,2020,-2839.98
164947079543327712,8095,6,91929,5,2020,-1052.36
164947079543327712,8095,6,91929,6,2020,-1120.88
164947079543327712,8095,6,91929,7,2020,-1667.53
164947079543327712,8095,6,91929,8,2020,-4970.53
164947079543327712,8095,6,91929,9,2020,-5385.41
164947079543327712,8095,6,91929,10,2020,-11218.73
164947079543327712,8095,6,91929,11,2020,-13687.43
164947079543327712,8095,6,91929,12,2020,-12553.64
1649594900053981184,6014,0,80886,1,2020,1287.09
1649594900053981184,6014,0,80886,2,2020,-3470.28
1649594900053981184,6014,0,80886,3,2020,1105.17
1649594900053981184,6014,0,80886,4,2020,-3695.92
1649594900053981184,6014,0,80886,5,2020,-6489.77
1649594900053981184,6014,0,80886,6,2020,-13827.63
1649594900053981184,6014,0,80886,7,2020,-7321.79
1649594900053981184,6014,0,80886,8,2020,-11634.84
1649594900053981184,6014,0,80886,9,2020,-11218.2
1649594900053981184,6014,0,80886,10,2020,-2508.23
1649594900053981184,6014,0,80886,11,2020,-4498.81
1649594900053981184,6014,0,80886,12,2020,-7631.74
1651318880020495360,2731,6,74325,1,2020,-833.26
1651318880020495360,2731,6,74325,2,2020,-5888.5
1651318880020495360,2731,6,74325,3,2020,-3579.72
1651318880020495360,2731,6,74325,4,2020,-3754.08
1651318880020495360,2731,6,74325,5,2020,-10071.8
1651318880020495360,2731,6,74325,6,2020,-12290.16
1651318880020495360,2731,6,74325,7,2020,-11658.89
1651318880020495360,2731,6,74325,8,2020,-10436.71
1651318880020495360,2731,6,74325,9,2020,-12522.42
1651318880020495360,2731,6,74325,10,2020,-16261.78
1651318880020495360,2731,6,74325,11,2020,-19828.45
1651318880020495360,2731,6,74325,12,2020,-21853.26
1652256505236028672,5350,1,21404,1,2020,1179.83
1652256505236028672,5350,1,21404,2,2020,7296.15
1652256505236028672,5350,1,21404,3,2020,2703.18
1652256505236028672,5350,1,21404,4,2020,2401.2
1652256505236028672,5350,1,21404,5,2020,4068.72
1652256505236028672,5350,1,21404,6,2020,2548.21
1652256505236028672,5350,1,21404,7,2020,580.22
1652256505236028672,5350,1,21404,8,2020,-358.57
1652256505236028672,5350,1,21404,9,2020,-5633.57
1652256505236028672,5350,1,21404,10,2020,-2644.51
1652256505236028672,5350,1,21404,11,2020,-10918.25
1652256505236028672,5350,1,21404,12,2020,-11028.28
1652295763155311616,6255,3,66792,1,2020,9128.85
1652295763155311616,6255,3,66792,2,2020,4921.39
1652295763155311616,6255,3,66792,3,2020,6430.02
1652295763155311616,6255,3,66792,4,2020,-4223.51
1652295763155311616,6255,3,66792,5,2020,4264.03
1652295763155311616,6255,3,66792,6,2020,-3026.02
1652295763155311616,6255,3,66792,7,2020,-10030.39
1652295763155311616,6255,3,66792,8,2020,-5973.28
1652295763155311616,6255,3,66792,9,2020,-792.93
1652295763155311616,6255,3,66792,10,2020,-3871.12
1652295763155311616,6255,3,66792,11,2020,-1831.73
1652295763155311616,6255,3,66792,12,2020,1467.88
1652630273696432896,2458,0,35946,1,2020,4796.19
1652630273696432896,2458,0,35946,2,2020,-1070.33
1652630273696432896,2458,0,35946,3,2020,-2929.19
1652630273696432896,2458,0,35946,4,2020,-10506.01
1652630273696432896,2458,0,35946,5,2020,-18212.46
1652630273696432896,2458,0,35946,6,2020,-11639.87
1652630273696432896,2458,0,35946,7,2020,-13961.09
1652630273696432896,2458,0,35946,8,2020,-19361.3
1652630273696432896,2458,0,35946,9,2020,-21302.95
1652630273696432896,2458,0,35946,10,2020,-25888.86
1652630273696432896,2458,0,35946,11,2020,-26277.29
1652630273696432896,2458,0,35946,12,2020,-23105.09
1653193332139766016,1564,9,46352,1,2020,177.72
1653193332139766016,1564,9,46352,2,2020,-2486.84
1653193332139766016,1564,9,46352,3,2020,-4456.42
1653193332139766016,1564,9,46352,4,2020,-2632.13
1653193332139766016,1564,9,46352,5,2020,-9259.42
1653193332139766016,1564,9,46352,6,2020,-11319.02
1653193332139766016,1564,9,46352,7,2020,-13600.2
1653193332139766016,1564,9,46352,8,2020,-12963.56
1653193332139766016,1564,9,46352,9,2020,-14571.27
1653193332139766016,1564,9,46352,10,2020,-14096.72
1653193332139766016,1564,9,46352,11,2020,-12984.32
1653193332139766016,1564,9,46352,12,2020,-16443.81
1653429393735948288,2042,3,62532,1,2020,10342.83
1653429393735948288,2042,3,62532,2,2020,6469.02
1653429393735948288,2042,3,62532,3,2020,5893.15
1653429393735948288,2042,3,62532,4,2020,9733.75
1653429393735948288,2042,3,62532,5,2020,10236.36
1653429393735948288,2042,3,62532,6,2020,15044.52
1653429393735948288,2042,3,62532,7,2020,13448.36
1653429393735948288,2042,3,62532,8,2020,15638.27
1653429393735948288,2042,3,62532,9,2020,16898.85
1653429393735948288,2042,3,62532,10,2020,19465.48
1653429393735948288,2042,3,62532,11,2020,15465.37
1653429393735948288,2042,3,62532,12,2020,22974.27
1655332661980111616,3631,4,54318,1,2020,301.01
1655332661980111616,3631,4,54318,2,2020,-2904.38
1655332661980111616,3631,4,54318,3,2020,-7180.25
1655332661980111616,3631,4,54318,4,2020,-8877.24
1655332661980111616,3631,4,54318,5,2020,-10020.72
1655332661980111616,3631,4,54318,6,2020,-6755.24
1655332661980111616,3631,4,54318,7,2020,-2019.16
1655332661980111616,3631,4,54318,8,2020,248.88
1655332661980111616,3631,4,54318,9,2020,4987.43
1655332661980111616,3631,4,54318,10,2020,20009.97
1655332661980111616,3631,4,54318,11,2020,22237.79
1655332661980111616,3631,4,54318,12,2020,32543.57
165757848890810528,1287,2,69953,1,2020,1653.37
165757848890810528,1287,2,69953,2,2020,5839.32
165757848890810528,1287,2,69953,3,2020,6465.87
165757848890810528,1287,2,69953,4,2020,6361.13
165757848890810528,1287,2,69953,5,2020,1746.82
165757848890810528,1287,2,69953,6,2020,1495.46
165757848890810528,1287,2,69953,7,2020,4866.02
165757848890810528,1287,2,69953,8,2020,1473.33
165757848890810528,1287,2,69953,9,2020,2151.37
165757848890810528,1287,2,69953,10,2020,5752.27
165757848890810528,1287,2,69953,11,2020,8856.19
165757848890810528,1287,2,69953,12,2020,14407.93
1659451545208641792,8773,7,19831,1,2020,-578.83
1659451545208641792,8773,7,19831,2,2020,-578.83
1659451545208641792,8773,7,19831,3,2020,-252.53
1659451545208641792,8773,7,19831,4,2020,13.48
1659451545208641792,8773,7,19831,5,2020,117.5
1659451545208641792,8773,7,19831,6,2020,3032.41
1659451545208641792,8773,7,19831,7,2020,3852.47
1659451545208641792,8773,7,19831,8,2020,3852.47
1659451545208641792,8773,7,19831,9,2020,2101.59
1659451545208641792,8773,7,19831,10,2020,2101.59
1659451545208641792,8773,7,19831,11,2020,1717.99
1659451545208641792,8773,7,19831,12,2020,3419.08
1659580516931517184,1421,1,35634,1,2020,7364.08
1659580516931517184,1421,1,35634,2,2020,2420.47
1659580516931517184,1421,1,35634,3,2020,736.44
1659580516931517184,1421,1,35634,4,2020,-1619.7
1659580516931517184,1421,1,35634,5,2020,-1070.43
1659580516931517184,1421,1,35634,6,2020,-10559.4
1659580516931517184,1421,1,35634,7,2020,-5923.54
1659580516931517184,1421,1,35634,8,2020,-4531.91
1659580516931517184,1421,1,35634,9,2020,-2123.44
1659580516931517184,1421,1,35634,10,2020,-666.97
1659580516931517184,1421,1,35634,11,2020,-4530.06
1659580516931517184,1421,1,35634,12,2020,-4114.37
1661775925589676032,4091,3,51050,1,2020,5989.04
1661775925589676032,4091,3,51050,2,2020,8264.3
1661775925589676032,4091,3,51050,3,2020,6636.19
1661775925589676032,4091,3,51050,4,2020,4780.21
1661775925589676032,4091,3,51050,5,2020,5287.8
1661775925589676032,4091,3,51050,6,2020,8068.68
1661775925589676032,4091,3,51050,7,2020,9856.32
1661775925589676032,4091,3,51050,8,2020,8100.61
1661775925589676032,4091,3,51050,9,2020,2313.55
1661775925589676032,4091,3,51050,10,2020,2745.52
1661775925589676032,4091,3,51050,11,2020,-553.49
1661775925589676032,4091,3,51050,12,2020,-1710.07
1662339853452600832,6497,3,42097,1,2020,-1122.73
1662339853452600832,6497,3,42097,2,2020,-2063.22
1662339853452600832,6497,3,42097,3,2020,602.4
1662339853452600832,6497,3,42097,4,2020,3251.9
1662339853452600832,6497,3,42097,5,2020,3947.62
1662339853452600832,6497,3,42097,6,2020,980.64
1662339853452600832,6497,3,42097,7,2020,3033.2
1662339853452600832,6497,3,42097,8,2020,2760.5
1662339853452600832,6497,3,42097,9,2020,6989.25
1662339853452600832,6497,3,42097,10,2020,7648.8
1662339853452600832,6497,3,42097,11,2020,8603.15
1662339853452600832,6497,3,42097,12,2020,10006.49
1662347890544777984,5490,0,17167,1,2020,-991.79
1662347890544777984,5490,0,17167,2,2020,-991.79
1662347890544777984,5490,0,17167,3,2020,-991.79
1662347890544777984,5490,0,17167,4,2020,-3179.68
1662347890544777984,5490,0,17167,5,2020,-3289.08
1662347890544777984,5490,0,17167,6,2020,-2251.87
1662347890544777984,5490,0,17167,7,2020,-3985.97
1662347890544777984,5490,0,17167,8,2020,-3985.97
1662347890544777984,5490,0,17167,9,2020,-3543.08
1662347890544777984,5490,0,17167,10,2020,-343.89
1662347890544777984,5490,0,17167,11,2020,1239.94
1662347890544777984,5490,0,17167,12,2020,2579.92
1663729961998703360,298,5,14970,1,2020,-3812.23
1663729961998703360,298,5,14970,2,2020,-3829.16
1663729961998703360,298,5,14970,3,2020,-1529.79
1663729961998703360,298,5,14970,4,2020,-4211.93
1663729961998703360,298,5,14970,5,2020,483.32
1663729961998703360,298,5,14970,6,2020,325.45
1663729961998703360,298,5,14970,7,2020,3058.49
1663729961998703360,298,5,14970,8,2020,462.22
1663729961998703360,298,5,14970,9,2020,-1663.12
1663729961998703360,298,5,14970,10,2020,-1135.95
1663729961998703360,298,5,14970,11,2020,770.74
1663729961998703360,298,5,14970,12,2020,-3989.19
1663859414176190208,5706,4,97976,1,2020,-9288.51
1663859414176190208,5706,4,97976,2,2020,-7857.46
1663859414176190208,5706,4,97976,3,2020,-11720.67
1663859414176190208,5706,4,97976,4,2020,-12041.31
1663859414176190208,5706,4,97976,5,2020,-19880.58
1663859414176190208,5706,4,97976,6,2020,-25802.79
1663859414176190208,5706,4,97976,7,2020,-24435.65
1663859414176190208,5706,4,97976,8,2020,-22976.88
1663859414176190208,5706,4,97976,9,2020,-19958.59
1663859414176190208,5706,4,97976,10,2020,-18732.08
1663859414176190208,5706,4,97976,11,2020,-15944.3
1663859414176190208,5706,4,97976,12,2020,-19375.91
1665130629687666432,124,8,29085,1,2020,1251.45
1665130629687666432,124,8,29085,2,2020,12366.28
1665130629687666432,124,8,29085,3,2020,9011.69
1665130629687666432,124,8,29085,4,2020,11925.69
1665130629687666432,124,8,29085,5,2020,8318.05
1665130629687666432,124,8,29085,6,2020,4033.06
1665130629687666432,124,8,29085,7,2020,4759.5
1665130629687666432,124,8,29085,8,2020,107.88
1665130629687666432,124,8,29085,9,2020,4078.85
1665130629687666432,124,8,29085,10,2020,-1576.72
1665130629687666432,124,8,29085,11,2020,701.82
1665130629687666432,124,8,29085,12,2020,-3232.51
1665798942371608320,6981,3,71581,1,2020,1652.85
1665798942371608320,6981,3,71581,2,2020,940.16
1665798942371608320,6981,3,71581,3,2020,556.67
1665798942371608320,6981,3,71581,4,2020,1744.25
1665798942371608320,6981,3,71581,5,2020,-2025.4
