2222306161546634752,2147,9,3672,6,2020,8850.05
2222306161546634752,2147,9,3672,7,2020,2727.17
2222306161546634752,2147,9,3672,8,2020,3034.21
2222306161546634752,2147,9,3672,9,2020,5079.51
2222306161546634752,2147,9,3672,10,2020,290.99
2222306161546634752,2147,9,3672,11,2020,6292.62
2222306161546634752,2147,9,3672,12,2020,7458.48
2225604430892188160,7724,7,91047,1,2020,205.29
2225604430892188160,7724,7,91047,2,2020,476.55
2225604430892188160,7724,7,91047,3,2020,-2284.51
2225604430892188160,7724,7,91047,4,2020,-1951.53
2225604430892188160,7724,7,91047,5,2020,-1235.47
2225604430892188160,7724,7,91047,6,2020,-3401.57
2225604430892188160,7724,7,91047,7,2020,-1018.83
2225604430892188160,7724,7,91047,8,2020,-3200.63
2225604430892188160,7724,7,91047,9,2020,-2587.08
2225604430892188160,7724,7,91047,10,2020,-4842.38
2225604430892188160,7724,7,91047,11,2020,-8427.1
2225604430892188160,7724,7,91047,12,2020,-8771.15
2226161073209697024,1322,9,36712,1,2020,2643.38
2226161073209697024,1322,9,36712,2,2020,4743.53
2226161073209697024,1322,9,36712,3,2020,8348.8
2226161073209697024,1322,9,36712,4,2020,3323.6
2226161073209697024,1322,9,36712,5,2020,2928.44
2226161073209697024,1322,9,36712,6,2020,243.23
2226161073209697024,1322,9,36712,7,2020,-2737.13
2226161073209697024,1322,9,36712,8,2020,-3664.93
2226161073209697024,1322,9,36712,9,2020,-12407.22
2226161073209697024,1322,9,36712,10,2020,-2099.68
2226161073209697024,1322,9,36712,11,2020,-2257.31
2226161073209697024,1322,9,36712,12,2020,-1044.91
2226491652616480000,7399,6,62901,1,2020,1056.31
2226491652616480000,7399,6,62901,2,2020,-2326.24
2226491652616480000,7399,6,62901,3,2020,9073.17
2226491652616480000,7399,6,62901,4,2020,7753.05
2226491652616480000,7399,6,62901,5,2020,7001.8
2226491652616480000,7399,6,62901,6,2020,12841.49
2226491652616480000,7399,6,62901,7,2020,8529.83
2226491652616480000,7399,6,62901,8,2020,5527.69
2226491652616480000,7399,6,62901,9,2020,9568.55
2226491652616480000,7399,6,62901,10,2020,804.43
2226491652616480000,7399,6,62901,11,2020,3976.11
2226491652616480000,7399,6,62901,12,2020,-3704.65
2226527179820374528,2887,5,37245,1,2020,-3937.48
2226527179820374528,2887,5,37245,2,2020,3556.07
2226527179820374528,2887,5,37245,3,2020,-3032.04
2226527179820374528,2887,5,37245,4,2020,-10888.75
2226527179820374528,2887,5,37245,5,2020,-12710.35
2226527179820374528,2887,5,37245,6,2020,-21147.18
2226527179820374528,2887,5,37245,7,2020,-24021.12
2226527179820374528,2887,5,37245,8,2020,-21797.89
2226527179820374528,2887,5,37245,9,2020,-27464.98
2226527179820374528,2887,5,37245,10,2020,-33896.21
2226527179820374528,2887,5,37245,11,2020,-27955.02
2226527179820374528,2887,5,37245,12,2020,-31480.6
2227588550329193216,4425,2,90729,1,2020,1538.5
2227588550329193216,4425,2,90729,2,2020,-1129.05
2227588550329193216,4425,2,90729,3,2020,-7777.32
2227588550329193216,4425,2,90729,4,2020,-13925.05
2227588550329193216,4425,2,90729,5,2020,-14071.17
2227588550329193216,4425,2,90729,6,2020,-7569.42
2227588550329193216,4425,2,90729,7,2020,-6296.99
2227588550329193216,4425,2,90729,8,2020,-7535.74
2227588550329193216,4425,2,90729,9,2020,-9646.52
2227588550329193216,4425,2,90729,10,2020,-6595.55
2227588550329193216,4425,2,90729,11,2020,-6756.68
2227588550329193216,4425,2,90729,12,2020,-7537.83
2227879023803067904,5272,8,88896,1,2020,-3724.38
2227879023803067904,5272,8,88896,2,2020,-4248.44
2227879023803067904,5272,8,88896,3,2020,-658.51
2227879023803067904,5272,8,88896,4,2020,-141.78
2227879023803067904,5272,8,88896,5,2020,-2946.92
2227879023803067904,5272,8,88896,6,2020,-1816.76
2227879023803067904,5272,8,88896,7,2020,-6591.02
2227879023803067904,5272,8,88896,8,2020,-11184.47
2227879023803067904,5272,8,88896,9,2020,-3571.73
2227879023803067904,5272,8,88896,10,2020,4099.08
2227879023803067904,5272,8,88896,11,2020,7573.51
2227879023803067904,5272,8,88896,12,2020,4152.04
2228165472441822208,4513,7,16543,1,2020,-8000.13
2228165472441822208,4513,7,16543,2,2020,-1951.53
2228165472441822208,4513,7,16543,3,2020,-6664.89
2228165472441822208,4513,7,16543,4,2020,-297.93
2228165472441822208,4513,7,16543,5,2020,-1706.61
2228165472441822208,4513,7,16543,6,2020,331.06
2228165472441822208,4513,7,16543,7,2020,6041.65
2228165472441822208,4513,7,16543,8,2020,8623.1
2228165472441822208,4513,7,16543,9,2020,18682.16
2228165472441822208,4513,7,16543,10,2020,10200.56
2228165472441822208,4513,7,16543,11,2020,7445.76
2228165472441822208,4513,7,16543,12,2020,6879.3
2228425457319956736,5755,2,55537,1,2020,-2482.09
2228425457319956736,5755,2,55537,2,2020,-604.99
2228425457319956736,5755,2,55537,3,2020,-13324.01
2228425457319956736,5755,2,55537,4,2020,-3672.83
2228425457319956736,5755,2,55537,5,2020,-1438.78
2228425457319956736,5755,2,55537,6,2020,-3618.28
2228425457319956736,5755,2,55537,7,2020,4582.69
2228425457319956736,5755,2,55537,8,2020,53.62
2228425457319956736,5755,2,55537,9,2020,5421.45
2228425457319956736,5755,2,55537,10,2020,6934.28
2228425457319956736,5755,2,55537,11,2020,9282.75
2228425457319956736,5755,2,55537,12,2020,9789.29
2229028059498605312,5750,0,91463,1,2020,-6495.04
2229028059498605312,5750,0,91463,2,2020,-5644.28
2229028059498605312,5750,0,91463,3,2020,-9352.13
2229028059498605312,5750,0,91463,4,2020,-4594.96
2229028059498605312,5750,0,91463,5,2020,-423.11
2229028059498605312,5750,0,91463,6,2020,-5616.18
2229028059498605312,5750,0,91463,7,2020,-3185.9
2229028059498605312,5750,0,91463,8,2020,1680.23
2229028059498605312,5750,0,91463,9,2020,3394.37
2229028059498605312,5750,0,91463,10,2020,9036.43
2229028059498605312,5750,0,91463,11,2020,10978.89
2229028059498605312,5750,0,91463,12,2020,9229.89
2230847992859220992,8557,9,39148,1,2020,316.39
2230847992859220992,8557,9,39148,2,2020,186.75
2230847992859220992,8557,9,39148,3,2020,-609.48
2230847992859220992,8557,9,39148,4,2020,801.45
2230847992859220992,8557,9,39148,5,2020,822.02
2230847992859220992,8557,9,39148,6,2020,1682.86
2230847992859220992,8557,9,39148,7,2020,3462.78
2230847992859220992,8557,9,39148,8,2020,3529.0
2230847992859220992,8557,9,39148,9,2020,3333.0
2230847992859220992,8557,9,39148,10,2020,1509.94
2230847992859220992,8557,9,39148,11,2020,-1893.2
2230847992859220992,8557,9,39148,12,2020,-53.76
2231083811854383616,1540,0,95589,1,2020,-4386.75
2231083811854383616,1540,0,95589,2,2020,-6700.81
2231083811854383616,1540,0,95589,3,2020,-3596.39
2231083811854383616,1540,0,95589,4,2020,-9363.43
2231083811854383616,1540,0,95589,5,2020,-8163.14
2231083811854383616,1540,0,95589,6,2020,-9753.71
2231083811854383616,1540,0,95589,7,2020,-2498.33
2231083811854383616,1540,0,95589,8,2020,-5211.33
2231083811854383616,1540,0,95589,9,2020,-14376.81
2231083811854383616,1540,0,95589,10,2020,-15847.53
2231083811854383616,1540,0,95589,11,2020,-8331.97
2231083811854383616,1540,0,95589,12,2020,-7562.75
2231920299634318848,5136,9,77342,1,2020,28.02
2231920299634318848,5136,9,77342,2,2020,1011.54
2231920299634318848,5136,9,77342,3,2020,7645.47
2231920299634318848,5136,9,77342,4,2020,4683.15
2231920299634318848,5136,9,77342,5,2020,5236.34
2231920299634318848,5136,9,77342,6,2020,5481.92
2231920299634318848,5136,9,77342,7,2020,7682.15
2231920299634318848,5136,9,77342,8,2020,5598.9
2231920299634318848,5136,9,77342,9,2020,7028.37
2231920299634318848,5136,9,77342,10,2020,11059.88
2231920299634318848,5136,9,77342,11,2020,10633.18
2231920299634318848,5136,9,77342,12,2020,5049.57
2232281912060855808,2556,7,1484,1,2020,-1912.69
2232281912060855808,2556,7,1484,2,2020,-778.6
2232281912060855808,2556,7,1484,3,2020,5756.95
2232281912060855808,2556,7,1484,4,2020,-3799.17
2232281912060855808,2556,7,1484,5,2020,-3383.25
2232281912060855808,2556,7,1484,6,2020,-6171.16
2232281912060855808,2556,7,1484,7,2020,-7429.22
2232281912060855808,2556,7,1484,8,2020,-8144.81
2232281912060855808,2556,7,1484,9,2020,-7318.02
2232281912060855808,2556,7,1484,10,2020,-2198.35
2232281912060855808,2556,7,1484,11,2020,-6361.84
2232281912060855808,2556,7,1484,12,2020,-2392.62
2232347631952213504,4335,0,77107,1,2020,-4145.42
2232347631952213504,4335,0,77107,2,2020,-1503.63
2232347631952213504,4335,0,77107,3,2020,7516.95
2232347631952213504,4335,0,77107,4,2020,11479.92
2232347631952213504,4335,0,77107,5,2020,5352.25
2232347631952213504,4335,0,77107,6,2020,7889.68
2232347631952213504,4335,0,77107,7,2020,5333.16
2232347631952213504,4335,0,77107,8,2020,-326.09
2232347631952213504,4335,0,77107,9,2020,-8731.83
2232347631952213504,4335,0,77107,10,2020,-8648.72
2232347631952213504,4335,0,77107,11,2020,-10864.01
2232347631952213504,4335,0,77107,12,2020,-8285.54
2232720502674555904,4906,7,14918,1,2020,-3896.22
2232720502674555904,4906,7,14918,2,2020,-4720.72
2232720502674555904,4906,7,14918,3,2020,-2226.98
2232720502674555904,4906,7,14918,4,2020,-837.88
2232720502674555904,4906,7,14918,5,2020,8055.07
2232720502674555904,4906,7,14918,6,2020,9649.69
2232720502674555904,4906,7,14918,7,2020,10974.69
2232720502674555904,4906,7,14918,8,2020,10712.9
2232720502674555904,4906,7,14918,9,2020,6925.85
2232720502674555904,4906,7,14918,10,2020,5104.85
2232720502674555904,4906,7,14918,11,2020,8657.08
2232720502674555904,4906,7,14918,12,2020,14710.42
223346700406302784,870,0,9931,1,2020,-261.46
223346700406302784,870,0,9931,2,2020,2728.91
223346700406302784,870,0,9931,3,2020,-4833.73
223346700406302784,870,0,9931,4,2020,135.21
223346700406302784,870,0,9931,5,2020,5418.1
223346700406302784,870,0,9931,6,2020,6467.6
223346700406302784,870,0,9931,7,2020,6865.75
223346700406302784,870,0,9931,8,2020,7568.81
223346700406302784,870,0,9931,9,2020,9814.2
223346700406302784,870,0,9931,10,2020,4431.67
223346700406302784,870,0,9931,11,2020,9574.54
223346700406302784,870,0,9931,12,2020,8481.39
2233854888355300608,1509,4,51418,1,2020,1468.73
2233854888355300608,1509,4,51418,2,2020,3071.44
2233854888355300608,1509,4,51418,3,2020,-1581.77
2233854888355300608,1509,4,51418,4,2020,-12094.85
2233854888355300608,1509,4,51418,5,2020,-2153.31
2233854888355300608,1509,4,51418,6,2020,-1134.84
2233854888355300608,1509,4,51418,7,2020,-9144.47
2233854888355300608,1509,4,51418,8,2020,-7841.32
2233854888355300608,1509,4,51418,9,2020,-9921.93
2233854888355300608,1509,4,51418,10,2020,-17467.15
2233854888355300608,1509,4,51418,11,2020,-11221.59
2233854888355300608,1509,4,51418,12,2020,-5261.51
2234163716607176448,4001,4,69530,1,2020,-239.01
2234163716607176448,4001,4,69530,2,2020,224.49
2234163716607176448,4001,4,69530,3,2020,277.42
2234163716607176448,4001,4,69530,4,2020,3417.87
2234163716607176448,4001,4,69530,5,2020,7758.02
2234163716607176448,4001,4,69530,6,2020,6519.74
2234163716607176448,4001,4,69530,7,2020,-480.29
2234163716607176448,4001,4,69530,8,2020,-557.32
2234163716607176448,4001,4,69530,9,2020,3210.77
2234163716607176448,4001,4,69530,10,2020,964.97
2234163716607176448,4001,4,69530,11,2020,5318.81
2234163716607176448,4001,4,69530,12,2020,3106.04
2236681670347993856,9960,5,84924,1,2020,5844.07
2236681670347993856,9960,5,84924,2,2020,6467.06
2236681670347993856,9960,5,84924,3,2020,-2463.39
2236681670347993856,9960,5,84924,4,2020,-3915.56
2236681670347993856,9960,5,84924,5,2020,-3488.67
2236681670347993856,9960,5,84924,6,2020,3242.25
2236681670347993856,9960,5,84924,7,2020,6109.98
2236681670347993856,9960,5,84924,8,2020,6679.49
2236681670347993856,9960,5,84924,9,2020,7011.85
2236681670347993856,9960,5,84924,10,2020,11079.66
2236681670347993856,9960,5,84924,11,2020,12974.98
2236681670347993856,9960,5,84924,12,2020,17509.25
2239100888537095424,6277,2,51116,1,2020,1804.5
2239100888537095424,6277,2,51116,2,2020,4921.16
2239100888537095424,6277,2,51116,3,2020,7495.36
2239100888537095424,6277,2,51116,4,2020,9377.06
2239100888537095424,6277,2,51116,5,2020,4161.79
