1497955559074832640,2986,1,85082,12,2020,-1945.69
1499345188241916160,1357,5,59597,1,2020,-6997.01
1499345188241916160,1357,5,59597,2,2020,-5071.44
1499345188241916160,1357,5,59597,3,2020,-1567.67
1499345188241916160,1357,5,59597,4,2020,2279.27
1499345188241916160,1357,5,59597,5,2020,-5047.23
1499345188241916160,1357,5,59597,6,2020,-4968.32
1499345188241916160,1357,5,59597,7,2020,-7408.36
1499345188241916160,1357,5,59597,8,2020,-7006.09
1499345188241916160,1357,5,59597,9,2020,-1692.5
1499345188241916160,1357,5,59597,10,2020,-3119.3
1499345188241916160,1357,5,59597,11,2020,-4797.68
1499345188241916160,1357,5,59597,12,2020,-6672.35
1499426379839918592,3689,6,80815,1,2020,1554.28
1499426379839918592,3689,6,80815,2,2020,975.4
1499426379839918592,3689,6,80815,3,2020,-1524.83
1499426379839918592,3689,6,80815,4,2020,-550.1
1499426379839918592,3689,6,80815,5,2020,3211.4
1499426379839918592,3689,6,80815,6,2020,3211.4
1499426379839918592,3689,6,80815,7,2020,1586.75
1499426379839918592,3689,6,80815,8,2020,779.03
1499426379839918592,3689,6,80815,9,2020,779.03
1499426379839918592,3689,6,80815,10,2020,1073.02
1499426379839918592,3689,6,80815,11,2020,1073.02
1499426379839918592,3689,6,80815,12,2020,1073.02
1501045361881321472,4657,2,36451,1,2020,2306.77
1501045361881321472,4657,2,36451,2,2020,-837.03
1501045361881321472,4657,2,36451,3,2020,3318.71
1501045361881321472,4657,2,36451,4,2020,7663.25
1501045361881321472,4657,2,36451,5,2020,5520.54
1501045361881321472,4657,2,36451,6,2020,4013.26
1501045361881321472,4657,2,36451,7,2020,4885.22
1501045361881321472,4657,2,36451,8,2020,1072.88
1501045361881321472,4657,2,36451,9,2020,2256.81
1501045361881321472,4657,2,36451,10,2020,156.4
1501045361881321472,4657,2,36451,11,2020,-904.65
1501045361881321472,4657,2,36451,12,2020,-1160.06
1501294882164024064,8470,5,95991,1,2020,3830.99
1501294882164024064,8470,5,95991,2,2020,1994.85
1501294882164024064,8470,5,95991,3,2020,7932.11
1501294882164024064,8470,5,95991,4,2020,-2383.08
1501294882164024064,8470,5,95991,5,2020,-2610.17
1501294882164024064,8470,5,95991,6,2020,-9476.69
1501294882164024064,8470,5,95991,7,2020,-11952.17
1501294882164024064,8470,5,95991,8,2020,-14981.42
1501294882164024064,8470,5,95991,9,2020,-13016.67
1501294882164024064,8470,5,95991,10,2020,-21112.0
1501294882164024064,8470,5,95991,11,2020,-22802.13
1501294882164024064,8470,5,95991,12,2020,-21852.29
1501608907662963456,6289,4,17934,1,2020,-5103.11
1501608907662963456,6289,4,17934,2,2020,-2903.15
1501608907662963456,6289,4,17934,3,2020,-1431.22
1501608907662963456,6289,4,17934,4,2020,229.15
1501608907662963456,6289,4,17934,5,2020,4.95
1501608907662963456,6289,4,17934,6,2020,629.77
1501608907662963456,6289,4,17934,7,2020,-2085.67
1501608907662963456,6289,4,17934,8,2020,-4555.32
1501608907662963456,6289,4,17934,9,2020,-2161.21
1501608907662963456,6289,4,17934,10,2020,-2412.02
1501608907662963456,6289,4,17934,11,2020,-2339.38
1501608907662963456,6289,4,17934,12,2020,-1073.51
150374623233893696,1120,2,16599,1,2020,-2272.68
150374623233893696,1120,2,16599,2,2020,7498.34
150374623233893696,1120,2,16599,3,2020,10607.68
150374623233893696,1120,2,16599,4,2020,12202.33
150374623233893696,1120,2,16599,5,2020,19328.28
150374623233893696,1120,2,16599,6,2020,12229.03
150374623233893696,1120,2,16599,7,2020,17849.99
150374623233893696,1120,2,16599,8,2020,16036.1
150374623233893696,1120,2,16599,9,2020,12537.13
150374623233893696,1120,2,16599,10,2020,12318.16
150374623233893696,1120,2,16599,11,2020,13655.23
150374623233893696,1120,2,16599,12,2020,13950.91
1509522562878172416,4810,9,30113,1,2020,4391.47
1509522562878172416,4810,9,30113,2,2020,7441.87
1509522562878172416,4810,9,30113,3,2020,7586.84
1509522562878172416,4810,9,30113,4,2020,8008.53
1509522562878172416,4810,9,30113,5,2020,8572.47
1509522562878172416,4810,9,30113,6,2020,6156.18
1509522562878172416,4810,9,30113,7,2020,5491.5
1509522562878172416,4810,9,30113,8,2020,6583.83
1509522562878172416,4810,9,30113,9,2020,7746.29
1509522562878172416,4810,9,30113,10,2020,5605.24
1509522562878172416,4810,9,30113,11,2020,1150.23
1509522562878172416,4810,9,30113,12,2020,313.43
1510853455410048768,9176,0,94238,1,2020,-93.2
1510853455410048768,9176,0,94238,2,2020,9229.59
1510853455410048768,9176,0,94238,3,2020,8778.1
1510853455410048768,9176,0,94238,4,2020,10005.51
1510853455410048768,9176,0,94238,5,2020,11401.85
1510853455410048768,9176,0,94238,6,2020,7965.3
1510853455410048768,9176,0,94238,7,2020,4229.91
1510853455410048768,9176,0,94238,8,2020,7739.22
1510853455410048768,9176,0,94238,9,2020,4935.97
1510853455410048768,9176,0,94238,10,2020,7747.31
1510853455410048768,9176,0,94238,11,2020,12569.5
1510853455410048768,9176,0,94238,12,2020,17546.15
1511610173462262784,7243,3,89779,1,2020,1914.8
1511610173462262784,7243,3,89779,2,2020,5193.82
1511610173462262784,7243,3,89779,3,2020,-1697.57
1511610173462262784,7243,3,89779,4,2020,-3286.29
1511610173462262784,7243,3,89779,5,2020,-8078.69
1511610173462262784,7243,3,89779,6,2020,-7645.11
1511610173462262784,7243,3,89779,7,2020,-5543.19
1511610173462262784,7243,3,89779,8,2020,-6113.74
1511610173462262784,7243,3,89779,9,2020,-7799.87
1511610173462262784,7243,3,89779,10,2020,-9339.55
1511610173462262784,7243,3,89779,11,2020,-11555.42
1511610173462262784,7243,3,89779,12,2020,-3527.7
1511891645528019968,4160,8,29410,1,2020,6834.24
1511891645528019968,4160,8,29410,2,2020,4546.47
1511891645528019968,4160,8,29410,3,2020,5399.86
1511891645528019968,4160,8,29410,4,2020,628.22
1511891645528019968,4160,8,29410,5,2020,2478.35
1511891645528019968,4160,8,29410,6,2020,1497.61
1511891645528019968,4160,8,29410,7,2020,5632.27
1511891645528019968,4160,8,29410,8,2020,5456.28
1511891645528019968,4160,8,29410,9,2020,5917.44
1511891645528019968,4160,8,29410,10,2020,5917.44
1511891645528019968,4160,8,29410,11,2020,3733.02
1511891645528019968,4160,8,29410,12,2020,4324.25
1512203941702640384,2171,2,16822,1,2020,-3533.43
1512203941702640384,2171,2,16822,2,2020,885.19
1512203941702640384,2171,2,16822,3,2020,249.53
1512203941702640384,2171,2,16822,4,2020,297.78
1512203941702640384,2171,2,16822,5,2020,4834.18
1512203941702640384,2171,2,16822,6,2020,6412.81
1512203941702640384,2171,2,16822,7,2020,10954.27
1512203941702640384,2171,2,16822,8,2020,9135.39
1512203941702640384,2171,2,16822,9,2020,8466.53
1512203941702640384,2171,2,16822,10,2020,17614.84
1512203941702640384,2171,2,16822,11,2020,15750.85
1512203941702640384,2171,2,16822,12,2020,13212.46
151261468430393088,4686,2,381,1,2020,-135.89
151261468430393088,4686,2,381,2,2020,-135.89
151261468430393088,4686,2,381,3,2020,730.7
151261468430393088,4686,2,381,4,2020,-889.54
151261468430393088,4686,2,381,5,2020,-1787.29
151261468430393088,4686,2,381,6,2020,-1419.49
151261468430393088,4686,2,381,7,2020,2328.61
151261468430393088,4686,2,381,8,2020,2060.02
151261468430393088,4686,2,381,9,2020,1708.23
151261468430393088,4686,2,381,10,2020,33.91
151261468430393088,4686,2,381,11,2020,-1607.7
151261468430393088,4686,2,381,12,2020,-266.04
1513068701380254464,5915,2,95026,1,2020,0.0
1513068701380254464,5915,2,95026,2,2020,0.0
1513068701380254464,5915,2,95026,3,2020,0.0
1513068701380254464,5915,2,95026,4,2020,0.0
1513068701380254464,5915,2,95026,5,2020,0.0
1513068701380254464,5915,2,95026,6,2020,1174.46
1513068701380254464,5915,2,95026,7,2020,1174.46
1513068701380254464,5915,2,95026,8,2020,1174.46
1513068701380254464,5915,2,95026,9,2020,1174.46
1513068701380254464,5915,2,95026,10,2020,1174.46
1513068701380254464,5915,2,95026,11,2020,1174.46
1513068701380254464,5915,2,95026,12,2020,1174.46
1513343434018424320,1814,7,38796,1,2020,-1425.27
1513343434018424320,1814,7,38796,2,2020,-830.51
1513343434018424320,1814,7,38796,3,2020,-56.34
1513343434018424320,1814,7,38796,4,2020,986.14
1513343434018424320,1814,7,38796,5,2020,951.49
1513343434018424320,1814,7,38796,6,2020,-4787.83
1513343434018424320,1814,7,38796,7,2020,-6287.63
1513343434018424320,1814,7,38796,8,2020,-8542.49
1513343434018424320,1814,7,38796,9,2020,-10846.31
1513343434018424320,1814,7,38796,10,2020,-12301.98
1513343434018424320,1814,7,38796,11,2020,-14347.06
1513343434018424320,1814,7,38796,12,2020,-14098.44
1513478644922515456,1424,8,24029,1,2020,2567.08
1513478644922515456,1424,8,24029,2,2020,3863.15
1513478644922515456,1424,8,24029,3,2020,-856.23
1513478644922515456,1424,8,24029,4,2020,-3380.59
1513478644922515456,1424,8,24029,5,2020,-2189.43
1513478644922515456,1424,8,24029,6,2020,-3066.9
1513478644922515456,1424,8,24029,7,2020,-4823.32
1513478644922515456,1424,8,24029,8,2020,650.91
1513478644922515456,1424,8,24029,9,2020,352.55
1513478644922515456,1424,8,24029,10,2020,2771.72
1513478644922515456,1424,8,24029,11,2020,1399.58
1513478644922515456,1424,8,24029,12,2020,7266.48
1514176474193112832,1910,4,15738,1,2020,-1058.89
1514176474193112832,1910,4,15738,2,2020,-209.56
1514176474193112832,1910,4,15738,3,2020,-1932.49
1514176474193112832,1910,4,15738,4,2020,-2962.17
1514176474193112832,1910,4,15738,5,2020,-260.83
1514176474193112832,1910,4,15738,6,2020,-6692.53
1514176474193112832,1910,4,15738,7,2020,-4436.53
1514176474193112832,1910,4,15738,8,2020,-12331.3
1514176474193112832,1910,4,15738,9,2020,-11163.22
1514176474193112832,1910,4,15738,10,2020,-11677.33
1514176474193112832,1910,4,15738,11,2020,-13350.1
1514176474193112832,1910,4,15738,12,2020,-9259.29
1515369777821571072,5592,5,61690,1,2020,-4342.15
1515369777821571072,5592,5,61690,2,2020,-2927.5
1515369777821571072,5592,5,61690,3,2020,-6098.61
1515369777821571072,5592,5,61690,4,2020,-6314.65
1515369777821571072,5592,5,61690,5,2020,-9512.19
1515369777821571072,5592,5,61690,6,2020,-4053.62
1515369777821571072,5592,5,61690,7,2020,-742.38
1515369777821571072,5592,5,61690,8,2020,-6537.38
1515369777821571072,5592,5,61690,9,2020,-8404.63
1515369777821571072,5592,5,61690,10,2020,-6828.67
1515369777821571072,5592,5,61690,11,2020,-4726.1
1515369777821571072,5592,5,61690,12,2020,-2224.45
1516881219755529984,1850,9,48873,1,2020,-880.21
1516881219755529984,1850,9,48873,2,2020,7653.86
1516881219755529984,1850,9,48873,3,2020,2430.01
1516881219755529984,1850,9,48873,4,2020,-4115.66
1516881219755529984,1850,9,48873,5,2020,279.87
1516881219755529984,1850,9,48873,6,2020,-1750.72
1516881219755529984,1850,9,48873,7,2020,-3681.78
1516881219755529984,1850,9,48873,8,2020,-8093.43
1516881219755529984,1850,9,48873,9,2020,-9561.19
1516881219755529984,1850,9,48873,10,2020,-15091.2
1516881219755529984,1850,9,48873,11,2020,-22235.49
1516881219755529984,1850,9,48873,12,2020,-12578.2
1518248494148252160,4462,4,39398,1,2020,-1900.94
1518248494148252160,4462,4,39398,2,2020,222.38
1518248494148252160,4462,4,39398,3,2020,-2109.38
1518248494148252160,4462,4,39398,4,2020,1410.85
1518248494148252160,4462,4,39398,5,2020,7051.38
1518248494148252160,4462,4,39398,6,2020,5936.88
1518248494148252160,4462,4,39398,7,2020,7534.14
1518248494148252160,4462,4,39398,8,2020,10556.44
1518248494148252160,4462,4,39398,9,2020,14226.08
1518248494148252160,4462,4,39398,10,2020,9821.55
1518248494148252160,4462,4,39398,11,2020,13521.53
1518248494148252160,4462,4,39398,12,2020,13680.59
1519518249603361280,5361,4,19542,1,2020,879.49
1519518249603361280,5361,4,19542,2,2020,-4779.65
1519518249603361280,5361,4,19542,3,2020,-3213.33
1519518249603361280,5361,4,19542,4,2020,-3695.32
1519518249603361280,5361,4,19542,5,2020,-10176.51
1519518249603361280,5361,4,19542,6,2020,-6345.27
1519518249603361280,5361,4,19542,7,2020,-8231.23
1519518249603361280,5361,4,19542,8,2020,-4463.51
1519518249603361280,5361,4,19542,9,2020,-26906.62
1519518249603361280,5361,4,19542,10,2020,-23971.74
1519518249603361280,5361,4,19542,11,2020,-25400.93
