2112039096815940608,7777,9,94208,9,2020,-8499.2
2112039096815940608,7777,9,94208,10,2020,-7209.65
2112039096815940608,7777,9,94208,11,2020,-7046.24
2112039096815940608,7777,9,94208,12,2020,-7780.63
2112487368731592960,9563,8,606,1,2020,2091.83
2112487368731592960,9563,8,606,2,2020,-1692.36
2112487368731592960,9563,8,606,3,2020,576.74
2112487368731592960,9563,8,606,4,2020,3617.08
2112487368731592960,9563,8,606,5,2020,-1029.56
2112487368731592960,9563,8,606,6,2020,-1689.27
2112487368731592960,9563,8,606,7,2020,-4481.29
2112487368731592960,9563,8,606,8,2020,-3023.23
2112487368731592960,9563,8,606,9,2020,-2367.0
2112487368731592960,9563,8,606,10,2020,-2062.7
2112487368731592960,9563,8,606,11,2020,-10234.41
2112487368731592960,9563,8,606,12,2020,-11978.85
2113067334628205824,9109,1,65226,1,2020,-4840.07
2113067334628205824,9109,1,65226,2,2020,-5204.88
2113067334628205824,9109,1,65226,3,2020,-5754.4
2113067334628205824,9109,1,65226,4,2020,-6248.61
2113067334628205824,9109,1,65226,5,2020,-8257.08
2113067334628205824,9109,1,65226,6,2020,-9852.45
2113067334628205824,9109,1,65226,7,2020,-5420.27
2113067334628205824,9109,1,65226,8,2020,-9004.07
2113067334628205824,9109,1,65226,9,2020,-9916.38
2113067334628205824,9109,1,65226,10,2020,-8372.66
2113067334628205824,9109,1,65226,11,2020,-8816.01
2113067334628205824,9109,1,65226,12,2020,-10065.96
2113946093976634624,6836,1,46161,1,2020,-3299.08
2113946093976634624,6836,1,46161,2,2020,-13963.9
2113946093976634624,6836,1,46161,3,2020,-13312.96
2113946093976634624,6836,1,46161,4,2020,-12928.68
2113946093976634624,6836,1,46161,5,2020,-8639.49
2113946093976634624,6836,1,46161,6,2020,-1508.99
2113946093976634624,6836,1,46161,7,2020,4486.96
2113946093976634624,6836,1,46161,8,2020,-2858.37
2113946093976634624,6836,1,46161,9,2020,-5882.76
2113946093976634624,6836,1,46161,10,2020,-12312.91
2113946093976634624,6836,1,46161,11,2020,-16845.3
2113946093976634624,6836,1,46161,12,2020,-11402.02
2113966083857682176,793,3,30515,1,2020,-3190.39
2113966083857682176,793,3,30515,2,2020,-2307.89
2113966083857682176,793,3,30515,3,2020,-2971.82
2113966083857682176,793,3,30515,4,2020,-3146.19
2113966083857682176,793,3,30515,5,2020,577.35
2113966083857682176,793,3,30515,6,2020,1437.53
2113966083857682176,793,3,30515,7,2020,4943.84
2113966083857682176,793,3,30515,8,2020,3379.89
2113966083857682176,793,3,30515,9,2020,5898.92
2113966083857682176,793,3,30515,10,2020,6742.86
2113966083857682176,793,3,30515,11,2020,7889.69
2113966083857682176,793,3,30515,12,2020,8243.02
2115124899735367424,1104,8,14229,1,2020,332.44
2115124899735367424,1104,8,14229,2,2020,679.53
2115124899735367424,1104,8,14229,3,2020,-4057.67
2115124899735367424,1104,8,14229,4,2020,-7821.5
2115124899735367424,1104,8,14229,5,2020,-9290.95
2115124899735367424,1104,8,14229,6,2020,-11121.6
2115124899735367424,1104,8,14229,7,2020,-10884.08
2115124899735367424,1104,8,14229,8,2020,-9226.3
2115124899735367424,1104,8,14229,9,2020,-9558.93
2115124899735367424,1104,8,14229,10,2020,-9005.97
2115124899735367424,1104,8,14229,11,2020,-7122.2
2115124899735367424,1104,8,14229,12,2020,-6737.79
211577267597883232,690,4,30425,1,2020,313.05
211577267597883232,690,4,30425,2,2020,-1543.53
211577267597883232,690,4,30425,3,2020,-1543.53
211577267597883232,690,4,30425,4,2020,-1543.53
211577267597883232,690,4,30425,5,2020,387.6
211577267597883232,690,4,30425,6,2020,387.6
211577267597883232,690,4,30425,7,2020,103.57
211577267597883232,690,4,30425,8,2020,2972.89
211577267597883232,690,4,30425,9,2020,1673.19
211577267597883232,690,4,30425,10,2020,2687.77
211577267597883232,690,4,30425,11,2020,4693.47
211577267597883232,690,4,30425,12,2020,2895.21
2116486034941190912,7135,4,74732,1,2020,2829.84
2116486034941190912,7135,4,74732,2,2020,5023.36
2116486034941190912,7135,4,74732,3,2020,5283.67
2116486034941190912,7135,4,74732,4,2020,7965.0
2116486034941190912,7135,4,74732,5,2020,6394.28
2116486034941190912,7135,4,74732,6,2020,4277.18
2116486034941190912,7135,4,74732,7,2020,-1967.47
2116486034941190912,7135,4,74732,8,2020,-6278.83
2116486034941190912,7135,4,74732,9,2020,-5159.56
2116486034941190912,7135,4,74732,10,2020,-6076.04
2116486034941190912,7135,4,74732,11,2020,-2643.02
2116486034941190912,7135,4,74732,12,2020,-3758.24
2117067335169318912,870,1,16631,1,2020,1943.61
2117067335169318912,870,1,16631,2,2020,8093.94
2117067335169318912,870,1,16631,3,2020,8779.76
2117067335169318912,870,1,16631,4,2020,1000.0
2117067335169318912,870,1,16631,5,2020,4519.68
2117067335169318912,870,1,16631,6,2020,199.43
2117067335169318912,870,1,16631,7,2020,-4796.25
2117067335169318912,870,1,16631,8,2020,-6060.91
2117067335169318912,870,1,16631,9,2020,-4001.35
2117067335169318912,870,1,16631,10,2020,-6922.91
2117067335169318912,870,1,16631,11,2020,-6884.54
2117067335169318912,870,1,16631,12,2020,540.78
2118390127904308992,5187,1,11539,1,2020,3930.46
2118390127904308992,5187,1,11539,2,2020,8336.13
2118390127904308992,5187,1,11539,3,2020,3140.38
2118390127904308992,5187,1,11539,4,2020,-1731.56
2118390127904308992,5187,1,11539,5,2020,-4458.34
2118390127904308992,5187,1,11539,6,2020,-1223.0
2118390127904308992,5187,1,11539,7,2020,-6327.26
2118390127904308992,5187,1,11539,8,2020,-5393.18
2118390127904308992,5187,1,11539,9,2020,3705.12
2118390127904308992,5187,1,11539,10,2020,310.36
2118390127904308992,5187,1,11539,11,2020,-2228.4
2118390127904308992,5187,1,11539,12,2020,-5388.87
2119586258883631360,6475,2,92270,1,2020,2240.78
2119586258883631360,6475,2,92270,2,2020,463.03
2119586258883631360,6475,2,92270,3,2020,76.77
2119586258883631360,6475,2,92270,4,2020,-2550.23
2119586258883631360,6475,2,92270,5,2020,-1662.81
2119586258883631360,6475,2,92270,6,2020,-1589.35
2119586258883631360,6475,2,92270,7,2020,-3322.76
2119586258883631360,6475,2,92270,8,2020,-6119.26
2119586258883631360,6475,2,92270,9,2020,-7455.22
2119586258883631360,6475,2,92270,10,2020,-8565.91
2119586258883631360,6475,2,92270,11,2020,-11049.52
2119586258883631360,6475,2,92270,12,2020,-11081.83
2119860016717632768,5814,3,23695,1,2020,-2355.34
2119860016717632768,5814,3,23695,2,2020,-1163.76
2119860016717632768,5814,3,23695,3,2020,5243.62
2119860016717632768,5814,3,23695,4,2020,8649.04
2119860016717632768,5814,3,23695,5,2020,12714.36
2119860016717632768,5814,3,23695,6,2020,10963.66
2119860016717632768,5814,3,23695,7,2020,9938.5
2119860016717632768,5814,3,23695,8,2020,7830.14
2119860016717632768,5814,3,23695,9,2020,1689.9
2119860016717632768,5814,3,23695,10,2020,619.92
2119860016717632768,5814,3,23695,11,2020,4067.59
2119860016717632768,5814,3,23695,12,2020,-1162.63
2120043042502802944,9164,2,26893,1,2020,2241.02
2120043042502802944,9164,2,26893,2,2020,958.0
2120043042502802944,9164,2,26893,3,2020,-1254.64
2120043042502802944,9164,2,26893,4,2020,-699.42
2120043042502802944,9164,2,26893,5,2020,1550.49
2120043042502802944,9164,2,26893,6,2020,2071.86
2120043042502802944,9164,2,26893,7,2020,6061.39
2120043042502802944,9164,2,26893,8,2020,2149.69
2120043042502802944,9164,2,26893,9,2020,4625.06
2120043042502802944,9164,2,26893,10,2020,10660.83
2120043042502802944,9164,2,26893,11,2020,8920.42
2120043042502802944,9164,2,26893,12,2020,11149.09
2120317937170085120,674,1,79401,1,2020,2184.36
2120317937170085120,674,1,79401,2,2020,1029.72
2120317937170085120,674,1,79401,3,2020,-4186.93
2120317937170085120,674,1,79401,4,2020,697.44
2120317937170085120,674,1,79401,5,2020,1755.71
2120317937170085120,674,1,79401,6,2020,4200.03
2120317937170085120,674,1,79401,7,2020,-630.01
2120317937170085120,674,1,79401,8,2020,-1082.78
2120317937170085120,674,1,79401,9,2020,-1576.54
2120317937170085120,674,1,79401,10,2020,-5313.33
2120317937170085120,674,1,79401,11,2020,-9595.57
2120317937170085120,674,1,79401,12,2020,-4620.1
2120668112085253632,2980,0,72051,1,2020,-1288.82
2120668112085253632,2980,0,72051,2,2020,-1288.82
2120668112085253632,2980,0,72051,3,2020,1078.16
2120668112085253632,2980,0,72051,4,2020,1542.47
2120668112085253632,2980,0,72051,5,2020,1579.33
2120668112085253632,2980,0,72051,6,2020,-1085.08
2120668112085253632,2980,0,72051,7,2020,464.45
2120668112085253632,2980,0,72051,8,2020,-582.07
2120668112085253632,2980,0,72051,9,2020,857.26
2120668112085253632,2980,0,72051,10,2020,3689.25
2120668112085253632,2980,0,72051,11,2020,3689.25
2120668112085253632,2980,0,72051,12,2020,5015.55
2120829647327669248,9978,7,64406,1,2020,0.0
2120829647327669248,9978,7,64406,2,2020,-1524.76
2120829647327669248,9978,7,64406,3,2020,-2281.15
2120829647327669248,9978,7,64406,4,2020,896.0
2120829647327669248,9978,7,64406,5,2020,1560.9
2120829647327669248,9978,7,64406,6,2020,1560.9
2120829647327669248,9978,7,64406,7,2020,2780.41
2120829647327669248,9978,7,64406,8,2020,2780.41
2120829647327669248,9978,7,64406,9,2020,916.59
2120829647327669248,9978,7,64406,10,2020,916.59
2120829647327669248,9978,7,64406,11,2020,916.59
2120829647327669248,9978,7,64406,12,2020,2823.31
2120933399640111360,7913,6,75930,1,2020,1221.29
2120933399640111360,7913,6,75930,2,2020,9378.99
2120933399640111360,7913,6,75930,3,2020,11275.42
2120933399640111360,7913,6,75930,4,2020,7241.56
2120933399640111360,7913,6,75930,5,2020,3957.66
2120933399640111360,7913,6,75930,6,2020,2046.44
2120933399640111360,7913,6,75930,7,2020,-4759.18
2120933399640111360,7913,6,75930,8,2020,-7176.57
2120933399640111360,7913,6,75930,9,2020,3555.71
2120933399640111360,7913,6,75930,10,2020,-4363.36
2120933399640111360,7913,6,75930,11,2020,-4418.5
2120933399640111360,7913,6,75930,12,2020,-9188.17
2121120954446541824,2396,3,62085,1,2020,3256.98
2121120954446541824,2396,3,62085,2,2020,2879.34
2121120954446541824,2396,3,62085,3,2020,2304.9
2121120954446541824,2396,3,62085,4,2020,2289.07
2121120954446541824,2396,3,62085,5,2020,1539.22
2121120954446541824,2396,3,62085,6,2020,-1112.38
2121120954446541824,2396,3,62085,7,2020,-697.83
2121120954446541824,2396,3,62085,8,2020,2994.8
2121120954446541824,2396,3,62085,9,2020,5587.06
2121120954446541824,2396,3,62085,10,2020,13058.17
2121120954446541824,2396,3,62085,11,2020,14185.19
2121120954446541824,2396,3,62085,12,2020,16117.55
2122153656344962048,3116,9,32386,1,2020,-40.64
2122153656344962048,3116,9,32386,2,2020,1256.33
2122153656344962048,3116,9,32386,3,2020,2877.52
2122153656344962048,3116,9,32386,4,2020,3362.94
2122153656344962048,3116,9,32386,5,2020,5032.49
2122153656344962048,3116,9,32386,6,2020,4607.93
2122153656344962048,3116,9,32386,7,2020,2859.4
2122153656344962048,3116,9,32386,8,2020,4254.91
2122153656344962048,3116,9,32386,9,2020,4776.75
2122153656344962048,3116,9,32386,10,2020,4685.96
2122153656344962048,3116,9,32386,11,2020,5111.39
2122153656344962048,3116,9,32386,12,2020,2791.71
2124925437304919040,1699,2,60536,1,2020,1134.47
2124925437304919040,1699,2,60536,2,2020,-8814.57
2124925437304919040,1699,2,60536,3,2020,-12300.36
2124925437304919040,1699,2,60536,4,2020,-14565.65
2124925437304919040,1699,2,60536,5,2020,-20026.07
2124925437304919040,1699,2,60536,6,2020,-18057.14
2124925437304919040,1699,2,60536,7,2020,-9729.77
2124925437304919040,1699,2,60536,8,2020,-12968.29
2124925437304919040,1699,2,60536,9,2020,-13484.58
2124925437304919040,1699,2,60536,10,2020,-14388.38
2124925437304919040,1699,2,60536,11,2020,-8863.04
2124925437304919040,1699,2,60536,12,2020,-6026.71
2127433475407403776,8560,4,74805,1,2020,4823.14
2127433475407403776,8560,4,74805,2,2020,1544.18
2127433475407403776,8560,4,74805,3,2020,-1561.1
2127433475407403776,8560,4,74805,4,2020,4467.47
2127433475407403776,8560,4,74805,5,2020,6215.28
2127433475407403776,8560,4,74805,6,2020,204.25
2127433475407403776,8560,4,74805,7,2020,6796.09
