2074732183890123008,8481,3,47289,8,2020,2502.54
2074732183890123008,8481,3,47289,9,2020,5653.42
2074732183890123008,8481,3,47289,10,2020,5340.41
2074732183890123008,8481,3,47289,11,2020,4927.06
2074732183890123008,8481,3,47289,12,2020,4886.8
2075730632855930880,8950,7,40314,1,2020,-2286.07
2075730632855930880,8950,7,40314,2,2020,39.08
2075730632855930880,8950,7,40314,3,2020,6397.3
2075730632855930880,8950,7,40314,4,2020,12639.56
2075730632855930880,8950,7,40314,5,2020,11479.99
2075730632855930880,8950,7,40314,6,2020,7770.56
2075730632855930880,8950,7,40314,7,2020,7575.07
2075730632855930880,8950,7,40314,8,2020,5305.85
2075730632855930880,8950,7,40314,9,2020,6790.66
2075730632855930880,8950,7,40314,10,2020,1146.48
2075730632855930880,8950,7,40314,11,2020,228.48
2075730632855930880,8950,7,40314,12,2020,-3258.8
2078081802782758912,943,3,15272,1,2020,-3425.03
2078081802782758912,943,3,15272,2,2020,-4870.1
2078081802782758912,943,3,15272,3,2020,-3947.14
2078081802782758912,943,3,15272,4,2020,-12254.87
2078081802782758912,943,3,15272,5,2020,-9563.72
2078081802782758912,943,3,15272,6,2020,-14854.69
2078081802782758912,943,3,15272,7,2020,-11851.49
2078081802782758912,943,3,15272,8,2020,-5216.29
2078081802782758912,943,3,15272,9,2020,-5160.37
2078081802782758912,943,3,15272,10,2020,-2555.93
2078081802782758912,943,3,15272,11,2020,-585.65
2078081802782758912,943,3,15272,12,2020,-2598.72
2078206225894566144,3743,6,88175,1,2020,6223.25
2078206225894566144,3743,6,88175,2,2020,3423.49
2078206225894566144,3743,6,88175,3,2020,7661.58
2078206225894566144,3743,6,88175,4,2020,9241.06
2078206225894566144,3743,6,88175,5,2020,9193.72
2078206225894566144,3743,6,88175,6,2020,15555.26
2078206225894566144,3743,6,88175,7,2020,5040.49
2078206225894566144,3743,6,88175,8,2020,8431.65
2078206225894566144,3743,6,88175,9,2020,7316.87
2078206225894566144,3743,6,88175,10,2020,5786.71
2078206225894566144,3743,6,88175,11,2020,11678.89
2078206225894566144,3743,6,88175,12,2020,13366.99
2079505429345530624,3645,0,7740,1,2020,1315.56
2079505429345530624,3645,0,7740,2,2020,1520.38
2079505429345530624,3645,0,7740,3,2020,4342.13
2079505429345530624,3645,0,7740,4,2020,8643.42
2079505429345530624,3645,0,7740,5,2020,5574.77
2079505429345530624,3645,0,7740,6,2020,4543.86
2079505429345530624,3645,0,7740,7,2020,6147.0
2079505429345530624,3645,0,7740,8,2020,11364.6
2079505429345530624,3645,0,7740,9,2020,14400.31
2079505429345530624,3645,0,7740,10,2020,17331.5
2079505429345530624,3645,0,7740,11,2020,16116.22
2079505429345530624,3645,0,7740,12,2020,14352.14
2080188807101792512,5413,2,74487,1,2020,-974.94
2080188807101792512,5413,2,74487,2,2020,-421.52
2080188807101792512,5413,2,74487,3,2020,-1120.5
2080188807101792512,5413,2,74487,4,2020,-1651.0
2080188807101792512,5413,2,74487,5,2020,-1324.44
2080188807101792512,5413,2,74487,6,2020,-827.65
2080188807101792512,5413,2,74487,7,2020,-15244.09
2080188807101792512,5413,2,74487,8,2020,-8670.21
2080188807101792512,5413,2,74487,9,2020,-18000.22
2080188807101792512,5413,2,74487,10,2020,-17773.45
2080188807101792512,5413,2,74487,11,2020,-18174.65
2080188807101792512,5413,2,74487,12,2020,-16871.86
2081459696818761728,3302,1,35309,1,2020,-3617.0
2081459696818761728,3302,1,35309,2,2020,-7386.81
2081459696818761728,3302,1,35309,3,2020,-10493.39
2081459696818761728,3302,1,35309,4,2020,-12901.17
2081459696818761728,3302,1,35309,5,2020,-16348.98
2081459696818761728,3302,1,35309,6,2020,-12604.53
2081459696818761728,3302,1,35309,7,2020,-10203.12
2081459696818761728,3302,1,35309,8,2020,-8369.74
2081459696818761728,3302,1,35309,9,2020,-9256.08
2081459696818761728,3302,1,35309,10,2020,-11694.11
2081459696818761728,3302,1,35309,11,2020,-8417.29
2081459696818761728,3302,1,35309,12,2020,-15078.01
2082179748504368896,3677,3,96456,1,2020,-1607.18
2082179748504368896,3677,3,96456,2,2020,-3920.59
2082179748504368896,3677,3,96456,3,2020,-10737.79
2082179748504368896,3677,3,96456,4,2020,-7340.52
2082179748504368896,3677,3,96456,5,2020,-9679.11
2082179748504368896,3677,3,96456,6,2020,-11423.07
2082179748504368896,3677,3,96456,7,2020,-6208.52
2082179748504368896,3677,3,96456,8,2020,-5567.37
2082179748504368896,3677,3,96456,9,2020,-5874.33
2082179748504368896,3677,3,96456,10,2020,-3932.14
2082179748504368896,3677,3,96456,11,2020,-2469.25
2082179748504368896,3677,3,96456,12,2020,-2841.41
2082501602581591552,2017,8,56572,1,2020,-598.78
2082501602581591552,2017,8,56572,2,2020,-3483.75
2082501602581591552,2017,8,56572,3,2020,-4521.57
2082501602581591552,2017,8,56572,4,2020,-508.8
2082501602581591552,2017,8,56572,5,2020,-391.82
2082501602581591552,2017,8,56572,6,2020,-247.65
2082501602581591552,2017,8,56572,7,2020,-2570.93
2082501602581591552,2017,8,56572,8,2020,-5490.83
2082501602581591552,2017,8,56572,9,2020,-7071.0
2082501602581591552,2017,8,56572,10,2020,-3261.18
2082501602581591552,2017,8,56572,11,2020,-1615.65
2082501602581591552,2017,8,56572,12,2020,4763.63
2085117856323456768,7704,7,87365,1,2020,759.78
2085117856323456768,7704,7,87365,2,2020,-1054.79
2085117856323456768,7704,7,87365,3,2020,-5312.08
2085117856323456768,7704,7,87365,4,2020,-6944.29
2085117856323456768,7704,7,87365,5,2020,-6872.63
2085117856323456768,7704,7,87365,6,2020,-13985.23
2085117856323456768,7704,7,87365,7,2020,-16688.07
2085117856323456768,7704,7,87365,8,2020,-13818.74
2085117856323456768,7704,7,87365,9,2020,-13865.38
2085117856323456768,7704,7,87365,10,2020,-15196.63
2085117856323456768,7704,7,87365,11,2020,-17203.94
2085117856323456768,7704,7,87365,12,2020,-16303.77
2085252401242475520,1347,8,50709,1,2020,-3571.35
2085252401242475520,1347,8,50709,2,2020,-6705.4
2085252401242475520,1347,8,50709,3,2020,-8078.98
2085252401242475520,1347,8,50709,4,2020,-7225.12
2085252401242475520,1347,8,50709,5,2020,-2318.45
2085252401242475520,1347,8,50709,6,2020,-3755.84
2085252401242475520,1347,8,50709,7,2020,-633.19
2085252401242475520,1347,8,50709,8,2020,3585.74
2085252401242475520,1347,8,50709,9,2020,2980.21
2085252401242475520,1347,8,50709,10,2020,4879.0
2085252401242475520,1347,8,50709,11,2020,4792.32
2085252401242475520,1347,8,50709,12,2020,-1354.83
2085427516966057472,3580,9,44811,1,2020,-4036.31
2085427516966057472,3580,9,44811,2,2020,-500.2
2085427516966057472,3580,9,44811,3,2020,-11173.91
2085427516966057472,3580,9,44811,4,2020,-17849.87
2085427516966057472,3580,9,44811,5,2020,-18972.7
2085427516966057472,3580,9,44811,6,2020,-16580.28
2085427516966057472,3580,9,44811,7,2020,-14720.32
2085427516966057472,3580,9,44811,8,2020,-18974.17
2085427516966057472,3580,9,44811,9,2020,-18269.8
2085427516966057472,3580,9,44811,10,2020,-19603.73
2085427516966057472,3580,9,44811,11,2020,-18160.63
2085427516966057472,3580,9,44811,12,2020,-21739.54
2085903329073651200,4655,0,90635,1,2020,0.0
2085903329073651200,4655,0,90635,2,2020,0.0
2085903329073651200,4655,0,90635,3,2020,-1171.42
2085903329073651200,4655,0,90635,4,2020,-1686.1
2085903329073651200,4655,0,90635,5,2020,-1686.1
2085903329073651200,4655,0,90635,6,2020,-1543.48
2085903329073651200,4655,0,90635,7,2020,-3347.72
2085903329073651200,4655,0,90635,8,2020,-3347.72
2085903329073651200,4655,0,90635,9,2020,-3347.72
2085903329073651200,4655,0,90635,10,2020,-4713.53
2085903329073651200,4655,0,90635,11,2020,-4713.53
2085903329073651200,4655,0,90635,12,2020,-4713.53
2085975246821816320,8387,0,3703,1,2020,-1979.64
2085975246821816320,8387,0,3703,2,2020,3365.3
2085975246821816320,8387,0,3703,3,2020,6325.7
2085975246821816320,8387,0,3703,4,2020,3140.99
2085975246821816320,8387,0,3703,5,2020,-1301.18
2085975246821816320,8387,0,3703,6,2020,1674.43
2085975246821816320,8387,0,3703,7,2020,5408.71
2085975246821816320,8387,0,3703,8,2020,4343.83
2085975246821816320,8387,0,3703,9,2020,9298.37
2085975246821816320,8387,0,3703,10,2020,3085.69
2085975246821816320,8387,0,3703,11,2020,3272.7
2085975246821816320,8387,0,3703,12,2020,7547.22
2087017938001022976,5775,3,35203,1,2020,0.0
2087017938001022976,5775,3,35203,2,2020,0.0
2087017938001022976,5775,3,35203,3,2020,0.0
2087017938001022976,5775,3,35203,4,2020,-1923.58
2087017938001022976,5775,3,35203,5,2020,-1997.3
2087017938001022976,5775,3,35203,6,2020,-1997.3
2087017938001022976,5775,3,35203,7,2020,-1997.3
2087017938001022976,5775,3,35203,8,2020,-1997.3
2087017938001022976,5775,3,35203,9,2020,-1997.3
2087017938001022976,5775,3,35203,10,2020,-1845.83
2087017938001022976,5775,3,35203,11,2020,-1845.83
2087017938001022976,5775,3,35203,12,2020,-1845.83
2087217487998514432,8244,6,40228,1,2020,1219.26
2087217487998514432,8244,6,40228,2,2020,4170.45
2087217487998514432,8244,6,40228,3,2020,4213.71
2087217487998514432,8244,6,40228,4,2020,-126.75
2087217487998514432,8244,6,40228,5,2020,577.27
2087217487998514432,8244,6,40228,6,2020,5714.89
2087217487998514432,8244,6,40228,7,2020,1924.54
2087217487998514432,8244,6,40228,8,2020,-208.95
2087217487998514432,8244,6,40228,9,2020,-677.9
2087217487998514432,8244,6,40228,10,2020,-218.87
2087217487998514432,8244,6,40228,11,2020,860.55
2087217487998514432,8244,6,40228,12,2020,4599.45
2087377604127156480,9054,7,53835,1,2020,8674.71
2087377604127156480,9054,7,53835,2,2020,12439.34
2087377604127156480,9054,7,53835,3,2020,8870.54
2087377604127156480,9054,7,53835,4,2020,8676.43
2087377604127156480,9054,7,53835,5,2020,2538.96
2087377604127156480,9054,7,53835,6,2020,-26.71
2087377604127156480,9054,7,53835,7,2020,3533.22
2087377604127156480,9054,7,53835,8,2020,2571.96
2087377604127156480,9054,7,53835,9,2020,169.43
2087377604127156480,9054,7,53835,10,2020,-2546.31
2087377604127156480,9054,7,53835,11,2020,-1011.01
2087377604127156480,9054,7,53835,12,2020,-7924.23
2089654327514129408,2527,4,699,1,2020,0.0
2089654327514129408,2527,4,699,2,2020,650.87
2089654327514129408,2527,4,699,3,2020,1345.31
2089654327514129408,2527,4,699,4,2020,-1764.09
2089654327514129408,2527,4,699,5,2020,-1446.9
2089654327514129408,2527,4,699,6,2020,-2665.7
2089654327514129408,2527,4,699,7,2020,-2243.26
2089654327514129408,2527,4,699,8,2020,-2904.7
2089654327514129408,2527,4,699,9,2020,697.23
2089654327514129408,2527,4,699,10,2020,-475.5
2089654327514129408,2527,4,699,11,2020,-880.45
2089654327514129408,2527,4,699,12,2020,-837.17
2089654389202361856,9062,1,34282,1,2020,-5299.79
2089654389202361856,9062,1,34282,2,2020,-2360.07
2089654389202361856,9062,1,34282,3,2020,-1715.2
2089654389202361856,9062,1,34282,4,2020,-2294.16
2089654389202361856,9062,1,34282,5,2020,-2532.4
2089654389202361856,9062,1,34282,6,2020,-2907.67
2089654389202361856,9062,1,34282,7,2020,-2152.14
2089654389202361856,9062,1,34282,8,2020,-206.07
2089654389202361856,9062,1,34282,9,2020,2967.01
2089654389202361856,9062,1,34282,10,2020,-1006.2
2089654389202361856,9062,1,34282,11,2020,285.98
2089654389202361856,9062,1,34282,12,2020,-866.28
2089982977847375616,3377,3,73912,1,2020,-1336.02
2089982977847375616,3377,3,73912,2,2020,-2559.6
2089982977847375616,3377,3,73912,3,2020,864.55
2089982977847375616,3377,3,73912,4,2020,-2467.26
2089982977847375616,3377,3,73912,5,2020,938.26
2089982977847375616,3377,3,73912,6,2020,-157.3
2089982977847375616,3377,3,73912,7,2020,1722.37
2089982977847375616,3377,3,73912,8,2020,2641.64
2089982977847375616,3377,3,73912,9,2020,3829.3
2089982977847375616,3377,3,73912,10,2020,6153.3
2089982977847375616,3377,3,73912,11,2020,7293.03
2089982977847375616,3377,3,73912,12,2020,6835.92
2090463485711459840,8957,2,43879,1,2020,-139.13
2090463485711459840,8957,2,43879,2,2020,-695.39
2090463485711459840,8957,2,43879,3,2020,-2277.53
2090463485711459840,8957,2,43879,4,2020,-4100.37
2090463485711459840,8957,2,43879,5,2020,-2727.66
2090463485711459840,8957,2,43879,6,2020,-958.28
2090463485711459840,8957,2,43879,7,2020,1499.45
2090463485711459840,8957,2,43879,8,2020,-2289.4
2090463485711459840,8957,2,43879,9,2020,-1844.17
