1416443814225121024,5053,0,14680,11,2020,-6792.72
1416443814225121024,5053,0,14680,12,2020,-10852.11
1417307719091127040,8859,5,49490,1,2020,255.14
1417307719091127040,8859,5,49490,2,2020,255.14
1417307719091127040,8859,5,49490,3,2020,255.14
1417307719091127040,8859,5,49490,4,2020,255.14
1417307719091127040,8859,5,49490,5,2020,255.14
1417307719091127040,8859,5,49490,6,2020,255.14
1417307719091127040,8859,5,49490,7,2020,255.14
1417307719091127040,8859,5,49490,8,2020,255.14
1417307719091127040,8859,5,49490,9,2020,28.74
1417307719091127040,8859,5,49490,10,2020,-1701.05
1417307719091127040,8859,5,49490,11,2020,-1307.14
1417307719091127040,8859,5,49490,12,2020,-1307.14
1418422147970056960,7149,9,42161,1,2020,-1467.04
1418422147970056960,7149,9,42161,2,2020,-7603.77
1418422147970056960,7149,9,42161,3,2020,-428.25
1418422147970056960,7149,9,42161,4,2020,665.71
1418422147970056960,7149,9,42161,5,2020,-5152.64
1418422147970056960,7149,9,42161,6,2020,-10363.71
1418422147970056960,7149,9,42161,7,2020,-6649.31
1418422147970056960,7149,9,42161,8,2020,-3973.76
1418422147970056960,7149,9,42161,9,2020,-7105.18
1418422147970056960,7149,9,42161,10,2020,-8531.91
1418422147970056960,7149,9,42161,11,2020,-3045.34
1418422147970056960,7149,9,42161,12,2020,3009.01
141988657608792496,1390,5,44540,1,2020,270.53
141988657608792496,1390,5,44540,2,2020,143.83
141988657608792496,1390,5,44540,3,2020,2023.28
141988657608792496,1390,5,44540,4,2020,8854.37
141988657608792496,1390,5,44540,5,2020,7099.24
141988657608792496,1390,5,44540,6,2020,6437.41
141988657608792496,1390,5,44540,7,2020,6098.85
141988657608792496,1390,5,44540,8,2020,7311.63
141988657608792496,1390,5,44540,9,2020,8664.05
141988657608792496,1390,5,44540,10,2020,4946.87
141988657608792496,1390,5,44540,11,2020,1767.2
141988657608792496,1390,5,44540,12,2020,192.82
1419999787247943680,3896,4,38854,1,2020,6959.79
1419999787247943680,3896,4,38854,2,2020,7647.12
1419999787247943680,3896,4,38854,3,2020,8929.4
1419999787247943680,3896,4,38854,4,2020,12380.75
1419999787247943680,3896,4,38854,5,2020,15482.57
1419999787247943680,3896,4,38854,6,2020,14094.16
1419999787247943680,3896,4,38854,7,2020,16551.1
1419999787247943680,3896,4,38854,8,2020,15382.73
1419999787247943680,3896,4,38854,9,2020,20389.49
1419999787247943680,3896,4,38854,10,2020,25187.94
1419999787247943680,3896,4,38854,11,2020,27697.49
1419999787247943680,3896,4,38854,12,2020,21008.8
1421258948797699072,6147,2,16874,1,2020,548.22
1421258948797699072,6147,2,16874,2,2020,3995.5
1421258948797699072,6147,2,16874,3,2020,11154.23
1421258948797699072,6147,2,16874,4,2020,14194.75
1421258948797699072,6147,2,16874,5,2020,17034.19
1421258948797699072,6147,2,16874,6,2020,7951.36
1421258948797699072,6147,2,16874,7,2020,4304.37
1421258948797699072,6147,2,16874,8,2020,-2847.44
1421258948797699072,6147,2,16874,9,2020,463.76
1421258948797699072,6147,2,16874,10,2020,2851.55
1421258948797699072,6147,2,16874,11,2020,6721.2
1421258948797699072,6147,2,16874,12,2020,9654.94
1422730352963620608,6554,1,1188,1,2020,6231.29
1422730352963620608,6554,1,1188,2,2020,-1677.59
1422730352963620608,6554,1,1188,3,2020,-8097.06
1422730352963620608,6554,1,1188,4,2020,-1602.27
1422730352963620608,6554,1,1188,5,2020,-2878.49
1422730352963620608,6554,1,1188,6,2020,-2442.07
1422730352963620608,6554,1,1188,7,2020,-5272.83
1422730352963620608,6554,1,1188,8,2020,-1941.12
1422730352963620608,6554,1,1188,9,2020,2403.65
1422730352963620608,6554,1,1188,10,2020,-3624.11
1422730352963620608,6554,1,1188,11,2020,-12650.89
1422730352963620608,6554,1,1188,12,2020,-7863.16
1423219004881648640,176,7,24038,1,2020,-751.19
1423219004881648640,176,7,24038,2,2020,402.02
1423219004881648640,176,7,24038,3,2020,1441.51
1423219004881648640,176,7,24038,4,2020,-10577.22
1423219004881648640,176,7,24038,5,2020,-14837.42
1423219004881648640,176,7,24038,6,2020,-12338.26
1423219004881648640,176,7,24038,7,2020,-9800.67
1423219004881648640,176,7,24038,8,2020,-8685.29
1423219004881648640,176,7,24038,9,2020,-8762.15
1423219004881648640,176,7,24038,10,2020,-6311.06
1423219004881648640,176,7,24038,11,2020,1288.77
1423219004881648640,176,7,24038,12,2020,-292.54
1424846277912245760,8812,2,26352,1,2020,3787.58
1424846277912245760,8812,2,26352,2,2020,6669.62
1424846277912245760,8812,2,26352,3,2020,-783.55
1424846277912245760,8812,2,26352,4,2020,4211.76
1424846277912245760,8812,2,26352,5,2020,-3785.07
1424846277912245760,8812,2,26352,6,2020,-12697.49
1424846277912245760,8812,2,26352,7,2020,-10104.93
1424846277912245760,8812,2,26352,8,2020,-6509.58
1424846277912245760,8812,2,26352,9,2020,-6710.05
1424846277912245760,8812,2,26352,10,2020,-3925.17
1424846277912245760,8812,2,26352,11,2020,-606.04
1424846277912245760,8812,2,26352,12,2020,-3615.57
1424880170623528192,9075,4,33870,1,2020,5754.14
1424880170623528192,9075,4,33870,2,2020,5692.94
1424880170623528192,9075,4,33870,3,2020,10736.56
1424880170623528192,9075,4,33870,4,2020,6444.41
1424880170623528192,9075,4,33870,5,2020,6968.86
1424880170623528192,9075,4,33870,6,2020,6399.17
1424880170623528192,9075,4,33870,7,2020,6197.91
1424880170623528192,9075,4,33870,8,2020,1577.74
1424880170623528192,9075,4,33870,9,2020,3413.92
1424880170623528192,9075,4,33870,10,2020,-1517.85
1424880170623528192,9075,4,33870,11,2020,-1125.26
1424880170623528192,9075,4,33870,12,2020,-3859.26
1426797317465988608,8965,5,88388,1,2020,2653.53
1426797317465988608,8965,5,88388,2,2020,2496.04
1426797317465988608,8965,5,88388,3,2020,-92.3
1426797317465988608,8965,5,88388,4,2020,3318.7
1426797317465988608,8965,5,88388,5,2020,2299.09
1426797317465988608,8965,5,88388,6,2020,3130.63
1426797317465988608,8965,5,88388,7,2020,5765.29
1426797317465988608,8965,5,88388,8,2020,5765.29
1426797317465988608,8965,5,88388,9,2020,4124.19
1426797317465988608,8965,5,88388,10,2020,4124.19
1426797317465988608,8965,5,88388,11,2020,4124.19
1426797317465988608,8965,5,88388,12,2020,4629.22
1426920379439800320,1974,7,1114,1,2020,3572.56
1426920379439800320,1974,7,1114,2,2020,6248.32
1426920379439800320,1974,7,1114,3,2020,-2192.14
1426920379439800320,1974,7,1114,4,2020,-1039.36
1426920379439800320,1974,7,1114,5,2020,-972.95
1426920379439800320,1974,7,1114,6,2020,-5720.68
1426920379439800320,1974,7,1114,7,2020,-5240.94
1426920379439800320,1974,7,1114,8,2020,-10101.76
1426920379439800320,1974,7,1114,9,2020,-11045.87
1426920379439800320,1974,7,1114,10,2020,-5646.69
1426920379439800320,1974,7,1114,11,2020,-9021.33
1426920379439800320,1974,7,1114,12,2020,-9740.61
1427506329223202304,5815,9,88215,1,2020,-4088.53
1427506329223202304,5815,9,88215,2,2020,-2650.46
1427506329223202304,5815,9,88215,3,2020,-2490.94
1427506329223202304,5815,9,88215,4,2020,2113.53
1427506329223202304,5815,9,88215,5,2020,-11225.37
1427506329223202304,5815,9,88215,6,2020,-11686.29
1427506329223202304,5815,9,88215,7,2020,-2279.57
1427506329223202304,5815,9,88215,8,2020,-4134.55
1427506329223202304,5815,9,88215,9,2020,3540.26
1427506329223202304,5815,9,88215,10,2020,4764.92
1427506329223202304,5815,9,88215,11,2020,2274.42
1427506329223202304,5815,9,88215,12,2020,8437.86
1429551243963490560,2812,4,32062,1,2020,-877.61
1429551243963490560,2812,4,32062,2,2020,4329.23
1429551243963490560,2812,4,32062,3,2020,3848.11
1429551243963490560,2812,4,32062,4,2020,91.48
1429551243963490560,2812,4,32062,5,2020,-2598.18
1429551243963490560,2812,4,32062,6,2020,383.39
1429551243963490560,2812,4,32062,7,2020,2859.89
1429551243963490560,2812,4,32062,8,2020,13023.17
1429551243963490560,2812,4,32062,9,2020,14143.34
1429551243963490560,2812,4,32062,10,2020,14340.19
1429551243963490560,2812,4,32062,11,2020,12503.4
1429551243963490560,2812,4,32062,12,2020,7959.85
1433171499450532608,8537,8,51828,1,2020,-386.5
1433171499450532608,8537,8,51828,2,2020,392.38
1433171499450532608,8537,8,51828,3,2020,-2319.17
1433171499450532608,8537,8,51828,4,2020,-3727.92
1433171499450532608,8537,8,51828,5,2020,-5519.96
1433171499450532608,8537,8,51828,6,2020,-8190.68
1433171499450532608,8537,8,51828,7,2020,-9216.16
1433171499450532608,8537,8,51828,8,2020,-8538.03
1433171499450532608,8537,8,51828,9,2020,-6881.79
1433171499450532608,8537,8,51828,10,2020,-961.86
1433171499450532608,8537,8,51828,11,2020,-1475.82
1433171499450532608,8537,8,51828,12,2020,-2115.8
1433942275821296384,9161,3,47219,1,2020,-3710.8
1433942275821296384,9161,3,47219,2,2020,-3533.4
1433942275821296384,9161,3,47219,3,2020,-11064.02
1433942275821296384,9161,3,47219,4,2020,-14899.51
1433942275821296384,9161,3,47219,5,2020,-9687.36
1433942275821296384,9161,3,47219,6,2020,-5148.03
1433942275821296384,9161,3,47219,7,2020,-8186.59
1433942275821296384,9161,3,47219,8,2020,-2012.92
1433942275821296384,9161,3,47219,9,2020,-7231.04
1433942275821296384,9161,3,47219,10,2020,-2133.28
1433942275821296384,9161,3,47219,11,2020,-1618.43
1433942275821296384,9161,3,47219,12,2020,399.58
1434203263498683904,8409,5,59705,1,2020,-4483.88
1434203263498683904,8409,5,59705,2,2020,-895.72
1434203263498683904,8409,5,59705,3,2020,154.61
1434203263498683904,8409,5,59705,4,2020,-3988.42
1434203263498683904,8409,5,59705,5,2020,-4126.66
1434203263498683904,8409,5,59705,6,2020,4293.88
1434203263498683904,8409,5,59705,7,2020,2631.21
1434203263498683904,8409,5,59705,8,2020,-7902.63
1434203263498683904,8409,5,59705,9,2020,-8464.72
1434203263498683904,8409,5,59705,10,2020,-11263.1
1434203263498683904,8409,5,59705,11,2020,-12213.97
1434203263498683904,8409,5,59705,12,2020,-8602.58
1434376877102618368,2270,9,99179,1,2020,3810.57
1434376877102618368,2270,9,99179,2,2020,3299.96
1434376877102618368,2270,9,99179,3,2020,3979.22
1434376877102618368,2270,9,99179,4,2020,8062.97
1434376877102618368,2270,9,99179,5,2020,7434.24
1434376877102618368,2270,9,99179,6,2020,11330.5
1434376877102618368,2270,9,99179,7,2020,16719.94
1434376877102618368,2270,9,99179,8,2020,18880.28
1434376877102618368,2270,9,99179,9,2020,22211.96
1434376877102618368,2270,9,99179,10,2020,22884.4
1434376877102618368,2270,9,99179,11,2020,20169.36
1434376877102618368,2270,9,99179,12,2020,16810.06
1434453903689645824,1661,5,81070,1,2020,591.17
1434453903689645824,1661,5,81070,2,2020,-2579.12
1434453903689645824,1661,5,81070,3,2020,-5317.53
1434453903689645824,1661,5,81070,4,2020,-2248.87
1434453903689645824,1661,5,81070,5,2020,-5081.78
1434453903689645824,1661,5,81070,6,2020,-5463.96
1434453903689645824,1661,5,81070,7,2020,-13013.68
1434453903689645824,1661,5,81070,8,2020,-8571.11
1434453903689645824,1661,5,81070,9,2020,-2763.5
1434453903689645824,1661,5,81070,10,2020,-9173.77
1434453903689645824,1661,5,81070,11,2020,-2161.0
1434453903689645824,1661,5,81070,12,2020,855.9
1435655754043223552,8190,2,30167,1,2020,2559.73
1435655754043223552,8190,2,30167,2,2020,10172.64
1435655754043223552,8190,2,30167,3,2020,10984.08
1435655754043223552,8190,2,30167,4,2020,11857.63
1435655754043223552,8190,2,30167,5,2020,10378.64
1435655754043223552,8190,2,30167,6,2020,7333.97
1435655754043223552,8190,2,30167,7,2020,5511.68
1435655754043223552,8190,2,30167,8,2020,7921.35
1435655754043223552,8190,2,30167,9,2020,8676.18
1435655754043223552,8190,2,30167,10,2020,13562.18
1435655754043223552,8190,2,30167,11,2020,16619.29
1435655754043223552,8190,2,30167,12,2020,18481.35
1435819488134744576,7273,6,99133,1,2020,-2865.3
1435819488134744576,7273,6,99133,2,2020,-514.43
1435819488134744576,7273,6,99133,3,2020,2757.38
1435819488134744576,7273,6,99133,4,2020,-1634.77
1435819488134744576,7273,6,99133,5,2020,-1981.3
1435819488134744576,7273,6,99133,6,2020,614.5
1435819488134744576,7273,6,99133,7,2020,4069.11
1435819488134744576,7273,6,99133,8,2020,5746.87
1435819488134744576,7273,6,99133,9,2020,1677.13
1435819488134744576,7273,6,99133,10,2020,782.56
