228065570433614496,946,4,89661,4,2020,3451.99
228065570433614496,946,4,89661,5,2020,4714.1
228065570433614496,946,4,89661,6,2020,6618.65
228065570433614496,946,4,89661,7,2020,9777.1
228065570433614496,946,4,89661,8,2020,8993.47
228065570433614496,946,4,89661,9,2020,6451.02
228065570433614496,946,4,89661,10,2020,11804.66
228065570433614496,946,4,89661,11,2020,16478.84
228065570433614496,946,4,89661,12,2020,14586.42
2282948755213666816,5706,4,58114,1,2020,1831.46
2282948755213666816,5706,4,58114,2,2020,142.17
2282948755213666816,5706,4,58114,3,2020,-2058.66
2282948755213666816,5706,4,58114,4,2020,-3905.2
2282948755213666816,5706,4,58114,5,2020,-5916.55
2282948755213666816,5706,4,58114,6,2020,-10496.32
2282948755213666816,5706,4,58114,7,2020,-5753.24
2282948755213666816,5706,4,58114,8,2020,-2986.99
2282948755213666816,5706,4,58114,9,2020,-1265.76
2282948755213666816,5706,4,58114,10,2020,804.1
2282948755213666816,5706,4,58114,11,2020,2589.74
2282948755213666816,5706,4,58114,12,2020,-613.1
22831044469048256,3790,2,9696,1,2020,5097.38
22831044469048256,3790,2,9696,2,2020,3083.59
22831044469048256,3790,2,9696,3,2020,4453.72
22831044469048256,3790,2,9696,4,2020,5228.5
22831044469048256,3790,2,9696,5,2020,15305.83
22831044469048256,3790,2,9696,6,2020,16623.52
22831044469048256,3790,2,9696,7,2020,12917.49
22831044469048256,3790,2,9696,8,2020,8845.61
22831044469048256,3790,2,9696,9,2020,9096.32
22831044469048256,3790,2,9696,10,2020,11174.36
22831044469048256,3790,2,9696,11,2020,12075.6
22831044469048256,3790,2,9696,12,2020,12059.65
2283519560534227200,7343,7,9789,1,2020,-1556.56
2283519560534227200,7343,7,9789,2,2020,-3378.42
2283519560534227200,7343,7,9789,3,2020,-2168.14
2283519560534227200,7343,7,9789,4,2020,-1029.41
2283519560534227200,7343,7,9789,5,2020,-4125.52
2283519560534227200,7343,7,9789,6,2020,-233.14
2283519560534227200,7343,7,9789,7,2020,-2323.21
2283519560534227200,7343,7,9789,8,2020,-6908.36
2283519560534227200,7343,7,9789,9,2020,-5191.55
2283519560534227200,7343,7,9789,10,2020,-4480.14
2283519560534227200,7343,7,9789,11,2020,-4201.45
2283519560534227200,7343,7,9789,12,2020,-7859.07
2283821682958408704,2785,7,76638,1,2020,-7380.8
2283821682958408704,2785,7,76638,2,2020,-9015.8
2283821682958408704,2785,7,76638,3,2020,-12832.21
2283821682958408704,2785,7,76638,4,2020,-14112.16
2283821682958408704,2785,7,76638,5,2020,-13057.07
2283821682958408704,2785,7,76638,6,2020,-12232.83
2283821682958408704,2785,7,76638,7,2020,-17471.85
2283821682958408704,2785,7,76638,8,2020,-18041.22
2283821682958408704,2785,7,76638,9,2020,-18492.25
2283821682958408704,2785,7,76638,10,2020,-20530.82
2283821682958408704,2785,7,76638,11,2020,-21435.28
2283821682958408704,2785,7,76638,12,2020,-16598.46
228480585457552768,978,7,51782,1,2020,-3392.87
228480585457552768,978,7,51782,2,2020,177.85
228480585457552768,978,7,51782,3,2020,-1008.86
228480585457552768,978,7,51782,4,2020,-8023.07
228480585457552768,978,7,51782,5,2020,-2696.4
228480585457552768,978,7,51782,6,2020,-1013.27
228480585457552768,978,7,51782,7,2020,-1308.83
228480585457552768,978,7,51782,8,2020,2134.99
228480585457552768,978,7,51782,9,2020,5287.83
228480585457552768,978,7,51782,10,2020,6461.85
228480585457552768,978,7,51782,11,2020,5730.74
228480585457552768,978,7,51782,12,2020,14879.42
228511955072902112,3139,8,7021,1,2020,3393.33
228511955072902112,3139,8,7021,2,2020,7577.06
228511955072902112,3139,8,7021,3,2020,8439.71
228511955072902112,3139,8,7021,4,2020,8096.57
228511955072902112,3139,8,7021,5,2020,7676.54
228511955072902112,3139,8,7021,6,2020,15754.93
228511955072902112,3139,8,7021,7,2020,20461.78
228511955072902112,3139,8,7021,8,2020,21069.85
228511955072902112,3139,8,7021,9,2020,21056.13
228511955072902112,3139,8,7021,10,2020,22669.86
228511955072902112,3139,8,7021,11,2020,22783.78
228511955072902112,3139,8,7021,12,2020,22918.79
2286048572298639104,1096,6,44577,1,2020,-2235.2
2286048572298639104,1096,6,44577,2,2020,-2353.53
2286048572298639104,1096,6,44577,3,2020,-4160.34
2286048572298639104,1096,6,44577,4,2020,-1267.43
2286048572298639104,1096,6,44577,5,2020,-1815.32
2286048572298639104,1096,6,44577,6,2020,-2280.05
2286048572298639104,1096,6,44577,7,2020,-854.11
2286048572298639104,1096,6,44577,8,2020,5023.99
2286048572298639104,1096,6,44577,9,2020,10596.69
2286048572298639104,1096,6,44577,10,2020,11828.87
2286048572298639104,1096,6,44577,11,2020,10285.41
2286048572298639104,1096,6,44577,12,2020,10184.12
2286577424825441280,9785,8,57775,1,2020,-95.54
2286577424825441280,9785,8,57775,2,2020,3348.1
2286577424825441280,9785,8,57775,3,2020,5457.14
2286577424825441280,9785,8,57775,4,2020,2662.13
2286577424825441280,9785,8,57775,5,2020,3720.48
2286577424825441280,9785,8,57775,6,2020,-73.34
2286577424825441280,9785,8,57775,7,2020,-1347.75
2286577424825441280,9785,8,57775,8,2020,-4021.15
2286577424825441280,9785,8,57775,9,2020,-7272.11
2286577424825441280,9785,8,57775,10,2020,-7841.08
2286577424825441280,9785,8,57775,11,2020,-5078.55
2286577424825441280,9785,8,57775,12,2020,-2561.06
2286936510519522816,4551,0,96971,1,2020,172.91
2286936510519522816,4551,0,96971,2,2020,5276.18
2286936510519522816,4551,0,96971,3,2020,6933.18
2286936510519522816,4551,0,96971,4,2020,10390.47
2286936510519522816,4551,0,96971,5,2020,10023.7
2286936510519522816,4551,0,96971,6,2020,1197.31
2286936510519522816,4551,0,96971,7,2020,8085.16
2286936510519522816,4551,0,96971,8,2020,8456.84
2286936510519522816,4551,0,96971,9,2020,-643.75
2286936510519522816,4551,0,96971,10,2020,1176.41
2286936510519522816,4551,0,96971,11,2020,1892.56
2286936510519522816,4551,0,96971,12,2020,152.8
2287273727475731968,7140,4,4030,1,2020,0.0
2287273727475731968,7140,4,4030,2,2020,0.0
2287273727475731968,7140,4,4030,3,2020,-283.92
2287273727475731968,7140,4,4030,4,2020,-283.92
2287273727475731968,7140,4,4030,5,2020,-283.92
2287273727475731968,7140,4,4030,6,2020,-283.92
2287273727475731968,7140,4,4030,7,2020,-1004.95
2287273727475731968,7140,4,4030,8,2020,-1004.95
2287273727475731968,7140,4,4030,9,2020,-1004.95
2287273727475731968,7140,4,4030,10,2020,-1889.08
2287273727475731968,7140,4,4030,11,2020,-1385.86
2287273727475731968,7140,4,4030,12,2020,-1385.86
2289291147648721408,1821,0,32785,1,2020,4131.72
2289291147648721408,1821,0,32785,2,2020,-794.92
2289291147648721408,1821,0,32785,3,2020,1816.35
2289291147648721408,1821,0,32785,4,2020,1610.1
2289291147648721408,1821,0,32785,5,2020,-1784.52
2289291147648721408,1821,0,32785,6,2020,-2612.82
2289291147648721408,1821,0,32785,7,2020,12573.96
2289291147648721408,1821,0,32785,8,2020,13684.03
2289291147648721408,1821,0,32785,9,2020,22818.8
2289291147648721408,1821,0,32785,10,2020,22142.29
2289291147648721408,1821,0,32785,11,2020,24110.24
2289291147648721408,1821,0,32785,12,2020,27714.63
2289672585280577280,4989,2,1013,1,2020,-5234.31
2289672585280577280,4989,2,1013,2,2020,-9584.93
2289672585280577280,4989,2,1013,3,2020,-5729.43
2289672585280577280,4989,2,1013,4,2020,-8977.58
2289672585280577280,4989,2,1013,5,2020,-15669.24
2289672585280577280,4989,2,1013,6,2020,-17695.5
2289672585280577280,4989,2,1013,7,2020,-20523.4
2289672585280577280,4989,2,1013,8,2020,-27483.0
2289672585280577280,4989,2,1013,9,2020,-27366.07
2289672585280577280,4989,2,1013,10,2020,-27921.25
2289672585280577280,4989,2,1013,11,2020,-31049.3
2289672585280577280,4989,2,1013,12,2020,-29177.26
2290164923911536384,8999,4,93858,1,2020,0.0
2290164923911536384,8999,4,93858,2,2020,0.0
2290164923911536384,8999,4,93858,3,2020,2372.66
2290164923911536384,8999,4,93858,4,2020,2383.35
2290164923911536384,8999,4,93858,5,2020,1149.57
2290164923911536384,8999,4,93858,6,2020,1149.57
2290164923911536384,8999,4,93858,7,2020,803.63
2290164923911536384,8999,4,93858,8,2020,-2183.2
2290164923911536384,8999,4,93858,9,2020,-2183.2
2290164923911536384,8999,4,93858,10,2020,-1036.76
2290164923911536384,8999,4,93858,11,2020,-1036.76
2290164923911536384,8999,4,93858,12,2020,-255.16
2291901824435565568,3371,7,25644,1,2020,-742.88
2291901824435565568,3371,7,25644,2,2020,-4333.49
2291901824435565568,3371,7,25644,3,2020,-5084.37
2291901824435565568,3371,7,25644,4,2020,-4062.82
2291901824435565568,3371,7,25644,5,2020,-5468.09
2291901824435565568,3371,7,25644,6,2020,-6252.55
2291901824435565568,3371,7,25644,7,2020,-6866.88
2291901824435565568,3371,7,25644,8,2020,-5192.61
2291901824435565568,3371,7,25644,9,2020,-355.4
2291901824435565568,3371,7,25644,10,2020,-2274.33
2291901824435565568,3371,7,25644,11,2020,-1754.17
2291901824435565568,3371,7,25644,12,2020,31.54
2292289988461508096,4000,1,84381,1,2020,-4097.13
2292289988461508096,4000,1,84381,2,2020,-1949.24
2292289988461508096,4000,1,84381,3,2020,-9613.95
2292289988461508096,4000,1,84381,4,2020,-3176.17
2292289988461508096,4000,1,84381,5,2020,-1990.38
2292289988461508096,4000,1,84381,6,2020,3653.96
2292289988461508096,4000,1,84381,7,2020,6636.35
2292289988461508096,4000,1,84381,8,2020,-6.86
2292289988461508096,4000,1,84381,9,2020,3666.07
2292289988461508096,4000,1,84381,10,2020,9101.26
2292289988461508096,4000,1,84381,11,2020,13150.59
2292289988461508096,4000,1,84381,12,2020,12584.16
2292329323055182336,6926,3,37246,1,2020,2604.01
2292329323055182336,6926,3,37246,2,2020,1215.87
2292329323055182336,6926,3,37246,3,2020,4993.45
2292329323055182336,6926,3,37246,4,2020,-462.69
2292329323055182336,6926,3,37246,5,2020,5816.35
2292329323055182336,6926,3,37246,6,2020,2192.32
2292329323055182336,6926,3,37246,7,2020,6474.23
2292329323055182336,6926,3,37246,8,2020,7975.87
2292329323055182336,6926,3,37246,9,2020,12995.03
2292329323055182336,6926,3,37246,10,2020,15714.37
2292329323055182336,6926,3,37246,11,2020,18676.76
2292329323055182336,6926,3,37246,12,2020,21864.93
2292594730246765824,3949,4,18737,1,2020,-264.74
2292594730246765824,3949,4,18737,2,2020,4267.09
2292594730246765824,3949,4,18737,3,2020,5279.18
2292594730246765824,3949,4,18737,4,2020,11113.6
2292594730246765824,3949,4,18737,5,2020,5261.16
2292594730246765824,3949,4,18737,6,2020,7324.98
2292594730246765824,3949,4,18737,7,2020,12873.93
2292594730246765824,3949,4,18737,8,2020,19249.36
2292594730246765824,3949,4,18737,9,2020,25119.58
2292594730246765824,3949,4,18737,10,2020,24796.09
2292594730246765824,3949,4,18737,11,2020,23003.07
2292594730246765824,3949,4,18737,12,2020,28467.41
229439519458087456,1579,7,4372,1,2020,7125.94
229439519458087456,1579,7,4372,2,2020,-5531.25
229439519458087456,1579,7,4372,3,2020,-3054.44
229439519458087456,1579,7,4372,4,2020,-7175.87
229439519458087456,1579,7,4372,5,2020,-10814.22
229439519458087456,1579,7,4372,6,2020,-11723.02
229439519458087456,1579,7,4372,7,2020,4032.83
229439519458087456,1579,7,4372,8,2020,8988.07
229439519458087456,1579,7,4372,9,2020,11532.47
229439519458087456,1579,7,4372,10,2020,24982.37
229439519458087456,1579,7,4372,11,2020,22901.81
229439519458087456,1579,7,4372,12,2020,21754.17
2295041003909846784,7966,6,69723,1,2020,2108.52
2295041003909846784,7966,6,69723,2,2020,9082.91
2295041003909846784,7966,6,69723,3,2020,15944.57
2295041003909846784,7966,6,69723,4,2020,22434.84
2295041003909846784,7966,6,69723,5,2020,26627.64
2295041003909846784,7966,6,69723,6,2020,22795.96
2295041003909846784,7966,6,69723,7,2020,21562.95
2295041003909846784,7966,6,69723,8,2020,17380.64
2295041003909846784,7966,6,69723,9,2020,6442.35
2295041003909846784,7966,6,69723,10,2020,8595.52
2295041003909846784,7966,6,69723,11,2020,11948.86
2295041003909846784,7966,6,69723,12,2020,11513.75
229661046079442816,8901,0,29953,1,2020,-1406.32
229661046079442816,8901,0,29953,2,2020,3740.58
229661046079442816,8901,0,29953,3,2020,2523.56
