1871781553349288960,514,3,90874,4,2020,-4067.88
1871781553349288960,514,3,90874,5,2020,789.46
1871781553349288960,514,3,90874,6,2020,956.39
1871781553349288960,514,3,90874,7,2020,4525.91
1871781553349288960,514,3,90874,8,2020,3735.7
1871781553349288960,514,3,90874,9,2020,2991.17
1871781553349288960,514,3,90874,10,2020,-5318.38
1871781553349288960,514,3,90874,11,2020,-544.63
1871781553349288960,514,3,90874,12,2020,-2349.4
1872483166043110144,1351,9,86194,1,2020,-2598.15
1872483166043110144,1351,9,86194,2,2020,-5972.77
1872483166043110144,1351,9,86194,3,2020,-9221.07
1872483166043110144,1351,9,86194,4,2020,-14315.69
1872483166043110144,1351,9,86194,5,2020,-19096.02
1872483166043110144,1351,9,86194,6,2020,-18385.61
1872483166043110144,1351,9,86194,7,2020,-8991.75
1872483166043110144,1351,9,86194,8,2020,-7147.25
1872483166043110144,1351,9,86194,9,2020,-3949.66
1872483166043110144,1351,9,86194,10,2020,4964.99
1872483166043110144,1351,9,86194,11,2020,2970.74
1872483166043110144,1351,9,86194,12,2020,8167.11
1872499131252908032,8399,7,83823,1,2020,2847.75
1872499131252908032,8399,7,83823,2,2020,4719.24
1872499131252908032,8399,7,83823,3,2020,-1079.57
1872499131252908032,8399,7,83823,4,2020,597.57
1872499131252908032,8399,7,83823,5,2020,1452.8
1872499131252908032,8399,7,83823,6,2020,-6227.91
1872499131252908032,8399,7,83823,7,2020,-12206.62
1872499131252908032,8399,7,83823,8,2020,-15248.29
1872499131252908032,8399,7,83823,9,2020,-10127.84
1872499131252908032,8399,7,83823,10,2020,-12251.54
1872499131252908032,8399,7,83823,11,2020,-3176.71
1872499131252908032,8399,7,83823,12,2020,2599.21
1872886952686863104,693,4,33087,1,2020,1043.53
1872886952686863104,693,4,33087,2,2020,4625.98
1872886952686863104,693,4,33087,3,2020,6807.47
1872886952686863104,693,4,33087,4,2020,4520.87
1872886952686863104,693,4,33087,5,2020,6481.35
1872886952686863104,693,4,33087,6,2020,7027.23
1872886952686863104,693,4,33087,7,2020,8011.91
1872886952686863104,693,4,33087,8,2020,13635.81
1872886952686863104,693,4,33087,9,2020,10202.08
1872886952686863104,693,4,33087,10,2020,8892.57
1872886952686863104,693,4,33087,11,2020,11847.3
1872886952686863104,693,4,33087,12,2020,13426.31
1873691140900858112,626,9,81856,1,2020,-10452.6
1873691140900858112,626,9,81856,2,2020,-11870.68
1873691140900858112,626,9,81856,3,2020,-9205.78
1873691140900858112,626,9,81856,4,2020,-13990.25
1873691140900858112,626,9,81856,5,2020,-21316.07
1873691140900858112,626,9,81856,6,2020,-26212.89
1873691140900858112,626,9,81856,7,2020,-20793.28
1873691140900858112,626,9,81856,8,2020,-19561.7
1873691140900858112,626,9,81856,9,2020,-21878.66
1873691140900858112,626,9,81856,10,2020,-22673.08
1873691140900858112,626,9,81856,11,2020,-25073.34
1873691140900858112,626,9,81856,12,2020,-19044.62
1873971226840898304,6887,2,63530,1,2020,-2472.16
1873971226840898304,6887,2,63530,2,2020,1817.02
1873971226840898304,6887,2,63530,3,2020,6966.07
1873971226840898304,6887,2,63530,4,2020,12209.44
1873971226840898304,6887,2,63530,5,2020,18227.32
1873971226840898304,6887,2,63530,6,2020,17442.86
1873971226840898304,6887,2,63530,7,2020,10270.91
1873971226840898304,6887,2,63530,8,2020,18929.68
1873971226840898304,6887,2,63530,9,2020,17092.21
1873971226840898304,6887,2,63530,10,2020,16542.06
1873971226840898304,6887,2,63530,11,2020,19911.62
1873971226840898304,6887,2,63530,12,2020,14968.45
1874227776893666816,3494,1,19350,1,2020,-2990.99
1874227776893666816,3494,1,19350,2,2020,-1900.73
1874227776893666816,3494,1,19350,3,2020,-6710.59
1874227776893666816,3494,1,19350,4,2020,-5611.46
1874227776893666816,3494,1,19350,5,2020,2856.42
1874227776893666816,3494,1,19350,6,2020,7803.69
1874227776893666816,3494,1,19350,7,2020,3394.59
1874227776893666816,3494,1,19350,8,2020,760.99
1874227776893666816,3494,1,19350,9,2020,2929.99
1874227776893666816,3494,1,19350,10,2020,644.49
1874227776893666816,3494,1,19350,11,2020,6147.72
1874227776893666816,3494,1,19350,12,2020,6199.89
1875041885910718720,4407,6,21194,1,2020,-755.97
1875041885910718720,4407,6,21194,2,2020,-5026.97
1875041885910718720,4407,6,21194,3,2020,-4812.02
1875041885910718720,4407,6,21194,4,2020,-6403.96
1875041885910718720,4407,6,21194,5,2020,-10543.36
1875041885910718720,4407,6,21194,6,2020,-7157.45
1875041885910718720,4407,6,21194,7,2020,-7136.24
1875041885910718720,4407,6,21194,8,2020,-9826.72
1875041885910718720,4407,6,21194,9,2020,-19534.81
1875041885910718720,4407,6,21194,10,2020,-17682.27
1875041885910718720,4407,6,21194,11,2020,-19181.76
1875041885910718720,4407,6,21194,12,2020,-15980.82
1876494230858169088,2667,1,18294,1,2020,-2329.13
1876494230858169088,2667,1,18294,2,2020,4498.06
1876494230858169088,2667,1,18294,3,2020,1725.9
1876494230858169088,2667,1,18294,4,2020,-1539.98
1876494230858169088,2667,1,18294,5,2020,-5043.71
1876494230858169088,2667,1,18294,6,2020,-10044.7
1876494230858169088,2667,1,18294,7,2020,-9722.94
1876494230858169088,2667,1,18294,8,2020,-14947.44
1876494230858169088,2667,1,18294,9,2020,-5365.94
1876494230858169088,2667,1,18294,10,2020,-5991.45
1876494230858169088,2667,1,18294,11,2020,-8745.74
1876494230858169088,2667,1,18294,12,2020,-11717.78
1876610313286073088,644,6,35763,1,2020,-1627.01
1876610313286073088,644,6,35763,2,2020,-305.39
1876610313286073088,644,6,35763,3,2020,-10850.83
1876610313286073088,644,6,35763,4,2020,-8586.1
1876610313286073088,644,6,35763,5,2020,-12547.15
1876610313286073088,644,6,35763,6,2020,-12858.83
1876610313286073088,644,6,35763,7,2020,-17293.62
1876610313286073088,644,6,35763,8,2020,-20923.85
1876610313286073088,644,6,35763,9,2020,-19247.97
1876610313286073088,644,6,35763,10,2020,-22596.27
1876610313286073088,644,6,35763,11,2020,-24328.53
1876610313286073088,644,6,35763,12,2020,-22752.19
1876649798260181504,2781,3,88202,1,2020,4592.28
1876649798260181504,2781,3,88202,2,2020,6124.88
1876649798260181504,2781,3,88202,3,2020,10781.85
1876649798260181504,2781,3,88202,4,2020,16087.78
1876649798260181504,2781,3,88202,5,2020,10683.54
1876649798260181504,2781,3,88202,6,2020,4495.9
1876649798260181504,2781,3,88202,7,2020,708.06
1876649798260181504,2781,3,88202,8,2020,8451.23
1876649798260181504,2781,3,88202,9,2020,14934.84
1876649798260181504,2781,3,88202,10,2020,18395.24
1876649798260181504,2781,3,88202,11,2020,24499.38
1876649798260181504,2781,3,88202,12,2020,21888.96
1877445439615011072,3793,9,86457,1,2020,3524.78
1877445439615011072,3793,9,86457,2,2020,9745.2
1877445439615011072,3793,9,86457,3,2020,6736.23
1877445439615011072,3793,9,86457,4,2020,9159.78
1877445439615011072,3793,9,86457,5,2020,8732.23
1877445439615011072,3793,9,86457,6,2020,12149.11
1877445439615011072,3793,9,86457,7,2020,11684.96
1877445439615011072,3793,9,86457,8,2020,16650.39
1877445439615011072,3793,9,86457,9,2020,13449.62
1877445439615011072,3793,9,86457,10,2020,6202.98
1877445439615011072,3793,9,86457,11,2020,-8.29
1877445439615011072,3793,9,86457,12,2020,1433.14
1877588372665284608,6493,1,64789,1,2020,3244.47
1877588372665284608,6493,1,64789,2,2020,-2905.88
1877588372665284608,6493,1,64789,3,2020,-9024.17
1877588372665284608,6493,1,64789,4,2020,-6835.91
1877588372665284608,6493,1,64789,5,2020,-8931.02
1877588372665284608,6493,1,64789,6,2020,-8472.9
1877588372665284608,6493,1,64789,7,2020,-13310.88
1877588372665284608,6493,1,64789,8,2020,-8528.93
1877588372665284608,6493,1,64789,9,2020,-9689.86
1877588372665284608,6493,1,64789,10,2020,-9239.21
1877588372665284608,6493,1,64789,11,2020,-14089.46
1877588372665284608,6493,1,64789,12,2020,-14719.09
1878276191219499264,6417,7,27119,1,2020,-2926.64
1878276191219499264,6417,7,27119,2,2020,-2401.68
1878276191219499264,6417,7,27119,3,2020,-3282.45
1878276191219499264,6417,7,27119,4,2020,-6854.3
1878276191219499264,6417,7,27119,5,2020,-11194.69
1878276191219499264,6417,7,27119,6,2020,-11553.37
1878276191219499264,6417,7,27119,7,2020,-7804.15
1878276191219499264,6417,7,27119,8,2020,-4269.63
1878276191219499264,6417,7,27119,9,2020,-5814.96
1878276191219499264,6417,7,27119,10,2020,171.72
1878276191219499264,6417,7,27119,11,2020,-13.96
1878276191219499264,6417,7,27119,12,2020,-697.92
1879164390211726592,1168,9,71303,1,2020,-0.77
1879164390211726592,1168,9,71303,2,2020,105.26
1879164390211726592,1168,9,71303,3,2020,134.15
1879164390211726592,1168,9,71303,4,2020,-4895.53
1879164390211726592,1168,9,71303,5,2020,-8254.75
1879164390211726592,1168,9,71303,6,2020,-10842.56
1879164390211726592,1168,9,71303,7,2020,-9473.34
1879164390211726592,1168,9,71303,8,2020,-9990.56
1879164390211726592,1168,9,71303,9,2020,-10795.8
1879164390211726592,1168,9,71303,10,2020,-13425.68
1879164390211726592,1168,9,71303,11,2020,-12012.74
1879164390211726592,1168,9,71303,12,2020,-11445.05
1881804685277733376,8129,3,58790,1,2020,1012.21
1881804685277733376,8129,3,58790,2,2020,-133.19
1881804685277733376,8129,3,58790,3,2020,-3674.2
1881804685277733376,8129,3,58790,4,2020,-3112.6
1881804685277733376,8129,3,58790,5,2020,-641.8
1881804685277733376,8129,3,58790,6,2020,-8456.61
1881804685277733376,8129,3,58790,7,2020,-15749.53
1881804685277733376,8129,3,58790,8,2020,-23981.56
1881804685277733376,8129,3,58790,9,2020,-22536.7
1881804685277733376,8129,3,58790,10,2020,-24799.23
1881804685277733376,8129,3,58790,11,2020,-16328.44
1881804685277733376,8129,3,58790,12,2020,-11354.82
1883680488066535168,8318,1,73589,1,2020,-2813.06
1883680488066535168,8318,1,73589,2,2020,253.94
1883680488066535168,8318,1,73589,3,2020,253.94
1883680488066535168,8318,1,73589,4,2020,253.94
1883680488066535168,8318,1,73589,5,2020,-806.71
1883680488066535168,8318,1,73589,6,2020,-806.71
1883680488066535168,8318,1,73589,7,2020,-2641.79
1883680488066535168,8318,1,73589,8,2020,-2641.79
1883680488066535168,8318,1,73589,9,2020,-1337.92
1883680488066535168,8318,1,73589,10,2020,-1337.92
1883680488066535168,8318,1,73589,11,2020,-1337.92
1883680488066535168,8318,1,73589,12,2020,460.22
1884860960166862080,7923,4,79207,1,2020,0.0
1884860960166862080,7923,4,79207,2,2020,0.0
1884860960166862080,7923,4,79207,3,2020,0.0
1884860960166862080,7923,4,79207,4,2020,838.22
1884860960166862080,7923,4,79207,5,2020,-492.8
1884860960166862080,7923,4,79207,6,2020,181.03
1884860960166862080,7923,4,79207,7,2020,181.03
1884860960166862080,7923,4,79207,8,2020,181.03
1884860960166862080,7923,4,79207,9,2020,181.03
1884860960166862080,7923,4,79207,10,2020,181.03
1884860960166862080,7923,4,79207,11,2020,-1253.39
1884860960166862080,7923,4,79207,12,2020,-3119.06
1885279313737253120,1597,5,94969,1,2020,0.0
1885279313737253120,1597,5,94969,2,2020,3699.32
1885279313737253120,1597,5,94969,3,2020,2305.41
1885279313737253120,1597,5,94969,4,2020,5757.96
1885279313737253120,1597,5,94969,5,2020,4318.31
1885279313737253120,1597,5,94969,6,2020,2482.57
1885279313737253120,1597,5,94969,7,2020,5622.9
1885279313737253120,1597,5,94969,8,2020,7011.93
1885279313737253120,1597,5,94969,9,2020,8087.99
1885279313737253120,1597,5,94969,10,2020,8545.57
1885279313737253120,1597,5,94969,11,2020,11296.76
1885279313737253120,1597,5,94969,12,2020,8459.33
1885622282272932864,2405,0,14986,1,2020,-2644.07
1885622282272932864,2405,0,14986,2,2020,-7291.16
1885622282272932864,2405,0,14986,3,2020,-15501.42
1885622282272932864,2405,0,14986,4,2020,-13716.22
1885622282272932864,2405,0,14986,5,2020,-15620.98
1885622282272932864,2405,0,14986,6,2020,-11193.17
1885622282272932864,2405,0,14986,7,2020,-12790.37
1885622282272932864,2405,0,14986,8,2020,-15759.36
1885622282272932864,2405,0,14986,9,2020,-20685.32
1885622282272932864,2405,0,14986,10,2020,-19852.41
1885622282272932864,2405,0,14986,11,2020,-16227.9
1885622282272932864,2405,0,14986,12,2020,-6851.32
1886226600050881280,1551,1,69480,1,2020,1112.27
1886226600050881280,1551,1,69480,2,2020,2163.61
1886226600050881280,1551,1,69480,3,2020,-1005.4
