2415263198175183872,5709,1,84007,11,2020,-2326.06
2415263198175183872,5709,1,84007,12,2020,-2140.79
2415672511310092288,952,1,11303,1,2020,2358.46
2415672511310092288,952,1,11303,2,2020,3834.13
2415672511310092288,952,1,11303,3,2020,6543.55
2415672511310092288,952,1,11303,4,2020,3571.88
2415672511310092288,952,1,11303,5,2020,1412.74
2415672511310092288,952,1,11303,6,2020,-129.11
2415672511310092288,952,1,11303,7,2020,-1972.41
2415672511310092288,952,1,11303,8,2020,1096.71
2415672511310092288,952,1,11303,9,2020,1217.94
2415672511310092288,952,1,11303,10,2020,4062.06
2415672511310092288,952,1,11303,11,2020,6915.6
2415672511310092288,952,1,11303,12,2020,7543.91
2415749686764510720,1839,1,83338,1,2020,-2478.77
2415749686764510720,1839,1,83338,2,2020,-1186.85
2415749686764510720,1839,1,83338,3,2020,10.9
2415749686764510720,1839,1,83338,4,2020,885.38
2415749686764510720,1839,1,83338,5,2020,1171.77
2415749686764510720,1839,1,83338,6,2020,4825.53
2415749686764510720,1839,1,83338,7,2020,4076.65
2415749686764510720,1839,1,83338,8,2020,4396.24
2415749686764510720,1839,1,83338,9,2020,3044.78
2415749686764510720,1839,1,83338,10,2020,3510.76
2415749686764510720,1839,1,83338,11,2020,1780.76
2415749686764510720,1839,1,83338,12,2020,4259.64
2415906080908179968,8909,7,75198,1,2020,2304.82
2415906080908179968,8909,7,75198,2,2020,2120.95
2415906080908179968,8909,7,75198,3,2020,566.7
2415906080908179968,8909,7,75198,4,2020,1058.19
2415906080908179968,8909,7,75198,5,2020,-1849.11
2415906080908179968,8909,7,75198,6,2020,389.1
2415906080908179968,8909,7,75198,7,2020,-365.26
2415906080908179968,8909,7,75198,8,2020,-521.09
2415906080908179968,8909,7,75198,9,2020,1214.31
2415906080908179968,8909,7,75198,10,2020,5758.57
2415906080908179968,8909,7,75198,11,2020,5842.23
2415906080908179968,8909,7,75198,12,2020,5157.05
2416605611009102336,4844,0,57455,1,2020,-5679.14
2416605611009102336,4844,0,57455,2,2020,-7119.08
2416605611009102336,4844,0,57455,3,2020,-7931.2
2416605611009102336,4844,0,57455,4,2020,-4838.94
2416605611009102336,4844,0,57455,5,2020,-691.17
2416605611009102336,4844,0,57455,6,2020,155.52
2416605611009102336,4844,0,57455,7,2020,-2342.31
2416605611009102336,4844,0,57455,8,2020,-1316.17
2416605611009102336,4844,0,57455,9,2020,-7121.21
2416605611009102336,4844,0,57455,10,2020,-10126.44
2416605611009102336,4844,0,57455,11,2020,-12643.88
2416605611009102336,4844,0,57455,12,2020,-12337.67
2416715648146806784,3020,6,88007,1,2020,-848.18
2416715648146806784,3020,6,88007,2,2020,-2062.79
2416715648146806784,3020,6,88007,3,2020,-3167.36
2416715648146806784,3020,6,88007,4,2020,-4947.31
2416715648146806784,3020,6,88007,5,2020,-3555.06
2416715648146806784,3020,6,88007,6,2020,-4357.59
2416715648146806784,3020,6,88007,7,2020,-9907.1
2416715648146806784,3020,6,88007,8,2020,-11550.46
2416715648146806784,3020,6,88007,9,2020,-6935.28
2416715648146806784,3020,6,88007,10,2020,-8251.43
2416715648146806784,3020,6,88007,11,2020,-6954.87
2416715648146806784,3020,6,88007,12,2020,-9788.06
2417267114354775552,744,0,31125,1,2020,1893.08
2417267114354775552,744,0,31125,2,2020,1982.89
2417267114354775552,744,0,31125,3,2020,3884.16
2417267114354775552,744,0,31125,4,2020,-1233.22
2417267114354775552,744,0,31125,5,2020,5698.56
2417267114354775552,744,0,31125,6,2020,3183.04
2417267114354775552,744,0,31125,7,2020,6033.28
2417267114354775552,744,0,31125,8,2020,7595.51
2417267114354775552,744,0,31125,9,2020,2190.54
2417267114354775552,744,0,31125,10,2020,5001.74
2417267114354775552,744,0,31125,11,2020,9205.0
2417267114354775552,744,0,31125,12,2020,13633.0
2418514327681277440,5424,1,51688,1,2020,-8652.18
2418514327681277440,5424,1,51688,2,2020,-4375.02
2418514327681277440,5424,1,51688,3,2020,-5229.43
2418514327681277440,5424,1,51688,4,2020,1045.43
2418514327681277440,5424,1,51688,5,2020,4357.91
2418514327681277440,5424,1,51688,6,2020,-4444.87
2418514327681277440,5424,1,51688,7,2020,-3483.9
2418514327681277440,5424,1,51688,8,2020,-4536.0
2418514327681277440,5424,1,51688,9,2020,-9940.55
2418514327681277440,5424,1,51688,10,2020,-6150.97
2418514327681277440,5424,1,51688,11,2020,-7555.83
2418514327681277440,5424,1,51688,12,2020,-14282.61
2419552222265677824,8446,1,79475,1,2020,0.0
2419552222265677824,8446,1,79475,2,2020,-3807.4
2419552222265677824,8446,1,79475,3,2020,-3857.0
2419552222265677824,8446,1,79475,4,2020,-7431.82
2419552222265677824,8446,1,79475,5,2020,-5884.26
2419552222265677824,8446,1,79475,6,2020,-7607.64
2419552222265677824,8446,1,79475,7,2020,-5427.08
2419552222265677824,8446,1,79475,8,2020,-4980.4
2419552222265677824,8446,1,79475,9,2020,-3078.85
2419552222265677824,8446,1,79475,10,2020,-3955.1
2419552222265677824,8446,1,79475,11,2020,-2703.46
2419552222265677824,8446,1,79475,12,2020,-6800.42
2419946171254888960,2946,7,96524,1,2020,-3223.57
2419946171254888960,2946,7,96524,2,2020,-5197.16
2419946171254888960,2946,7,96524,3,2020,-456.01
2419946171254888960,2946,7,96524,4,2020,1227.39
2419946171254888960,2946,7,96524,5,2020,1639.03
2419946171254888960,2946,7,96524,6,2020,797.08
2419946171254888960,2946,7,96524,7,2020,697.48
2419946171254888960,2946,7,96524,8,2020,2582.16
2419946171254888960,2946,7,96524,9,2020,678.96
2419946171254888960,2946,7,96524,10,2020,-615.67
2419946171254888960,2946,7,96524,11,2020,-1107.53
2419946171254888960,2946,7,96524,12,2020,-4415.5
2420457489152444928,6364,0,3722,1,2020,417.48
2420457489152444928,6364,0,3722,2,2020,2985.65
2420457489152444928,6364,0,3722,3,2020,-3756.51
2420457489152444928,6364,0,3722,4,2020,-4916.07
2420457489152444928,6364,0,3722,5,2020,5169.66
2420457489152444928,6364,0,3722,6,2020,4084.64
2420457489152444928,6364,0,3722,7,2020,6315.68
2420457489152444928,6364,0,3722,8,2020,2765.25
2420457489152444928,6364,0,3722,9,2020,-940.03
2420457489152444928,6364,0,3722,10,2020,-6672.52
2420457489152444928,6364,0,3722,11,2020,-6432.73
2420457489152444928,6364,0,3722,12,2020,-4669.01
2420658725619854336,9294,6,69451,1,2020,-1824.04
2420658725619854336,9294,6,69451,2,2020,-3611.17
2420658725619854336,9294,6,69451,3,2020,-5457.45
2420658725619854336,9294,6,69451,4,2020,-6608.37
2420658725619854336,9294,6,69451,5,2020,-8239.45
2420658725619854336,9294,6,69451,6,2020,-10739.0
2420658725619854336,9294,6,69451,7,2020,-10290.01
2420658725619854336,9294,6,69451,8,2020,-11782.62
2420658725619854336,9294,6,69451,9,2020,-11846.05
2420658725619854336,9294,6,69451,10,2020,-13486.87
2420658725619854336,9294,6,69451,11,2020,-13354.31
2420658725619854336,9294,6,69451,12,2020,-10609.34
2420762049727410688,308,2,85899,1,2020,-3968.73
2420762049727410688,308,2,85899,2,2020,1427.43
2420762049727410688,308,2,85899,3,2020,7579.08
2420762049727410688,308,2,85899,4,2020,9819.71
2420762049727410688,308,2,85899,5,2020,14367.02
2420762049727410688,308,2,85899,6,2020,13438.29
2420762049727410688,308,2,85899,7,2020,12278.5
2420762049727410688,308,2,85899,8,2020,9894.73
2420762049727410688,308,2,85899,9,2020,9252.27
2420762049727410688,308,2,85899,10,2020,11484.97
2420762049727410688,308,2,85899,11,2020,13518.05
2420762049727410688,308,2,85899,12,2020,16178.11
2421471451521885696,2777,3,74464,1,2020,-1727.57
2421471451521885696,2777,3,74464,2,2020,-2072.3
2421471451521885696,2777,3,74464,3,2020,-2336.7
2421471451521885696,2777,3,74464,4,2020,-1588.45
2421471451521885696,2777,3,74464,5,2020,-1108.58
2421471451521885696,2777,3,74464,6,2020,-3243.25
2421471451521885696,2777,3,74464,7,2020,148.16
2421471451521885696,2777,3,74464,8,2020,3772.62
2421471451521885696,2777,3,74464,9,2020,7445.3
2421471451521885696,2777,3,74464,10,2020,9292.52
2421471451521885696,2777,3,74464,11,2020,11782.28
2421471451521885696,2777,3,74464,12,2020,8059.21
2421696337313377280,2054,3,33218,1,2020,-798.46
2421696337313377280,2054,3,33218,2,2020,-198.76
2421696337313377280,2054,3,33218,3,2020,994.66
2421696337313377280,2054,3,33218,4,2020,482.67
2421696337313377280,2054,3,33218,5,2020,-2186.65
2421696337313377280,2054,3,33218,6,2020,-2846.39
2421696337313377280,2054,3,33218,7,2020,-404.41
2421696337313377280,2054,3,33218,8,2020,-183.29
2421696337313377280,2054,3,33218,9,2020,247.39
2421696337313377280,2054,3,33218,10,2020,247.39
2421696337313377280,2054,3,33218,11,2020,1347.08
2421696337313377280,2054,3,33218,12,2020,-2261.47
2422341876333099008,3903,0,65934,1,2020,6788.33
2422341876333099008,3903,0,65934,2,2020,5904.37
2422341876333099008,3903,0,65934,3,2020,5457.39
2422341876333099008,3903,0,65934,4,2020,7229.72
2422341876333099008,3903,0,65934,5,2020,5775.03
2422341876333099008,3903,0,65934,6,2020,-9124.74
2422341876333099008,3903,0,65934,7,2020,-9484.98
2422341876333099008,3903,0,65934,8,2020,-8284.27
2422341876333099008,3903,0,65934,9,2020,-8939.55
2422341876333099008,3903,0,65934,10,2020,-3134.8
2422341876333099008,3903,0,65934,11,2020,-757.57
2422341876333099008,3903,0,65934,12,2020,-2214.11
2422935775278013952,5910,5,70157,1,2020,11307.69
2422935775278013952,5910,5,70157,2,2020,4419.15
2422935775278013952,5910,5,70157,3,2020,-645.27
2422935775278013952,5910,5,70157,4,2020,1697.82
2422935775278013952,5910,5,70157,5,2020,3162.99
2422935775278013952,5910,5,70157,6,2020,-2563.82
2422935775278013952,5910,5,70157,7,2020,3421.86
2422935775278013952,5910,5,70157,8,2020,910.31
2422935775278013952,5910,5,70157,9,2020,4872.58
2422935775278013952,5910,5,70157,10,2020,-2439.25
2422935775278013952,5910,5,70157,11,2020,-203.87
2422935775278013952,5910,5,70157,12,2020,5606.11
2424035876592515584,3863,1,437,1,2020,-3236.17
2424035876592515584,3863,1,437,2,2020,-4538.44
2424035876592515584,3863,1,437,3,2020,-2323.28
2424035876592515584,3863,1,437,4,2020,-511.92
2424035876592515584,3863,1,437,5,2020,-2193.57
2424035876592515584,3863,1,437,6,2020,-563.36
2424035876592515584,3863,1,437,7,2020,-312.82
2424035876592515584,3863,1,437,8,2020,-2474.79
2424035876592515584,3863,1,437,9,2020,-5834.52
2424035876592515584,3863,1,437,10,2020,-9488.55
2424035876592515584,3863,1,437,11,2020,-9963.15
2424035876592515584,3863,1,437,12,2020,-12379.38
2425694487765250560,1616,8,97559,1,2020,-221.69
2425694487765250560,1616,8,97559,2,2020,446.04
2425694487765250560,1616,8,97559,3,2020,4032.38
2425694487765250560,1616,8,97559,4,2020,6301.24
2425694487765250560,1616,8,97559,5,2020,5756.31
2425694487765250560,1616,8,97559,6,2020,6874.83
2425694487765250560,1616,8,97559,7,2020,5235.21
2425694487765250560,1616,8,97559,8,2020,2993.26
2425694487765250560,1616,8,97559,9,2020,2298.82
2425694487765250560,1616,8,97559,10,2020,-1045.65
2425694487765250560,1616,8,97559,11,2020,-1836.92
2425694487765250560,1616,8,97559,12,2020,-1941.3
2427868941055056896,4722,3,52428,1,2020,-5638.98
2427868941055056896,4722,3,52428,2,2020,-932.66
2427868941055056896,4722,3,52428,3,2020,4213.93
2427868941055056896,4722,3,52428,4,2020,-1356.78
2427868941055056896,4722,3,52428,5,2020,606.56
2427868941055056896,4722,3,52428,6,2020,5225.23
2427868941055056896,4722,3,52428,7,2020,3584.35
2427868941055056896,4722,3,52428,8,2020,12428.54
2427868941055056896,4722,3,52428,9,2020,7146.98
2427868941055056896,4722,3,52428,10,2020,9675.92
2427868941055056896,4722,3,52428,11,2020,18172.11
2427868941055056896,4722,3,52428,12,2020,14975.76
2428028740350766080,4382,6,89344,1,2020,1681.57
2428028740350766080,4382,6,89344,2,2020,-72.95
2428028740350766080,4382,6,89344,3,2020,-6298.07
2428028740350766080,4382,6,89344,4,2020,-7597.4
2428028740350766080,4382,6,89344,5,2020,-556.55
2428028740350766080,4382,6,89344,6,2020,-4770.69
2428028740350766080,4382,6,89344,7,2020,-7023.36
2428028740350766080,4382,6,89344,8,2020,-5664.29
2428028740350766080,4382,6,89344,9,2020,-8514.31
2428028740350766080,4382,6,89344,10,2020,-6381.39
