173680719307034080,9609,4,29719,7,2020,-22343.69
173680719307034080,9609,4,29719,8,2020,-14458.11
173680719307034080,9609,4,29719,9,2020,-19844.58
173680719307034080,9609,4,29719,10,2020,-20483.63
173680719307034080,9609,4,29719,11,2020,-20737.99
173680719307034080,9609,4,29719,12,2020,-19388.94
1738488980807918336,1281,7,19938,1,2020,4293.34
1738488980807918336,1281,7,19938,2,2020,-529.42
1738488980807918336,1281,7,19938,3,2020,-10213.8
1738488980807918336,1281,7,19938,4,2020,-13179.35
1738488980807918336,1281,7,19938,5,2020,-10735.39
1738488980807918336,1281,7,19938,6,2020,-17320.37
1738488980807918336,1281,7,19938,7,2020,-7536.36
1738488980807918336,1281,7,19938,8,2020,-5429.47
1738488980807918336,1281,7,19938,9,2020,-5020.52
1738488980807918336,1281,7,19938,10,2020,-2617.49
1738488980807918336,1281,7,19938,11,2020,-8787.11
1738488980807918336,1281,7,19938,12,2020,-11744.36
1738495347381216256,4101,4,96167,1,2020,-4184.16
1738495347381216256,4101,4,96167,2,2020,-1701.88
1738495347381216256,4101,4,96167,3,2020,3518.21
1738495347381216256,4101,4,96167,4,2020,7993.01
1738495347381216256,4101,4,96167,5,2020,7270.99
1738495347381216256,4101,4,96167,6,2020,2676.32
1738495347381216256,4101,4,96167,7,2020,1095.09
1738495347381216256,4101,4,96167,8,2020,5368.92
1738495347381216256,4101,4,96167,9,2020,9939.94
1738495347381216256,4101,4,96167,10,2020,12349.21
1738495347381216256,4101,4,96167,11,2020,15081.21
1738495347381216256,4101,4,96167,12,2020,11119.63
1739325909551416320,7908,3,26355,1,2020,-2907.53
1739325909551416320,7908,3,26355,2,2020,2644.04
1739325909551416320,7908,3,26355,3,2020,4314.68
1739325909551416320,7908,3,26355,4,2020,2204.69
1739325909551416320,7908,3,26355,5,2020,6924.66
1739325909551416320,7908,3,26355,6,2020,4352.54
1739325909551416320,7908,3,26355,7,2020,4887.0
1739325909551416320,7908,3,26355,8,2020,14969.33
1739325909551416320,7908,3,26355,9,2020,14928.82
1739325909551416320,7908,3,26355,10,2020,9367.33
1739325909551416320,7908,3,26355,11,2020,6709.11
1739325909551416320,7908,3,26355,12,2020,5924.18
1740610698981719808,6706,6,49502,1,2020,0.0
1740610698981719808,6706,6,49502,2,2020,0.0
1740610698981719808,6706,6,49502,3,2020,0.0
1740610698981719808,6706,6,49502,4,2020,-1988.06
1740610698981719808,6706,6,49502,5,2020,-1988.06
1740610698981719808,6706,6,49502,6,2020,-331.87
1740610698981719808,6706,6,49502,7,2020,-331.87
1740610698981719808,6706,6,49502,8,2020,-331.87
1740610698981719808,6706,6,49502,9,2020,1230.62
1740610698981719808,6706,6,49502,10,2020,1230.62
1740610698981719808,6706,6,49502,11,2020,1230.62
1740610698981719808,6706,6,49502,12,2020,1230.62
1741337473134555392,843,7,65882,1,2020,-7617.72
1741337473134555392,843,7,65882,2,2020,-3550.25
1741337473134555392,843,7,65882,3,2020,51.75
1741337473134555392,843,7,65882,4,2020,-4141.5
1741337473134555392,843,7,65882,5,2020,-7045.98
1741337473134555392,843,7,65882,6,2020,-4697.95
1741337473134555392,843,7,65882,7,2020,-12854.95
1741337473134555392,843,7,65882,8,2020,-11308.8
1741337473134555392,843,7,65882,9,2020,-11429.43
1741337473134555392,843,7,65882,10,2020,-15177.73
1741337473134555392,843,7,65882,11,2020,-12225.73
1741337473134555392,843,7,65882,12,2020,-14968.33
1742057619137907200,7517,4,57153,1,2020,-2976.15
1742057619137907200,7517,4,57153,2,2020,-1971.86
1742057619137907200,7517,4,57153,3,2020,-2714.23
1742057619137907200,7517,4,57153,4,2020,-5262.5
1742057619137907200,7517,4,57153,5,2020,-9195.57
1742057619137907200,7517,4,57153,6,2020,-13350.92
1742057619137907200,7517,4,57153,7,2020,-12912.21
1742057619137907200,7517,4,57153,8,2020,-13604.51
1742057619137907200,7517,4,57153,9,2020,-7684.04
1742057619137907200,7517,4,57153,10,2020,-11872.39
1742057619137907200,7517,4,57153,11,2020,-13785.27
1742057619137907200,7517,4,57153,12,2020,-14536.75
1742619984864158720,2441,7,84386,1,2020,-797.29
1742619984864158720,2441,7,84386,2,2020,292.41
1742619984864158720,2441,7,84386,3,2020,-962.71
1742619984864158720,2441,7,84386,4,2020,440.17
1742619984864158720,2441,7,84386,5,2020,-1806.11
1742619984864158720,2441,7,84386,6,2020,-1455.13
1742619984864158720,2441,7,84386,7,2020,-4551.98
1742619984864158720,2441,7,84386,8,2020,-5249.82
1742619984864158720,2441,7,84386,9,2020,-6775.42
1742619984864158720,2441,7,84386,10,2020,-3509.27
1742619984864158720,2441,7,84386,11,2020,-2914.35
1742619984864158720,2441,7,84386,12,2020,-2914.35
1743107719318469632,964,7,63120,1,2020,1038.89
1743107719318469632,964,7,63120,2,2020,-3229.83
1743107719318469632,964,7,63120,3,2020,-3865.01
1743107719318469632,964,7,63120,4,2020,-8682.11
1743107719318469632,964,7,63120,5,2020,-8523.82
1743107719318469632,964,7,63120,6,2020,-8607.19
1743107719318469632,964,7,63120,7,2020,-7284.96
1743107719318469632,964,7,63120,8,2020,-6846.85
1743107719318469632,964,7,63120,9,2020,-9609.05
1743107719318469632,964,7,63120,10,2020,-6183.37
1743107719318469632,964,7,63120,11,2020,-1869.18
1743107719318469632,964,7,63120,12,2020,544.28
1743681941292367360,4465,7,71437,1,2020,-5410.25
1743681941292367360,4465,7,71437,2,2020,-5736.96
1743681941292367360,4465,7,71437,3,2020,-1021.78
1743681941292367360,4465,7,71437,4,2020,-2527.15
1743681941292367360,4465,7,71437,5,2020,-4704.89
1743681941292367360,4465,7,71437,6,2020,-2598.89
1743681941292367360,4465,7,71437,7,2020,798.33
1743681941292367360,4465,7,71437,8,2020,9103.48
1743681941292367360,4465,7,71437,9,2020,8491.76
1743681941292367360,4465,7,71437,10,2020,10968.59
1743681941292367360,4465,7,71437,11,2020,11615.96
1743681941292367360,4465,7,71437,12,2020,11143.05
174369027768353728,980,3,84342,1,2020,-1571.97
174369027768353728,980,3,84342,2,2020,-934.27
174369027768353728,980,3,84342,3,2020,-2470.08
174369027768353728,980,3,84342,4,2020,2627.43
174369027768353728,980,3,84342,5,2020,4131.74
174369027768353728,980,3,84342,6,2020,451.21
174369027768353728,980,3,84342,7,2020,2136.97
174369027768353728,980,3,84342,8,2020,-5895.15
174369027768353728,980,3,84342,9,2020,-826.0
174369027768353728,980,3,84342,10,2020,-5765.36
174369027768353728,980,3,84342,11,2020,-4412.87
174369027768353728,980,3,84342,12,2020,-4611.16
1743959794442165504,6909,1,7687,1,2020,11130.81
1743959794442165504,6909,1,7687,2,2020,13573.43
1743959794442165504,6909,1,7687,3,2020,10622.53
1743959794442165504,6909,1,7687,4,2020,7350.63
1743959794442165504,6909,1,7687,5,2020,123.13
1743959794442165504,6909,1,7687,6,2020,-2605.73
1743959794442165504,6909,1,7687,7,2020,5070.68
1743959794442165504,6909,1,7687,8,2020,4728.73
1743959794442165504,6909,1,7687,9,2020,6686.82
1743959794442165504,6909,1,7687,10,2020,1593.03
1743959794442165504,6909,1,7687,11,2020,-3067.88
1743959794442165504,6909,1,7687,12,2020,-4262.14
1744647349297827072,8395,9,17431,1,2020,-5441.34
1744647349297827072,8395,9,17431,2,2020,-12192.06
1744647349297827072,8395,9,17431,3,2020,-10487.55
1744647349297827072,8395,9,17431,4,2020,-5629.73
1744647349297827072,8395,9,17431,5,2020,4679.69
1744647349297827072,8395,9,17431,6,2020,-3074.06
1744647349297827072,8395,9,17431,7,2020,-83.31
1744647349297827072,8395,9,17431,8,2020,8107.6
1744647349297827072,8395,9,17431,9,2020,-2884.69
1744647349297827072,8395,9,17431,10,2020,-4427.21
1744647349297827072,8395,9,17431,11,2020,-7228.75
1744647349297827072,8395,9,17431,12,2020,-6131.28
1746680681193081600,9434,3,59558,1,2020,-2597.24
1746680681193081600,9434,3,59558,2,2020,3600.71
1746680681193081600,9434,3,59558,3,2020,7588.88
1746680681193081600,9434,3,59558,4,2020,7109.19
1746680681193081600,9434,3,59558,5,2020,-1418.93
1746680681193081600,9434,3,59558,6,2020,3952.74
1746680681193081600,9434,3,59558,7,2020,10266.2
1746680681193081600,9434,3,59558,8,2020,9159.29
1746680681193081600,9434,3,59558,9,2020,7463.13
1746680681193081600,9434,3,59558,10,2020,6300.4
1746680681193081600,9434,3,59558,11,2020,9154.95
1746680681193081600,9434,3,59558,12,2020,12538.36
1747520315229481472,6046,0,85292,1,2020,-2359.07
1747520315229481472,6046,0,85292,2,2020,-1824.67
1747520315229481472,6046,0,85292,3,2020,-699.72
1747520315229481472,6046,0,85292,4,2020,-2635.87
1747520315229481472,6046,0,85292,5,2020,4337.45
1747520315229481472,6046,0,85292,6,2020,6446.18
1747520315229481472,6046,0,85292,7,2020,2684.16
1747520315229481472,6046,0,85292,8,2020,9486.42
1747520315229481472,6046,0,85292,9,2020,6400.49
1747520315229481472,6046,0,85292,10,2020,6545.75
1747520315229481472,6046,0,85292,11,2020,5891.17
1747520315229481472,6046,0,85292,12,2020,7547.51
1748031407578715392,2744,6,92901,1,2020,1385.9
1748031407578715392,2744,6,92901,2,2020,-566.62
1748031407578715392,2744,6,92901,3,2020,-6168.94
1748031407578715392,2744,6,92901,4,2020,-1855.28
1748031407578715392,2744,6,92901,5,2020,-1198.49
1748031407578715392,2744,6,92901,6,2020,3076.86
1748031407578715392,2744,6,92901,7,2020,4957.78
1748031407578715392,2744,6,92901,8,2020,6850.46
1748031407578715392,2744,6,92901,9,2020,8200.47
1748031407578715392,2744,6,92901,10,2020,5953.37
1748031407578715392,2744,6,92901,11,2020,8245.37
1748031407578715392,2744,6,92901,12,2020,4391.54
174823207400998208,2376,4,22782,1,2020,2655.26
174823207400998208,2376,4,22782,2,2020,4575.56
174823207400998208,2376,4,22782,3,2020,12886.54
174823207400998208,2376,4,22782,4,2020,13168.34
174823207400998208,2376,4,22782,5,2020,13789.74
174823207400998208,2376,4,22782,6,2020,18819.71
174823207400998208,2376,4,22782,7,2020,18434.96
174823207400998208,2376,4,22782,8,2020,17510.22
174823207400998208,2376,4,22782,9,2020,20778.11
174823207400998208,2376,4,22782,10,2020,22646.67
174823207400998208,2376,4,22782,11,2020,23653.97
174823207400998208,2376,4,22782,12,2020,26435.11
1748247234062195200,5740,1,69332,1,2020,-3213.63
1748247234062195200,5740,1,69332,2,2020,-12184.41
1748247234062195200,5740,1,69332,3,2020,-8080.81
1748247234062195200,5740,1,69332,4,2020,-6767.68
1748247234062195200,5740,1,69332,5,2020,-9017.0
1748247234062195200,5740,1,69332,6,2020,-6352.95
1748247234062195200,5740,1,69332,7,2020,-10912.74
1748247234062195200,5740,1,69332,8,2020,-1332.23
1748247234062195200,5740,1,69332,9,2020,38.58
1748247234062195200,5740,1,69332,10,2020,-9414.71
1748247234062195200,5740,1,69332,11,2020,-19520.84
1748247234062195200,5740,1,69332,12,2020,-20494.31
1748716242679602944,445,5,33513,1,2020,1269.91
1748716242679602944,445,5,33513,2,2020,-3700.55
1748716242679602944,445,5,33513,3,2020,-3886.39
1748716242679602944,445,5,33513,4,2020,-3552.18
1748716242679602944,445,5,33513,5,2020,-1725.04
1748716242679602944,445,5,33513,6,2020,-5266.61
1748716242679602944,445,5,33513,7,2020,-7798.83
1748716242679602944,445,5,33513,8,2020,-5927.71
1748716242679602944,445,5,33513,9,2020,-3974.67
1748716242679602944,445,5,33513,10,2020,5838.0
1748716242679602944,445,5,33513,11,2020,3861.41
1748716242679602944,445,5,33513,12,2020,8628.12
1750848909052664064,275,7,41241,1,2020,-1359.56
1750848909052664064,275,7,41241,2,2020,-3236.13
1750848909052664064,275,7,41241,3,2020,-7133.27
1750848909052664064,275,7,41241,4,2020,-8143.39
1750848909052664064,275,7,41241,5,2020,-6991.26
1750848909052664064,275,7,41241,6,2020,-10539.71
1750848909052664064,275,7,41241,7,2020,-4978.26
1750848909052664064,275,7,41241,8,2020,-7318.16
1750848909052664064,275,7,41241,9,2020,-8168.03
1750848909052664064,275,7,41241,10,2020,-8285.03
1750848909052664064,275,7,41241,11,2020,-4444.39
1750848909052664064,275,7,41241,12,2020,-3801.86
175193282892667648,7106,2,13932,1,2020,-3399.08
175193282892667648,7106,2,13932,2,2020,-3331.35
175193282892667648,7106,2,13932,3,2020,-3631.04
175193282892667648,7106,2,13932,4,2020,-4375.83
175193282892667648,7106,2,13932,5,2020,-7731.73
175193282892667648,7106,2,13932,6,2020,-5781.34
175193282892667648,7106,2,13932,7,2020,-9960.54
175193282892667648,7106,2,13932,8,2020,-6303.57
175193282892667648,7106,2,13932,9,2020,-7334.21
175193282892667648,7106,2,13932,10,2020,-8453.59
