1209084463018404864,9040,6,62735,10,2020,-16050.22
1209084463018404864,9040,6,62735,11,2020,-17852.88
1209084463018404864,9040,6,62735,12,2020,-18378.58
1210062777718373632,5475,2,68977,1,2020,2295.64
1210062777718373632,5475,2,68977,2,2020,2427.05
1210062777718373632,5475,2,68977,3,2020,6046.61
1210062777718373632,5475,2,68977,4,2020,7475.06
1210062777718373632,5475,2,68977,5,2020,4251.5
1210062777718373632,5475,2,68977,6,2020,3305.08
1210062777718373632,5475,2,68977,7,2020,6522.66
1210062777718373632,5475,2,68977,8,2020,9097.27
1210062777718373632,5475,2,68977,9,2020,11363.48
1210062777718373632,5475,2,68977,10,2020,14165.07
1210062777718373632,5475,2,68977,11,2020,12739.57
1210062777718373632,5475,2,68977,12,2020,7428.17
1210403934699555072,1768,6,51869,1,2020,1797.72
1210403934699555072,1768,6,51869,2,2020,4902.29
1210403934699555072,1768,6,51869,3,2020,3275.78
1210403934699555072,1768,6,51869,4,2020,4918.63
1210403934699555072,1768,6,51869,5,2020,7799.96
1210403934699555072,1768,6,51869,6,2020,9519.06
1210403934699555072,1768,6,51869,7,2020,7247.53
1210403934699555072,1768,6,51869,8,2020,9891.34
1210403934699555072,1768,6,51869,9,2020,9571.32
1210403934699555072,1768,6,51869,10,2020,7948.84
1210403934699555072,1768,6,51869,11,2020,7135.41
1210403934699555072,1768,6,51869,12,2020,5486.28
1211369762537074688,6474,8,10832,1,2020,843.18
1211369762537074688,6474,8,10832,2,2020,2603.69
1211369762537074688,6474,8,10832,3,2020,2642.1
1211369762537074688,6474,8,10832,4,2020,2642.1
1211369762537074688,6474,8,10832,5,2020,3705.98
1211369762537074688,6474,8,10832,6,2020,3705.98
1211369762537074688,6474,8,10832,7,2020,3705.98
1211369762537074688,6474,8,10832,8,2020,3705.98
1211369762537074688,6474,8,10832,9,2020,3705.98
1211369762537074688,6474,8,10832,10,2020,3705.98
1211369762537074688,6474,8,10832,11,2020,3705.98
1211369762537074688,6474,8,10832,12,2020,3386.62
1213413498701202176,3204,3,59743,1,2020,-4881.71
1213413498701202176,3204,3,59743,2,2020,-4672.41
1213413498701202176,3204,3,59743,3,2020,-3926.54
1213413498701202176,3204,3,59743,4,2020,-5060.78
1213413498701202176,3204,3,59743,5,2020,-8274.74
1213413498701202176,3204,3,59743,6,2020,-7979.87
1213413498701202176,3204,3,59743,7,2020,-11113.99
1213413498701202176,3204,3,59743,8,2020,-16144.51
1213413498701202176,3204,3,59743,9,2020,-13875.0
1213413498701202176,3204,3,59743,10,2020,-13759.35
1213413498701202176,3204,3,59743,11,2020,-15773.57
1213413498701202176,3204,3,59743,12,2020,-16665.56
1213466897199329024,996,7,26716,1,2020,-10302.18
1213466897199329024,996,7,26716,2,2020,-10165.71
1213466897199329024,996,7,26716,3,2020,-10874.63
1213466897199329024,996,7,26716,4,2020,-10213.19
1213466897199329024,996,7,26716,5,2020,-15705.74
1213466897199329024,996,7,26716,6,2020,-14829.66
1213466897199329024,996,7,26716,7,2020,-15519.98
1213466897199329024,996,7,26716,8,2020,-8691.94
1213466897199329024,996,7,26716,9,2020,-6652.59
1213466897199329024,996,7,26716,10,2020,441.85
1213466897199329024,996,7,26716,11,2020,1711.79
1213466897199329024,996,7,26716,12,2020,1724.68
1213479065462362624,2752,5,18219,1,2020,-6771.43
1213479065462362624,2752,5,18219,2,2020,-3107.23
1213479065462362624,2752,5,18219,3,2020,6814.16
1213479065462362624,2752,5,18219,4,2020,4349.56
1213479065462362624,2752,5,18219,5,2020,-787.39
1213479065462362624,2752,5,18219,6,2020,-665.17
1213479065462362624,2752,5,18219,7,2020,4985.71
1213479065462362624,2752,5,18219,8,2020,4952.19
1213479065462362624,2752,5,18219,9,2020,-3605.45
1213479065462362624,2752,5,18219,10,2020,-3742.61
1213479065462362624,2752,5,18219,11,2020,-5386.41
1213479065462362624,2752,5,18219,12,2020,-8759.23
1214458214571806208,8806,9,80228,1,2020,77.9
1214458214571806208,8806,9,80228,2,2020,-2506.12
1214458214571806208,8806,9,80228,3,2020,1098.31
1214458214571806208,8806,9,80228,4,2020,4623.64
1214458214571806208,8806,9,80228,5,2020,4828.88
1214458214571806208,8806,9,80228,6,2020,-1315.83
1214458214571806208,8806,9,80228,7,2020,-2698.81
1214458214571806208,8806,9,80228,8,2020,5243.89
1214458214571806208,8806,9,80228,9,2020,4721.96
1214458214571806208,8806,9,80228,10,2020,-179.76
1214458214571806208,8806,9,80228,11,2020,-4960.59
1214458214571806208,8806,9,80228,12,2020,-7606.23
121447147964535328,8204,4,99878,1,2020,2478.19
121447147964535328,8204,4,99878,2,2020,8794.45
121447147964535328,8204,4,99878,3,2020,4653.26
121447147964535328,8204,4,99878,4,2020,4944.57
121447147964535328,8204,4,99878,5,2020,7787.84
121447147964535328,8204,4,99878,6,2020,5739.96
121447147964535328,8204,4,99878,7,2020,1799.81
121447147964535328,8204,4,99878,8,2020,8180.81
121447147964535328,8204,4,99878,9,2020,4532.36
121447147964535328,8204,4,99878,10,2020,8372.56
121447147964535328,8204,4,99878,11,2020,10114.46
121447147964535328,8204,4,99878,12,2020,2182.21
1214651247203805440,5436,2,18524,1,2020,3381.24
1214651247203805440,5436,2,18524,2,2020,1340.99
1214651247203805440,5436,2,18524,3,2020,156.39
1214651247203805440,5436,2,18524,4,2020,-4053.61
1214651247203805440,5436,2,18524,5,2020,-6131.6
1214651247203805440,5436,2,18524,6,2020,-9307.14
1214651247203805440,5436,2,18524,7,2020,-9527.21
1214651247203805440,5436,2,18524,8,2020,-9102.39
1214651247203805440,5436,2,18524,9,2020,-9361.91
1214651247203805440,5436,2,18524,10,2020,-6359.35
1214651247203805440,5436,2,18524,11,2020,-6674.6
1214651247203805440,5436,2,18524,12,2020,-4134.59
1214741863808634112,6213,9,18322,1,2020,4162.69
1214741863808634112,6213,9,18322,2,2020,3861.27
1214741863808634112,6213,9,18322,3,2020,5150.76
1214741863808634112,6213,9,18322,4,2020,6060.51
1214741863808634112,6213,9,18322,5,2020,8004.77
1214741863808634112,6213,9,18322,6,2020,3761.95
1214741863808634112,6213,9,18322,7,2020,2893.84
1214741863808634112,6213,9,18322,8,2020,7302.82
1214741863808634112,6213,9,18322,9,2020,1889.79
1214741863808634112,6213,9,18322,10,2020,5651.01
1214741863808634112,6213,9,18322,11,2020,9178.47
1214741863808634112,6213,9,18322,12,2020,7146.41
1214810379084089600,4921,0,11844,1,2020,-7675.58
1214810379084089600,4921,0,11844,2,2020,-2847.39
1214810379084089600,4921,0,11844,3,2020,-7362.63
1214810379084089600,4921,0,11844,4,2020,-9393.41
1214810379084089600,4921,0,11844,5,2020,-10299.16
1214810379084089600,4921,0,11844,6,2020,-13353.15
1214810379084089600,4921,0,11844,7,2020,-9700.45
1214810379084089600,4921,0,11844,8,2020,-9981.23
1214810379084089600,4921,0,11844,9,2020,-2038.4
1214810379084089600,4921,0,11844,10,2020,-9188.84
1214810379084089600,4921,0,11844,11,2020,-9668.97
1214810379084089600,4921,0,11844,12,2020,-13602.34
1214862092215853568,6087,1,37408,1,2020,-1573.23
1214862092215853568,6087,1,37408,2,2020,-3497.62
1214862092215853568,6087,1,37408,3,2020,-3395.51
1214862092215853568,6087,1,37408,4,2020,-2640.78
1214862092215853568,6087,1,37408,5,2020,-4510.2
1214862092215853568,6087,1,37408,6,2020,-479.11
1214862092215853568,6087,1,37408,7,2020,534.21
1214862092215853568,6087,1,37408,8,2020,436.34
1214862092215853568,6087,1,37408,9,2020,-269.28
1214862092215853568,6087,1,37408,10,2020,142.87
1214862092215853568,6087,1,37408,11,2020,258.08
1214862092215853568,6087,1,37408,12,2020,1664.76
1215207833608556032,7509,1,53683,1,2020,-896.12
1215207833608556032,7509,1,53683,2,2020,1116.47
1215207833608556032,7509,1,53683,3,2020,1019.9
1215207833608556032,7509,1,53683,4,2020,5067.82
1215207833608556032,7509,1,53683,5,2020,4272.38
1215207833608556032,7509,1,53683,6,2020,9558.19
1215207833608556032,7509,1,53683,7,2020,11586.33
1215207833608556032,7509,1,53683,8,2020,8893.68
1215207833608556032,7509,1,53683,9,2020,7583.81
1215207833608556032,7509,1,53683,10,2020,6235.67
1215207833608556032,7509,1,53683,11,2020,3683.73
1215207833608556032,7509,1,53683,12,2020,2595.61
1215675894791390720,1570,8,17396,1,2020,-1544.51
1215675894791390720,1570,8,17396,2,2020,-2457.63
1215675894791390720,1570,8,17396,3,2020,136.78
1215675894791390720,1570,8,17396,4,2020,-3199.32
1215675894791390720,1570,8,17396,5,2020,-4655.39
1215675894791390720,1570,8,17396,6,2020,-3876.43
1215675894791390720,1570,8,17396,7,2020,-4758.86
1215675894791390720,1570,8,17396,8,2020,-2311.89
1215675894791390720,1570,8,17396,9,2020,-4506.12
1215675894791390720,1570,8,17396,10,2020,-4435.69
1215675894791390720,1570,8,17396,11,2020,-3069.13
1215675894791390720,1570,8,17396,12,2020,-4820.02
1215976372578996480,7824,0,24502,1,2020,2350.31
1215976372578996480,7824,0,24502,2,2020,-2447.05
1215976372578996480,7824,0,24502,3,2020,-1182.97
1215976372578996480,7824,0,24502,4,2020,-8517.69
1215976372578996480,7824,0,24502,5,2020,-1850.72
1215976372578996480,7824,0,24502,6,2020,-1754.05
1215976372578996480,7824,0,24502,7,2020,-7452.09
1215976372578996480,7824,0,24502,8,2020,-16927.26
1215976372578996480,7824,0,24502,9,2020,-19827.97
1215976372578996480,7824,0,24502,10,2020,-16420.35
1215976372578996480,7824,0,24502,11,2020,-11773.18
1215976372578996480,7824,0,24502,12,2020,-3613.62
1216685994079986688,9338,4,88931,1,2020,-3591.25
1216685994079986688,9338,4,88931,2,2020,652.68
1216685994079986688,9338,4,88931,3,2020,-2715.56
1216685994079986688,9338,4,88931,4,2020,-7265.46
1216685994079986688,9338,4,88931,5,2020,-5574.99
1216685994079986688,9338,4,88931,6,2020,-3149.99
1216685994079986688,9338,4,88931,7,2020,-2248.31
1216685994079986688,9338,4,88931,8,2020,-5557.75
1216685994079986688,9338,4,88931,9,2020,-4301.07
1216685994079986688,9338,4,88931,10,2020,-5844.54
1216685994079986688,9338,4,88931,11,2020,-10119.29
1216685994079986688,9338,4,88931,12,2020,-13474.33
1216711767252007680,5562,5,16521,1,2020,1602.67
1216711767252007680,5562,5,16521,2,2020,-2884.38
1216711767252007680,5562,5,16521,3,2020,14076.8
1216711767252007680,5562,5,16521,4,2020,7122.15
1216711767252007680,5562,5,16521,5,2020,11727.95
1216711767252007680,5562,5,16521,6,2020,14738.09
1216711767252007680,5562,5,16521,7,2020,11692.04
1216711767252007680,5562,5,16521,8,2020,7330.47
1216711767252007680,5562,5,16521,9,2020,8815.34
1216711767252007680,5562,5,16521,10,2020,10662.52
1216711767252007680,5562,5,16521,11,2020,11806.43
1216711767252007680,5562,5,16521,12,2020,11510.01
1217607696117498112,2931,6,71887,1,2020,3455.46
1217607696117498112,2931,6,71887,2,2020,6718.74
1217607696117498112,2931,6,71887,3,2020,-904.92
1217607696117498112,2931,6,71887,4,2020,9177.55
1217607696117498112,2931,6,71887,5,2020,7711.15
1217607696117498112,2931,6,71887,6,2020,2102.26
1217607696117498112,2931,6,71887,7,2020,3854.74
1217607696117498112,2931,6,71887,8,2020,-10171.64
1217607696117498112,2931,6,71887,9,2020,-7631.11
1217607696117498112,2931,6,71887,10,2020,-9858.08
1217607696117498112,2931,6,71887,11,2020,-22168.5
1217607696117498112,2931,6,71887,12,2020,-24456.1
1219930422929869056,6756,8,51458,1,2020,267.62
1219930422929869056,6756,8,51458,2,2020,-2884.41
1219930422929869056,6756,8,51458,3,2020,-6943.92
1219930422929869056,6756,8,51458,4,2020,-10493.94
1219930422929869056,6756,8,51458,5,2020,-8381.54
1219930422929869056,6756,8,51458,6,2020,-3549.22
1219930422929869056,6756,8,51458,7,2020,-5840.16
1219930422929869056,6756,8,51458,8,2020,-8830.07
1219930422929869056,6756,8,51458,9,2020,-14472.96
1219930422929869056,6756,8,51458,10,2020,-16677.22
1219930422929869056,6756,8,51458,11,2020,-23420.95
1219930422929869056,6756,8,51458,12,2020,-23941.26
1220409979528778240,6427,6,6885,1,2020,1200.98
1220409979528778240,6427,6,6885,2,2020,466.4
1220409979528778240,6427,6,6885,3,2020,-1182.64
1220409979528778240,6427,6,6885,4,2020,-2645.66
1220409979528778240,6427,6,6885,5,2020,-4556.9
1220409979528778240,6427,6,6885,6,2020,-8072.14
1220409979528778240,6427,6,6885,7,2020,-14514.82
1220409979528778240,6427,6,6885,8,2020,-19950.86
1220409979528778240,6427,6,6885,9,2020,-21315.62
1220409979528778240,6427,6,6885,10,2020,-23799.01
1220409979528778240,6427,6,6885,11,2020,-26375.07
1220409979528778240,6427,6,6885,12,2020,-34031.38
