1435819488134744576,7273,6,99133,11,2020,1767.83
1435819488134744576,7273,6,99133,12,2020,6561.53
1437783819005538560,6309,8,62114,1,2020,-8625.95
1437783819005538560,6309,8,62114,2,2020,-11347.69
1437783819005538560,6309,8,62114,3,2020,-10626.32
1437783819005538560,6309,8,62114,4,2020,-5167.29
1437783819005538560,6309,8,62114,5,2020,-8466.36
1437783819005538560,6309,8,62114,6,2020,-8334.31
1437783819005538560,6309,8,62114,7,2020,-4110.47
1437783819005538560,6309,8,62114,8,2020,-4384.63
1437783819005538560,6309,8,62114,9,2020,-3863.21
1437783819005538560,6309,8,62114,10,2020,-2106.62
1437783819005538560,6309,8,62114,11,2020,-2235.87
1437783819005538560,6309,8,62114,12,2020,-2534.38
1439140698601006592,6034,2,40862,1,2020,-400.43
1439140698601006592,6034,2,40862,2,2020,-1035.79
1439140698601006592,6034,2,40862,3,2020,9353.59
1439140698601006592,6034,2,40862,4,2020,7532.44
1439140698601006592,6034,2,40862,5,2020,6828.32
1439140698601006592,6034,2,40862,6,2020,8941.64
1439140698601006592,6034,2,40862,7,2020,11845.12
1439140698601006592,6034,2,40862,8,2020,16550.99
1439140698601006592,6034,2,40862,9,2020,16812.01
1439140698601006592,6034,2,40862,10,2020,14438.33
1439140698601006592,6034,2,40862,11,2020,17398.7
1439140698601006592,6034,2,40862,12,2020,17340.31
1440296825725104128,3619,9,18603,1,2020,-3333.41
1440296825725104128,3619,9,18603,2,2020,-925.58
1440296825725104128,3619,9,18603,3,2020,-2175.77
1440296825725104128,3619,9,18603,4,2020,289.32
1440296825725104128,3619,9,18603,5,2020,792.31
1440296825725104128,3619,9,18603,6,2020,897.78
1440296825725104128,3619,9,18603,7,2020,2020.35
1440296825725104128,3619,9,18603,8,2020,3542.4
1440296825725104128,3619,9,18603,9,2020,3424.27
1440296825725104128,3619,9,18603,10,2020,3650.95
1440296825725104128,3619,9,18603,11,2020,6709.57
1440296825725104128,3619,9,18603,12,2020,6694.93
1440995936166818560,5957,8,52658,1,2020,-394.54
1440995936166818560,5957,8,52658,2,2020,-30.45
1440995936166818560,5957,8,52658,3,2020,2870.59
1440995936166818560,5957,8,52658,4,2020,3765.28
1440995936166818560,5957,8,52658,5,2020,4229.29
1440995936166818560,5957,8,52658,6,2020,5107.24
1440995936166818560,5957,8,52658,7,2020,6619.33
1440995936166818560,5957,8,52658,8,2020,3901.82
1440995936166818560,5957,8,52658,9,2020,5022.87
1440995936166818560,5957,8,52658,10,2020,6162.59
1440995936166818560,5957,8,52658,11,2020,5033.28
1440995936166818560,5957,8,52658,12,2020,2059.02
1441053190659418368,3140,4,19229,1,2020,-13816.33
1441053190659418368,3140,4,19229,2,2020,-8370.68
1441053190659418368,3140,4,19229,3,2020,-7345.95
1441053190659418368,3140,4,19229,4,2020,-2080.08
1441053190659418368,3140,4,19229,5,2020,-8457.74
1441053190659418368,3140,4,19229,6,2020,-23747.7
1441053190659418368,3140,4,19229,7,2020,-24586.77
1441053190659418368,3140,4,19229,8,2020,-19971.18
1441053190659418368,3140,4,19229,9,2020,-15442.72
1441053190659418368,3140,4,19229,10,2020,-14287.34
1441053190659418368,3140,4,19229,11,2020,-17046.61
1441053190659418368,3140,4,19229,12,2020,-23878.84
1441144224969951744,2425,0,10537,1,2020,2586.9
1441144224969951744,2425,0,10537,2,2020,1886.04
1441144224969951744,2425,0,10537,3,2020,-505.6
1441144224969951744,2425,0,10537,4,2020,-8578.85
1441144224969951744,2425,0,10537,5,2020,-8558.12
1441144224969951744,2425,0,10537,6,2020,-7510.9
1441144224969951744,2425,0,10537,7,2020,-5947.71
1441144224969951744,2425,0,10537,8,2020,-9084.14
1441144224969951744,2425,0,10537,9,2020,-2630.96
1441144224969951744,2425,0,10537,10,2020,7722.11
1441144224969951744,2425,0,10537,11,2020,258.93
1441144224969951744,2425,0,10537,12,2020,-2549.95
1441148117622947840,6074,7,16837,1,2020,-4919.17
1441148117622947840,6074,7,16837,2,2020,3767.81
1441148117622947840,6074,7,16837,3,2020,-3046.03
1441148117622947840,6074,7,16837,4,2020,-14834.73
1441148117622947840,6074,7,16837,5,2020,-11565.2
1441148117622947840,6074,7,16837,6,2020,-15256.19
1441148117622947840,6074,7,16837,7,2020,-19582.05
1441148117622947840,6074,7,16837,8,2020,-23150.55
1441148117622947840,6074,7,16837,9,2020,-25978.27
1441148117622947840,6074,7,16837,10,2020,-32519.96
1441148117622947840,6074,7,16837,11,2020,-44185.48
1441148117622947840,6074,7,16837,12,2020,-37415.64
1441660945218883328,8045,0,51262,1,2020,-837.29
1441660945218883328,8045,0,51262,2,2020,-2485.31
1441660945218883328,8045,0,51262,3,2020,-2947.2
1441660945218883328,8045,0,51262,4,2020,-1118.67
1441660945218883328,8045,0,51262,5,2020,1404.37
1441660945218883328,8045,0,51262,6,2020,455.49
1441660945218883328,8045,0,51262,7,2020,-13009.15
1441660945218883328,8045,0,51262,8,2020,-12265.02
1441660945218883328,8045,0,51262,9,2020,-5464.76
1441660945218883328,8045,0,51262,10,2020,-6925.21
1441660945218883328,8045,0,51262,11,2020,-9908.55
1441660945218883328,8045,0,51262,12,2020,-2541.26
1444728808845374464,8778,3,88481,1,2020,159.89
1444728808845374464,8778,3,88481,2,2020,7039.22
1444728808845374464,8778,3,88481,3,2020,7748.8
1444728808845374464,8778,3,88481,4,2020,7536.57
1444728808845374464,8778,3,88481,5,2020,7258.73
1444728808845374464,8778,3,88481,6,2020,3785.96
1444728808845374464,8778,3,88481,7,2020,3595.25
1444728808845374464,8778,3,88481,8,2020,8034.28
1444728808845374464,8778,3,88481,9,2020,6221.82
1444728808845374464,8778,3,88481,10,2020,9493.81
1444728808845374464,8778,3,88481,11,2020,7040.44
1444728808845374464,8778,3,88481,12,2020,8102.65
144629451756140608,3340,7,20262,1,2020,4212.25
144629451756140608,3340,7,20262,2,2020,2371.3
144629451756140608,3340,7,20262,3,2020,3971.55
144629451756140608,3340,7,20262,4,2020,7371.76
144629451756140608,3340,7,20262,5,2020,6821.85
144629451756140608,3340,7,20262,6,2020,7545.89
144629451756140608,3340,7,20262,7,2020,10555.16
144629451756140608,3340,7,20262,8,2020,3368.21
144629451756140608,3340,7,20262,9,2020,1638.88
144629451756140608,3340,7,20262,10,2020,7268.2
144629451756140608,3340,7,20262,11,2020,12670.19
144629451756140608,3340,7,20262,12,2020,11124.4
1447073915856445184,3020,7,92516,1,2020,-1740.98
1447073915856445184,3020,7,92516,2,2020,-5992.04
1447073915856445184,3020,7,92516,3,2020,-11020.85
1447073915856445184,3020,7,92516,4,2020,-11089.41
1447073915856445184,3020,7,92516,5,2020,-9151.3
1447073915856445184,3020,7,92516,6,2020,-5920.47
1447073915856445184,3020,7,92516,7,2020,-42.04
1447073915856445184,3020,7,92516,8,2020,5654.72
1447073915856445184,3020,7,92516,9,2020,8954.77
1447073915856445184,3020,7,92516,10,2020,4989.35
1447073915856445184,3020,7,92516,11,2020,5227.89
1447073915856445184,3020,7,92516,12,2020,11751.34
1447576352112581888,1333,9,82259,1,2020,1736.8
1447576352112581888,1333,9,82259,2,2020,6432.7
1447576352112581888,1333,9,82259,3,2020,4745.41
1447576352112581888,1333,9,82259,4,2020,8570.87
1447576352112581888,1333,9,82259,5,2020,5927.18
1447576352112581888,1333,9,82259,6,2020,12464.63
1447576352112581888,1333,9,82259,7,2020,14402.14
1447576352112581888,1333,9,82259,8,2020,14706.01
1447576352112581888,1333,9,82259,9,2020,6170.66
1447576352112581888,1333,9,82259,10,2020,6094.36
1447576352112581888,1333,9,82259,11,2020,5429.13
1447576352112581888,1333,9,82259,12,2020,6527.02
1448762830406193152,4703,5,26641,1,2020,-1325.31
1448762830406193152,4703,5,26641,2,2020,-3601.74
1448762830406193152,4703,5,26641,3,2020,-2189.18
1448762830406193152,4703,5,26641,4,2020,-10349.88
1448762830406193152,4703,5,26641,5,2020,-13934.16
1448762830406193152,4703,5,26641,6,2020,-12876.39
1448762830406193152,4703,5,26641,7,2020,-12119.9
1448762830406193152,4703,5,26641,8,2020,-20723.17
1448762830406193152,4703,5,26641,9,2020,-14717.25
1448762830406193152,4703,5,26641,10,2020,-8903.62
1448762830406193152,4703,5,26641,11,2020,-7431.22
1448762830406193152,4703,5,26641,12,2020,-3529.72
1449375066214038016,186,4,75844,1,2020,1481.97
1449375066214038016,186,4,75844,2,2020,-760.49
1449375066214038016,186,4,75844,3,2020,640.65
1449375066214038016,186,4,75844,4,2020,-2257.7
1449375066214038016,186,4,75844,5,2020,-4948.61
1449375066214038016,186,4,75844,6,2020,-4283.93
1449375066214038016,186,4,75844,7,2020,-4279.47
1449375066214038016,186,4,75844,8,2020,-4343.86
1449375066214038016,186,4,75844,9,2020,-5366.8
1449375066214038016,186,4,75844,10,2020,-1650.51
1449375066214038016,186,4,75844,11,2020,-2485.0
1449375066214038016,186,4,75844,12,2020,-7306.7
1449654163258910720,2443,1,86199,1,2020,4614.01
1449654163258910720,2443,1,86199,2,2020,5818.86
1449654163258910720,2443,1,86199,3,2020,5707.47
1449654163258910720,2443,1,86199,4,2020,5284.49
1449654163258910720,2443,1,86199,5,2020,9240.78
1449654163258910720,2443,1,86199,6,2020,7736.55
1449654163258910720,2443,1,86199,7,2020,20884.33
1449654163258910720,2443,1,86199,8,2020,13062.85
1449654163258910720,2443,1,86199,9,2020,20914.84
1449654163258910720,2443,1,86199,10,2020,23754.05
1449654163258910720,2443,1,86199,11,2020,23851.75
1449654163258910720,2443,1,86199,12,2020,26634.01
1450366231705029632,4358,9,83360,1,2020,4561.02
1450366231705029632,4358,9,83360,2,2020,4959.27
1450366231705029632,4358,9,83360,3,2020,8307.09
1450366231705029632,4358,9,83360,4,2020,12175.19
1450366231705029632,4358,9,83360,5,2020,15280.76
1450366231705029632,4358,9,83360,6,2020,11632.18
1450366231705029632,4358,9,83360,7,2020,13485.59
1450366231705029632,4358,9,83360,8,2020,9450.22
1450366231705029632,4358,9,83360,9,2020,6780.73
1450366231705029632,4358,9,83360,10,2020,7610.17
1450366231705029632,4358,9,83360,11,2020,3909.92
1450366231705029632,4358,9,83360,12,2020,6233.48
1450829686320384256,829,7,74167,1,2020,7002.92
1450829686320384256,829,7,74167,2,2020,11809.11
1450829686320384256,829,7,74167,3,2020,15300.81
1450829686320384256,829,7,74167,4,2020,16165.11
1450829686320384256,829,7,74167,5,2020,18528.77
1450829686320384256,829,7,74167,6,2020,13411.45
1450829686320384256,829,7,74167,7,2020,10349.95
1450829686320384256,829,7,74167,8,2020,15757.24
1450829686320384256,829,7,74167,9,2020,12115.94
1450829686320384256,829,7,74167,10,2020,14859.34
1450829686320384256,829,7,74167,11,2020,14364.06
1450829686320384256,829,7,74167,12,2020,16363.46
1454266535462902016,3771,2,18129,1,2020,-1507.29
1454266535462902016,3771,2,18129,2,2020,-4552.3
1454266535462902016,3771,2,18129,3,2020,-1112.54
1454266535462902016,3771,2,18129,4,2020,-4047.27
1454266535462902016,3771,2,18129,5,2020,-3820.99
1454266535462902016,3771,2,18129,6,2020,-6079.07
1454266535462902016,3771,2,18129,7,2020,-3606.99
1454266535462902016,3771,2,18129,8,2020,-7500.71
1454266535462902016,3771,2,18129,9,2020,-14724.53
1454266535462902016,3771,2,18129,10,2020,-12210.56
1454266535462902016,3771,2,18129,11,2020,-11183.71
1454266535462902016,3771,2,18129,12,2020,-7743.22
1454276179988763392,8833,4,51878,1,2020,-2506.74
1454276179988763392,8833,4,51878,2,2020,-5321.1
1454276179988763392,8833,4,51878,3,2020,-8557.49
1454276179988763392,8833,4,51878,4,2020,-1453.94
1454276179988763392,8833,4,51878,5,2020,177.19
1454276179988763392,8833,4,51878,6,2020,-2640.6
1454276179988763392,8833,4,51878,7,2020,9574.68
1454276179988763392,8833,4,51878,8,2020,5015.29
1454276179988763392,8833,4,51878,9,2020,9867.4
1454276179988763392,8833,4,51878,10,2020,2471.38
1454276179988763392,8833,4,51878,11,2020,-117.85
1454276179988763392,8833,4,51878,12,2020,5519.94
1454378402674204928,6051,4,26866,1,2020,3207.36
1454378402674204928,6051,4,26866,2,2020,2268.31
1454378402674204928,6051,4,26866,3,2020,6890.84
1454378402674204928,6051,4,26866,4,2020,9091.55
1454378402674204928,6051,4,26866,5,2020,10957.13
1454378402674204928,6051,4,26866,6,2020,11910.78
1454378402674204928,6051,4,26866,7,2020,5047.04
1454378402674204928,6051,4,26866,8,2020,-1308.83
1454378402674204928,6051,4,26866,9,2020,4349.59
1454378402674204928,6051,4,26866,10,2020,-6092.58
1454378402674204928,6051,4,26866,11,2020,-5141.84
