2428028740350766080,4382,6,89344,11,2020,-2234.43
2428028740350766080,4382,6,89344,12,2020,3810.43
2429134453534005760,6802,4,1272,1,2020,-1684.62
2429134453534005760,6802,4,1272,2,2020,-4025.62
2429134453534005760,6802,4,1272,3,2020,-5355.13
2429134453534005760,6802,4,1272,4,2020,-5118.27
2429134453534005760,6802,4,1272,5,2020,-4551.94
2429134453534005760,6802,4,1272,6,2020,-3446.77
2429134453534005760,6802,4,1272,7,2020,-8916.99
2429134453534005760,6802,4,1272,8,2020,-9372.43
2429134453534005760,6802,4,1272,9,2020,-12278.51
2429134453534005760,6802,4,1272,10,2020,-11875.0
2429134453534005760,6802,4,1272,11,2020,-11575.94
2429134453534005760,6802,4,1272,12,2020,-15236.07
242996732329793568,3828,8,25815,1,2020,-736.56
242996732329793568,3828,8,25815,2,2020,-6498.46
242996732329793568,3828,8,25815,3,2020,-2823.53
242996732329793568,3828,8,25815,4,2020,-3684.86
242996732329793568,3828,8,25815,5,2020,-3747.2
242996732329793568,3828,8,25815,6,2020,-2436.21
242996732329793568,3828,8,25815,7,2020,-6235.32
242996732329793568,3828,8,25815,8,2020,-8366.68
242996732329793568,3828,8,25815,9,2020,-7680.45
242996732329793568,3828,8,25815,10,2020,-7239.89
242996732329793568,3828,8,25815,11,2020,-6929.57
242996732329793568,3828,8,25815,12,2020,-8160.67
2430134870409318400,6183,1,98717,1,2020,-6929.19
2430134870409318400,6183,1,98717,2,2020,-94.61
2430134870409318400,6183,1,98717,3,2020,2731.72
2430134870409318400,6183,1,98717,4,2020,-5989.41
2430134870409318400,6183,1,98717,5,2020,-2224.26
2430134870409318400,6183,1,98717,6,2020,5653.68
2430134870409318400,6183,1,98717,7,2020,7489.41
2430134870409318400,6183,1,98717,8,2020,17975.09
2430134870409318400,6183,1,98717,9,2020,19801.41
2430134870409318400,6183,1,98717,10,2020,26689.95
2430134870409318400,6183,1,98717,11,2020,24428.45
2430134870409318400,6183,1,98717,12,2020,18891.94
2430227755557971968,5107,4,88175,1,2020,-6618.64
2430227755557971968,5107,4,88175,2,2020,-6752.37
2430227755557971968,5107,4,88175,3,2020,-2120.03
2430227755557971968,5107,4,88175,4,2020,4295.92
2430227755557971968,5107,4,88175,5,2020,5046.95
2430227755557971968,5107,4,88175,6,2020,4726.16
2430227755557971968,5107,4,88175,7,2020,2902.84
2430227755557971968,5107,4,88175,8,2020,257.67
2430227755557971968,5107,4,88175,9,2020,367.08
2430227755557971968,5107,4,88175,10,2020,4717.0
2430227755557971968,5107,4,88175,11,2020,-2685.11
2430227755557971968,5107,4,88175,12,2020,-5926.48
2431622172241977856,9567,5,46833,1,2020,443.14
2431622172241977856,9567,5,46833,2,2020,823.23
2431622172241977856,9567,5,46833,3,2020,-511.87
2431622172241977856,9567,5,46833,4,2020,768.28
2431622172241977856,9567,5,46833,5,2020,1860.3
2431622172241977856,9567,5,46833,6,2020,165.8
2431622172241977856,9567,5,46833,7,2020,-595.88
2431622172241977856,9567,5,46833,8,2020,4852.73
2431622172241977856,9567,5,46833,9,2020,6276.94
2431622172241977856,9567,5,46833,10,2020,5556.07
2431622172241977856,9567,5,46833,11,2020,6352.98
2431622172241977856,9567,5,46833,12,2020,8376.75
2432646582794764288,4951,6,23094,1,2020,149.79
2432646582794764288,4951,6,23094,2,2020,-2150.97
2432646582794764288,4951,6,23094,3,2020,-3310.79
2432646582794764288,4951,6,23094,4,2020,1398.4
2432646582794764288,4951,6,23094,5,2020,5273.52
2432646582794764288,4951,6,23094,6,2020,6707.84
2432646582794764288,4951,6,23094,7,2020,877.63
2432646582794764288,4951,6,23094,8,2020,5743.12
2432646582794764288,4951,6,23094,9,2020,14427.19
2432646582794764288,4951,6,23094,10,2020,17985.85
2432646582794764288,4951,6,23094,11,2020,11039.13
2432646582794764288,4951,6,23094,12,2020,10213.24
2432961954951705088,2718,2,94207,1,2020,1845.78
2432961954951705088,2718,2,94207,2,2020,1250.1
2432961954951705088,2718,2,94207,3,2020,-703.35
2432961954951705088,2718,2,94207,4,2020,-2842.76
2432961954951705088,2718,2,94207,5,2020,-1736.85
2432961954951705088,2718,2,94207,6,2020,1311.49
2432961954951705088,2718,2,94207,7,2020,11630.36
2432961954951705088,2718,2,94207,8,2020,7144.76
2432961954951705088,2718,2,94207,9,2020,6056.4
2432961954951705088,2718,2,94207,10,2020,10375.47
2432961954951705088,2718,2,94207,11,2020,7402.48
2432961954951705088,2718,2,94207,12,2020,3946.92
2433911502061852672,9501,8,77427,1,2020,-17.63
2433911502061852672,9501,8,77427,2,2020,-580.27
2433911502061852672,9501,8,77427,3,2020,4184.9
2433911502061852672,9501,8,77427,4,2020,-1814.43
2433911502061852672,9501,8,77427,5,2020,656.63
2433911502061852672,9501,8,77427,6,2020,5622.45
2433911502061852672,9501,8,77427,7,2020,9251.11
2433911502061852672,9501,8,77427,8,2020,10972.99
2433911502061852672,9501,8,77427,9,2020,7172.43
2433911502061852672,9501,8,77427,10,2020,6327.09
2433911502061852672,9501,8,77427,11,2020,15779.43
2433911502061852672,9501,8,77427,12,2020,5761.45
2434518816809026560,9269,3,14659,1,2020,-2225.16
2434518816809026560,9269,3,14659,2,2020,1340.33
2434518816809026560,9269,3,14659,3,2020,7895.99
2434518816809026560,9269,3,14659,4,2020,8056.32
2434518816809026560,9269,3,14659,5,2020,1387.45
2434518816809026560,9269,3,14659,6,2020,7283.93
2434518816809026560,9269,3,14659,7,2020,7684.9
2434518816809026560,9269,3,14659,8,2020,11043.6
2434518816809026560,9269,3,14659,9,2020,19317.24
2434518816809026560,9269,3,14659,10,2020,18867.73
2434518816809026560,9269,3,14659,11,2020,18093.65
2434518816809026560,9269,3,14659,12,2020,17244.17
2438505975766077440,5683,9,90348,1,2020,414.93
2438505975766077440,5683,9,90348,2,2020,-1413.65
2438505975766077440,5683,9,90348,3,2020,-1413.65
2438505975766077440,5683,9,90348,4,2020,-1413.65
2438505975766077440,5683,9,90348,5,2020,-2677.74
2438505975766077440,5683,9,90348,6,2020,-2395.78
2438505975766077440,5683,9,90348,7,2020,-2395.78
2438505975766077440,5683,9,90348,8,2020,-2395.78
2438505975766077440,5683,9,90348,9,2020,-2073.72
2438505975766077440,5683,9,90348,10,2020,-681.73
2438505975766077440,5683,9,90348,11,2020,-1504.84
2438505975766077440,5683,9,90348,12,2020,-2685.82
2438764369795188736,4615,6,32491,1,2020,385.38
2438764369795188736,4615,6,32491,2,2020,1765.19
2438764369795188736,4615,6,32491,3,2020,964.51
2438764369795188736,4615,6,32491,4,2020,3963.78
2438764369795188736,4615,6,32491,5,2020,5384.9
2438764369795188736,4615,6,32491,6,2020,5384.9
2438764369795188736,4615,6,32491,7,2020,8029.57
2438764369795188736,4615,6,32491,8,2020,10992.4
2438764369795188736,4615,6,32491,9,2020,9485.34
2438764369795188736,4615,6,32491,10,2020,10346.94
2438764369795188736,4615,6,32491,11,2020,13679.51
2438764369795188736,4615,6,32491,12,2020,11101.8
2438857635636335616,5777,5,14107,1,2020,-3784.03
2438857635636335616,5777,5,14107,2,2020,-6584.82
2438857635636335616,5777,5,14107,3,2020,-8381.6
2438857635636335616,5777,5,14107,4,2020,-13982.87
2438857635636335616,5777,5,14107,5,2020,-16559.52
2438857635636335616,5777,5,14107,6,2020,-16424.54
2438857635636335616,5777,5,14107,7,2020,-16265.39
2438857635636335616,5777,5,14107,8,2020,-19349.11
2438857635636335616,5777,5,14107,9,2020,-21005.71
2438857635636335616,5777,5,14107,10,2020,-19740.57
2438857635636335616,5777,5,14107,11,2020,-14181.15
2438857635636335616,5777,5,14107,12,2020,-17275.31
2438956160448236544,1326,9,63309,1,2020,457.65
2438956160448236544,1326,9,63309,2,2020,1072.86
2438956160448236544,1326,9,63309,3,2020,3188.85
2438956160448236544,1326,9,63309,4,2020,-31.68
2438956160448236544,1326,9,63309,5,2020,-3528.68
2438956160448236544,1326,9,63309,6,2020,-9510.73
2438956160448236544,1326,9,63309,7,2020,-12426.69
2438956160448236544,1326,9,63309,8,2020,-13660.94
2438956160448236544,1326,9,63309,9,2020,-11952.94
2438956160448236544,1326,9,63309,10,2020,-11253.64
2438956160448236544,1326,9,63309,11,2020,-11654.44
2438956160448236544,1326,9,63309,12,2020,-6481.9
2439489649889953280,7946,3,52746,1,2020,0.0
2439489649889953280,7946,3,52746,2,2020,0.0
2439489649889953280,7946,3,52746,3,2020,326.23
2439489649889953280,7946,3,52746,4,2020,326.23
2439489649889953280,7946,3,52746,5,2020,326.23
2439489649889953280,7946,3,52746,6,2020,-328.53
2439489649889953280,7946,3,52746,7,2020,-328.53
2439489649889953280,7946,3,52746,8,2020,509.95
2439489649889953280,7946,3,52746,9,2020,509.95
2439489649889953280,7946,3,52746,10,2020,2581.44
2439489649889953280,7946,3,52746,11,2020,2064.73
2439489649889953280,7946,3,52746,12,2020,577.49
2439667109590728192,8875,2,57059,1,2020,1849.43
2439667109590728192,8875,2,57059,2,2020,387.09
2439667109590728192,8875,2,57059,3,2020,7228.3
2439667109590728192,8875,2,57059,4,2020,3279.1
2439667109590728192,8875,2,57059,5,2020,7321.09
2439667109590728192,8875,2,57059,6,2020,9621.47
2439667109590728192,8875,2,57059,7,2020,17828.99
2439667109590728192,8875,2,57059,8,2020,17751.18
2439667109590728192,8875,2,57059,9,2020,14079.83
2439667109590728192,8875,2,57059,10,2020,10304.76
2439667109590728192,8875,2,57059,11,2020,12260.11
2439667109590728192,8875,2,57059,12,2020,10590.26
2440123256273428480,6859,9,93371,1,2020,-4435.62
2440123256273428480,6859,9,93371,2,2020,-8329.34
2440123256273428480,6859,9,93371,3,2020,-7176.96
2440123256273428480,6859,9,93371,4,2020,-4631.44
2440123256273428480,6859,9,93371,5,2020,-5451.1
2440123256273428480,6859,9,93371,6,2020,-4481.98
2440123256273428480,6859,9,93371,7,2020,2975.82
2440123256273428480,6859,9,93371,8,2020,3836.71
2440123256273428480,6859,9,93371,9,2020,2532.73
2440123256273428480,6859,9,93371,10,2020,4639.15
2440123256273428480,6859,9,93371,11,2020,2273.98
2440123256273428480,6859,9,93371,12,2020,8913.88
2440286574305995264,5488,3,63672,1,2020,763.19
2440286574305995264,5488,3,63672,2,2020,2283.97
2440286574305995264,5488,3,63672,3,2020,840.19
2440286574305995264,5488,3,63672,4,2020,2748.31
2440286574305995264,5488,3,63672,5,2020,1798.89
2440286574305995264,5488,3,63672,6,2020,4028.48
2440286574305995264,5488,3,63672,7,2020,5010.84
2440286574305995264,5488,3,63672,8,2020,6079.04
2440286574305995264,5488,3,63672,9,2020,7170.68
2440286574305995264,5488,3,63672,10,2020,8812.03
2440286574305995264,5488,3,63672,11,2020,11736.83
2440286574305995264,5488,3,63672,12,2020,10830.36
244052804909135264,1008,3,79418,1,2020,-66.31
244052804909135264,1008,3,79418,2,2020,-8342.64
244052804909135264,1008,3,79418,3,2020,-13049.05
244052804909135264,1008,3,79418,4,2020,-17734.35
244052804909135264,1008,3,79418,5,2020,-14907.47
244052804909135264,1008,3,79418,6,2020,-10945.93
244052804909135264,1008,3,79418,7,2020,-22595.42
244052804909135264,1008,3,79418,8,2020,-21102.22
244052804909135264,1008,3,79418,9,2020,-10830.98
244052804909135264,1008,3,79418,10,2020,-6608.15
244052804909135264,1008,3,79418,11,2020,1975.45
244052804909135264,1008,3,79418,12,2020,-4316.8
244215509342831328,9591,7,57802,1,2020,0.0
244215509342831328,9591,7,57802,2,2020,-432.15
244215509342831328,9591,7,57802,3,2020,-4053.89
244215509342831328,9591,7,57802,4,2020,-292.34
244215509342831328,9591,7,57802,5,2020,1714.3
244215509342831328,9591,7,57802,6,2020,4998.81
244215509342831328,9591,7,57802,7,2020,4209.32
244215509342831328,9591,7,57802,8,2020,5138.15
244215509342831328,9591,7,57802,9,2020,3149.9
244215509342831328,9591,7,57802,10,2020,3466.49
244215509342831328,9591,7,57802,11,2020,1807.12
244215509342831328,9591,7,57802,12,2020,2291.84
2443537054824091136,7476,4,7212,1,2020,7704.62
2443537054824091136,7476,4,7212,2,2020,7136.43
2443537054824091136,7476,4,7212,3,2020,-142.42
2443537054824091136,7476,4,7212,4,2020,-6425.83
2443537054824091136,7476,4,7212,5,2020,-6403.7
2443537054824091136,7476,4,7212,6,2020,-1594.2
2443537054824091136,7476,4,7212,7,2020,4298.35
2443537054824091136,7476,4,7212,8,2020,-274.69
