1305691642190616832,2679,7,74625,7,2020,13841.92
1305691642190616832,2679,7,74625,8,2020,3791.8
1305691642190616832,2679,7,74625,9,2020,16027.78
1305691642190616832,2679,7,74625,10,2020,12627.68
1305691642190616832,2679,7,74625,11,2020,9293.11
1305691642190616832,2679,7,74625,12,2020,-879.63
1305722722368621056,2510,5,50237,1,2020,-385.48
1305722722368621056,2510,5,50237,2,2020,-1164.26
1305722722368621056,2510,5,50237,3,2020,-1297.65
1305722722368621056,2510,5,50237,4,2020,-784.7
1305722722368621056,2510,5,50237,5,2020,774.22
1305722722368621056,2510,5,50237,6,2020,-1713.87
1305722722368621056,2510,5,50237,7,2020,-4622.12
1305722722368621056,2510,5,50237,8,2020,-5480.72
1305722722368621056,2510,5,50237,9,2020,-1996.25
1305722722368621056,2510,5,50237,10,2020,-6343.27
1305722722368621056,2510,5,50237,11,2020,-2833.17
1305722722368621056,2510,5,50237,12,2020,-5945.82
1306572879193403904,4101,0,1408,1,2020,2001.21
1306572879193403904,4101,0,1408,2,2020,4702.71
1306572879193403904,4101,0,1408,3,2020,3798.06
1306572879193403904,4101,0,1408,4,2020,8485.76
1306572879193403904,4101,0,1408,5,2020,7794.59
1306572879193403904,4101,0,1408,6,2020,5054.03
1306572879193403904,4101,0,1408,7,2020,14290.57
1306572879193403904,4101,0,1408,8,2020,15468.31
1306572879193403904,4101,0,1408,9,2020,7737.08
1306572879193403904,4101,0,1408,10,2020,3904.68
1306572879193403904,4101,0,1408,11,2020,6611.99
1306572879193403904,4101,0,1408,12,2020,10657.93
1308733329046531072,6968,9,30681,1,2020,-5630.08
1308733329046531072,6968,9,30681,2,2020,-4696.63
1308733329046531072,6968,9,30681,3,2020,-5895.23
1308733329046531072,6968,9,30681,4,2020,3449.01
1308733329046531072,6968,9,30681,5,2020,2004.01
1308733329046531072,6968,9,30681,6,2020,4375.15
1308733329046531072,6968,9,30681,7,2020,6954.61
1308733329046531072,6968,9,30681,8,2020,8669.81
1308733329046531072,6968,9,30681,9,2020,10879.45
1308733329046531072,6968,9,30681,10,2020,8351.26
1308733329046531072,6968,9,30681,11,2020,-636.38
1308733329046531072,6968,9,30681,12,2020,2532.6
1308770574406036224,2475,0,27418,1,2020,-2224.63
1308770574406036224,2475,0,27418,2,2020,-486.47
1308770574406036224,2475,0,27418,3,2020,1633.79
1308770574406036224,2475,0,27418,4,2020,2105.47
1308770574406036224,2475,0,27418,5,2020,2260.75
1308770574406036224,2475,0,27418,6,2020,5688.11
1308770574406036224,2475,0,27418,7,2020,3882.96
1308770574406036224,2475,0,27418,8,2020,45.41
1308770574406036224,2475,0,27418,9,2020,2366.49
1308770574406036224,2475,0,27418,10,2020,1429.8
1308770574406036224,2475,0,27418,11,2020,2140.71
1308770574406036224,2475,0,27418,12,2020,2204.56
1309303800661990656,1136,7,41872,1,2020,613.21
1309303800661990656,1136,7,41872,2,2020,6646.85
1309303800661990656,1136,7,41872,3,2020,8133.39
1309303800661990656,1136,7,41872,4,2020,6020.75
1309303800661990656,1136,7,41872,5,2020,8096.4
1309303800661990656,1136,7,41872,6,2020,6682.47
1309303800661990656,1136,7,41872,7,2020,10399.08
1309303800661990656,1136,7,41872,8,2020,17030.79
1309303800661990656,1136,7,41872,9,2020,14360.43
1309303800661990656,1136,7,41872,10,2020,18916.03
1309303800661990656,1136,7,41872,11,2020,21360.07
1309303800661990656,1136,7,41872,12,2020,22719.0
1310223798871125760,935,6,71501,1,2020,4852.78
1310223798871125760,935,6,71501,2,2020,-397.06
1310223798871125760,935,6,71501,3,2020,-7198.83
1310223798871125760,935,6,71501,4,2020,-4256.54
1310223798871125760,935,6,71501,5,2020,-9359.08
1310223798871125760,935,6,71501,6,2020,-3479.67
1310223798871125760,935,6,71501,7,2020,-1993.97
1310223798871125760,935,6,71501,8,2020,9756.39
1310223798871125760,935,6,71501,9,2020,15896.35
1310223798871125760,935,6,71501,10,2020,15922.41
1310223798871125760,935,6,71501,11,2020,8759.76
1310223798871125760,935,6,71501,12,2020,8883.25
1312347015083651840,3109,3,4529,1,2020,-955.57
1312347015083651840,3109,3,4529,2,2020,-2214.99
1312347015083651840,3109,3,4529,3,2020,-2683.06
1312347015083651840,3109,3,4529,4,2020,-3683.19
1312347015083651840,3109,3,4529,5,2020,-3049.08
1312347015083651840,3109,3,4529,6,2020,-4563.58
1312347015083651840,3109,3,4529,7,2020,-2512.74
1312347015083651840,3109,3,4529,8,2020,4139.32
1312347015083651840,3109,3,4529,9,2020,965.81
1312347015083651840,3109,3,4529,10,2020,1457.54
1312347015083651840,3109,3,4529,11,2020,306.79
1312347015083651840,3109,3,4529,12,2020,3172.76
1312752446780624384,2153,7,72914,1,2020,9438.53
1312752446780624384,2153,7,72914,2,2020,13658.37
1312752446780624384,2153,7,72914,3,2020,6368.5
1312752446780624384,2153,7,72914,4,2020,8846.01
1312752446780624384,2153,7,72914,5,2020,9126.6
1312752446780624384,2153,7,72914,6,2020,9567.58
1312752446780624384,2153,7,72914,7,2020,7262.8
1312752446780624384,2153,7,72914,8,2020,8930.07
1312752446780624384,2153,7,72914,9,2020,1307.6
1312752446780624384,2153,7,72914,10,2020,-3219.96
1312752446780624384,2153,7,72914,11,2020,-2835.41
1312752446780624384,2153,7,72914,12,2020,1600.41
1312941847963101696,8460,6,94827,1,2020,3459.85
1312941847963101696,8460,6,94827,2,2020,2706.07
1312941847963101696,8460,6,94827,3,2020,1468.76
1312941847963101696,8460,6,94827,4,2020,4798.66
1312941847963101696,8460,6,94827,5,2020,8382.97
1312941847963101696,8460,6,94827,6,2020,8000.46
1312941847963101696,8460,6,94827,7,2020,8234.62
1312941847963101696,8460,6,94827,8,2020,11514.9
1312941847963101696,8460,6,94827,9,2020,11665.2
1312941847963101696,8460,6,94827,10,2020,10944.17
1312941847963101696,8460,6,94827,11,2020,3664.6
1312941847963101696,8460,6,94827,12,2020,8364.24
1313471562796828416,3341,4,48242,1,2020,2686.89
1313471562796828416,3341,4,48242,2,2020,1199.0
1313471562796828416,3341,4,48242,3,2020,-3237.99
1313471562796828416,3341,4,48242,4,2020,-2493.78
1313471562796828416,3341,4,48242,5,2020,-7594.38
1313471562796828416,3341,4,48242,6,2020,-8460.76
1313471562796828416,3341,4,48242,7,2020,-6775.38
1313471562796828416,3341,4,48242,8,2020,-5004.28
1313471562796828416,3341,4,48242,9,2020,-5685.1
1313471562796828416,3341,4,48242,10,2020,-5748.67
1313471562796828416,3341,4,48242,11,2020,-9727.99
1313471562796828416,3341,4,48242,12,2020,-10304.69
1314654042677529344,2938,2,13718,1,2020,-1214.69
1314654042677529344,2938,2,13718,2,2020,1487.31
1314654042677529344,2938,2,13718,3,2020,3801.38
1314654042677529344,2938,2,13718,4,2020,7652.67
1314654042677529344,2938,2,13718,5,2020,9113.48
1314654042677529344,2938,2,13718,6,2020,8599.5
1314654042677529344,2938,2,13718,7,2020,12557.04
1314654042677529344,2938,2,13718,8,2020,15840.34
1314654042677529344,2938,2,13718,9,2020,14426.31
1314654042677529344,2938,2,13718,10,2020,19656.74
1314654042677529344,2938,2,13718,11,2020,21974.83
1314654042677529344,2938,2,13718,12,2020,21237.16
1314973797055915776,1731,7,76466,1,2020,2724.08
1314973797055915776,1731,7,76466,2,2020,10493.25
1314973797055915776,1731,7,76466,3,2020,13988.02
1314973797055915776,1731,7,76466,4,2020,12312.25
1314973797055915776,1731,7,76466,5,2020,6136.79
1314973797055915776,1731,7,76466,6,2020,9115.29
1314973797055915776,1731,7,76466,7,2020,3025.65
1314973797055915776,1731,7,76466,8,2020,3695.38
1314973797055915776,1731,7,76466,9,2020,8323.66
1314973797055915776,1731,7,76466,10,2020,7154.96
1314973797055915776,1731,7,76466,11,2020,1683.75
1314973797055915776,1731,7,76466,12,2020,3857.73
1314999743158984704,6209,2,8718,1,2020,5006.55
1314999743158984704,6209,2,8718,2,2020,-741.01
1314999743158984704,6209,2,8718,3,2020,-1002.03
1314999743158984704,6209,2,8718,4,2020,4396.07
1314999743158984704,6209,2,8718,5,2020,-2565.58
1314999743158984704,6209,2,8718,6,2020,-6930.13
1314999743158984704,6209,2,8718,7,2020,-10500.37
1314999743158984704,6209,2,8718,8,2020,-7355.13
1314999743158984704,6209,2,8718,9,2020,-135.46
1314999743158984704,6209,2,8718,10,2020,-2218.1
1314999743158984704,6209,2,8718,11,2020,-2460.73
1314999743158984704,6209,2,8718,12,2020,-3772.28
131530041744091664,6251,2,81506,1,2020,271.97
131530041744091664,6251,2,81506,2,2020,-2739.25
131530041744091664,6251,2,81506,3,2020,-9299.5
131530041744091664,6251,2,81506,4,2020,-12991.88
131530041744091664,6251,2,81506,5,2020,-13298.4
131530041744091664,6251,2,81506,6,2020,-13582.78
131530041744091664,6251,2,81506,7,2020,-12554.35
131530041744091664,6251,2,81506,8,2020,-14232.57
131530041744091664,6251,2,81506,9,2020,-17740.91
131530041744091664,6251,2,81506,10,2020,-20842.21
131530041744091664,6251,2,81506,11,2020,-22171.86
131530041744091664,6251,2,81506,12,2020,-24819.01
1316442317435692032,899,2,54467,1,2020,-2846.03
1316442317435692032,899,2,54467,2,2020,-10318.04
1316442317435692032,899,2,54467,3,2020,-6933.61
1316442317435692032,899,2,54467,4,2020,-10674.19
1316442317435692032,899,2,54467,5,2020,-8675.71
1316442317435692032,899,2,54467,6,2020,-5864.25
1316442317435692032,899,2,54467,7,2020,-2995.36
1316442317435692032,899,2,54467,8,2020,1682.72
1316442317435692032,899,2,54467,9,2020,1491.04
1316442317435692032,899,2,54467,10,2020,-1115.77
1316442317435692032,899,2,54467,11,2020,-1634.99
1316442317435692032,899,2,54467,12,2020,570.4
131854226170914688,9010,3,83712,1,2020,2198.37
131854226170914688,9010,3,83712,2,2020,8349.98
131854226170914688,9010,3,83712,3,2020,7746.8
131854226170914688,9010,3,83712,4,2020,-3044.44
131854226170914688,9010,3,83712,5,2020,-2025.86
131854226170914688,9010,3,83712,6,2020,-7838.16
131854226170914688,9010,3,83712,7,2020,-4327.29
131854226170914688,9010,3,83712,8,2020,328.85
131854226170914688,9010,3,83712,9,2020,-4948.61
131854226170914688,9010,3,83712,10,2020,-8681.68
131854226170914688,9010,3,83712,11,2020,-7982.23
131854226170914688,9010,3,83712,12,2020,-15710.1
1319328517104191232,244,0,83205,1,2020,3597.68
1319328517104191232,244,0,83205,2,2020,-86.4
1319328517104191232,244,0,83205,3,2020,-5063.15
1319328517104191232,244,0,83205,4,2020,-9090.27
1319328517104191232,244,0,83205,5,2020,-8413.9
1319328517104191232,244,0,83205,6,2020,-7348.51
1319328517104191232,244,0,83205,7,2020,-10147.59
1319328517104191232,244,0,83205,8,2020,-9671.07
1319328517104191232,244,0,83205,9,2020,-9741.8
1319328517104191232,244,0,83205,10,2020,-10628.05
1319328517104191232,244,0,83205,11,2020,-3593.07
1319328517104191232,244,0,83205,12,2020,-1022.87
1320401525072306688,8891,6,47736,1,2020,0.0
1320401525072306688,8891,6,47736,2,2020,0.0
1320401525072306688,8891,6,47736,3,2020,0.0
1320401525072306688,8891,6,47736,4,2020,2534.42
1320401525072306688,8891,6,47736,5,2020,2534.42
1320401525072306688,8891,6,47736,6,2020,2534.42
1320401525072306688,8891,6,47736,7,2020,4023.31
1320401525072306688,8891,6,47736,8,2020,5252.65
1320401525072306688,8891,6,47736,9,2020,4169.39
1320401525072306688,8891,6,47736,10,2020,4169.39
1320401525072306688,8891,6,47736,11,2020,2416.09
1320401525072306688,8891,6,47736,12,2020,3861.58
1322079868574707712,8791,4,40962,1,2020,-70.65
1322079868574707712,8791,4,40962,2,2020,-70.65
1322079868574707712,8791,4,40962,3,2020,-927.38
1322079868574707712,8791,4,40962,4,2020,-1241.63
1322079868574707712,8791,4,40962,5,2020,-855.01
1322079868574707712,8791,4,40962,6,2020,-2485.24
1322079868574707712,8791,4,40962,7,2020,-2485.24
1322079868574707712,8791,4,40962,8,2020,-1931.03
1322079868574707712,8791,4,40962,9,2020,-4099.97
1322079868574707712,8791,4,40962,10,2020,-2185.18
1322079868574707712,8791,4,40962,11,2020,-2185.18
1322079868574707712,8791,4,40962,12,2020,-1160.94
1322156118912871680,2134,4,45036,1,2020,0.0
1322156118912871680,2134,4,45036,2,2020,0.0
1322156118912871680,2134,4,45036,3,2020,1874.82
1322156118912871680,2134,4,45036,4,2020,2817.22
1322156118912871680,2134,4,45036,5,2020,2817.22
1322156118912871680,2134,4,45036,6,2020,2817.22
1322156118912871680,2134,4,45036,7,2020,4124.15
1322156118912871680,2134,4,45036,8,2020,4124.15
1322156118912871680,2134,4,45036,9,2020,4124.15
1322156118912871680,2134,4,45036,10,2020,4124.15
1322156118912871680,2134,4,45036,11,2020,4124.15
