1828741334767150080,7255,5,51500,7,2020,-17627.24
1828741334767150080,7255,5,51500,8,2020,-10210.66
1828741334767150080,7255,5,51500,9,2020,-5270.59
1828741334767150080,7255,5,51500,10,2020,7845.19
1828741334767150080,7255,5,51500,11,2020,1049.91
1828741334767150080,7255,5,51500,12,2020,-2919.0
1828753986840000256,2495,3,89646,1,2020,-324.87
1828753986840000256,2495,3,89646,2,2020,301.97
1828753986840000256,2495,3,89646,3,2020,-3161.12
1828753986840000256,2495,3,89646,4,2020,-2933.83
1828753986840000256,2495,3,89646,5,2020,-7473.91
1828753986840000256,2495,3,89646,6,2020,-6176.95
1828753986840000256,2495,3,89646,7,2020,-7902.87
1828753986840000256,2495,3,89646,8,2020,-9080.71
1828753986840000256,2495,3,89646,9,2020,-10546.82
1828753986840000256,2495,3,89646,10,2020,-14788.48
1828753986840000256,2495,3,89646,11,2020,-15218.49
1828753986840000256,2495,3,89646,12,2020,-17485.04
1830126086486154496,2729,4,60640,1,2020,6388.92
1830126086486154496,2729,4,60640,2,2020,3652.7
1830126086486154496,2729,4,60640,3,2020,4406.57
1830126086486154496,2729,4,60640,4,2020,2712.22
1830126086486154496,2729,4,60640,5,2020,5158.88
1830126086486154496,2729,4,60640,6,2020,7204.59
1830126086486154496,2729,4,60640,7,2020,6703.21
1830126086486154496,2729,4,60640,8,2020,4497.07
1830126086486154496,2729,4,60640,9,2020,3526.35
1830126086486154496,2729,4,60640,10,2020,6307.81
1830126086486154496,2729,4,60640,11,2020,4269.12
1830126086486154496,2729,4,60640,12,2020,738.76
1830590364538761472,1473,4,37980,1,2020,-1233.64
1830590364538761472,1473,4,37980,2,2020,-1023.88
1830590364538761472,1473,4,37980,3,2020,-4434.74
1830590364538761472,1473,4,37980,4,2020,-6449.35
1830590364538761472,1473,4,37980,5,2020,-9577.72
1830590364538761472,1473,4,37980,6,2020,-9544.96
1830590364538761472,1473,4,37980,7,2020,-9488.6
1830590364538761472,1473,4,37980,8,2020,-3556.09
1830590364538761472,1473,4,37980,9,2020,-3556.09
1830590364538761472,1473,4,37980,10,2020,-2298.27
1830590364538761472,1473,4,37980,11,2020,-3323.34
1830590364538761472,1473,4,37980,12,2020,-1223.2
1830872020874408704,4400,9,92797,1,2020,-951.96
1830872020874408704,4400,9,92797,2,2020,13529.38
1830872020874408704,4400,9,92797,3,2020,10872.28
1830872020874408704,4400,9,92797,4,2020,11508.97
1830872020874408704,4400,9,92797,5,2020,10244.17
1830872020874408704,4400,9,92797,6,2020,14544.02
1830872020874408704,4400,9,92797,7,2020,6869.2
1830872020874408704,4400,9,92797,8,2020,8581.36
1830872020874408704,4400,9,92797,9,2020,4039.14
1830872020874408704,4400,9,92797,10,2020,7031.54
1830872020874408704,4400,9,92797,11,2020,1738.37
1830872020874408704,4400,9,92797,12,2020,1736.13
1830950928577913088,3284,2,63557,1,2020,503.28
1830950928577913088,3284,2,63557,2,2020,5676.99
1830950928577913088,3284,2,63557,3,2020,6396.51
1830950928577913088,3284,2,63557,4,2020,2361.06
1830950928577913088,3284,2,63557,5,2020,-1143.8
1830950928577913088,3284,2,63557,6,2020,2386.35
1830950928577913088,3284,2,63557,7,2020,58.52
1830950928577913088,3284,2,63557,8,2020,5579.07
1830950928577913088,3284,2,63557,9,2020,11222.87
1830950928577913088,3284,2,63557,10,2020,1916.62
1830950928577913088,3284,2,63557,11,2020,5725.55
1830950928577913088,3284,2,63557,12,2020,11385.17
1831024304979425280,8950,7,55495,1,2020,-2275.16
1831024304979425280,8950,7,55495,2,2020,-13806.15
1831024304979425280,8950,7,55495,3,2020,-12103.69
1831024304979425280,8950,7,55495,4,2020,-7941.71
1831024304979425280,8950,7,55495,5,2020,-10160.32
1831024304979425280,8950,7,55495,6,2020,-4556.03
1831024304979425280,8950,7,55495,7,2020,-9967.86
1831024304979425280,8950,7,55495,8,2020,-2727.02
1831024304979425280,8950,7,55495,9,2020,2512.32
1831024304979425280,8950,7,55495,10,2020,780.28
1831024304979425280,8950,7,55495,11,2020,-7719.77
1831024304979425280,8950,7,55495,12,2020,-11433.66
1832603120905500928,5795,7,97774,1,2020,-2973.18
1832603120905500928,5795,7,97774,2,2020,-1291.26
1832603120905500928,5795,7,97774,3,2020,5649.82
1832603120905500928,5795,7,97774,4,2020,3537.55
1832603120905500928,5795,7,97774,5,2020,6226.29
1832603120905500928,5795,7,97774,6,2020,5608.96
1832603120905500928,5795,7,97774,7,2020,3798.47
1832603120905500928,5795,7,97774,8,2020,11158.53
1832603120905500928,5795,7,97774,9,2020,8569.89
1832603120905500928,5795,7,97774,10,2020,4227.64
1832603120905500928,5795,7,97774,11,2020,-8.87
1832603120905500928,5795,7,97774,12,2020,2214.05
1832819695800392960,5222,0,82098,1,2020,-939.14
1832819695800392960,5222,0,82098,2,2020,-3261.71
1832819695800392960,5222,0,82098,3,2020,2198.6
1832819695800392960,5222,0,82098,4,2020,-740.96
1832819695800392960,5222,0,82098,5,2020,843.0
1832819695800392960,5222,0,82098,6,2020,4389.37
1832819695800392960,5222,0,82098,7,2020,874.74
1832819695800392960,5222,0,82098,8,2020,1.74
1832819695800392960,5222,0,82098,9,2020,3474.0
1832819695800392960,5222,0,82098,10,2020,10155.85
1832819695800392960,5222,0,82098,11,2020,10230.64
1832819695800392960,5222,0,82098,12,2020,5876.87
1833176628314924288,2441,7,20858,1,2020,2054.59
1833176628314924288,2441,7,20858,2,2020,5387.54
1833176628314924288,2441,7,20858,3,2020,7158.61
1833176628314924288,2441,7,20858,4,2020,7158.61
1833176628314924288,2441,7,20858,5,2020,7158.61
1833176628314924288,2441,7,20858,6,2020,4227.26
1833176628314924288,2441,7,20858,7,2020,4227.26
1833176628314924288,2441,7,20858,8,2020,4227.26
1833176628314924288,2441,7,20858,9,2020,2734.55
1833176628314924288,2441,7,20858,10,2020,4742.35
1833176628314924288,2441,7,20858,11,2020,7393.65
1833176628314924288,2441,7,20858,12,2020,6935.22
1834399596203566592,8243,7,26128,1,2020,7177.59
1834399596203566592,8243,7,26128,2,2020,2979.66
1834399596203566592,8243,7,26128,3,2020,11450.11
1834399596203566592,8243,7,26128,4,2020,18654.64
1834399596203566592,8243,7,26128,5,2020,26082.89
1834399596203566592,8243,7,26128,6,2020,19981.64
1834399596203566592,8243,7,26128,7,2020,26465.46
1834399596203566592,8243,7,26128,8,2020,23094.55
1834399596203566592,8243,7,26128,9,2020,14529.69
1834399596203566592,8243,7,26128,10,2020,12251.85
1834399596203566592,8243,7,26128,11,2020,15974.84
1834399596203566592,8243,7,26128,12,2020,16522.84
1835001190203399680,6662,9,74780,1,2020,6515.52
1835001190203399680,6662,9,74780,2,2020,9881.29
1835001190203399680,6662,9,74780,3,2020,12354.16
1835001190203399680,6662,9,74780,4,2020,14735.1
1835001190203399680,6662,9,74780,5,2020,21634.64
1835001190203399680,6662,9,74780,6,2020,22854.0
1835001190203399680,6662,9,74780,7,2020,23658.58
1835001190203399680,6662,9,74780,8,2020,15614.71
1835001190203399680,6662,9,74780,9,2020,17801.37
1835001190203399680,6662,9,74780,10,2020,17502.38
1835001190203399680,6662,9,74780,11,2020,14210.34
1835001190203399680,6662,9,74780,12,2020,12907.68
1835186615617719552,6747,1,37736,1,2020,-950.56
1835186615617719552,6747,1,37736,2,2020,-1026.01
1835186615617719552,6747,1,37736,3,2020,-1178.62
1835186615617719552,6747,1,37736,4,2020,-4403.42
1835186615617719552,6747,1,37736,5,2020,-8738.72
1835186615617719552,6747,1,37736,6,2020,-11588.68
1835186615617719552,6747,1,37736,7,2020,-6136.03
1835186615617719552,6747,1,37736,8,2020,-10812.25
1835186615617719552,6747,1,37736,9,2020,-14714.65
1835186615617719552,6747,1,37736,10,2020,-17050.14
1835186615617719552,6747,1,37736,11,2020,-18116.0
1835186615617719552,6747,1,37736,12,2020,-12652.86
1837392275080117504,7422,5,74855,1,2020,1495.56
1837392275080117504,7422,5,74855,2,2020,-3847.62
1837392275080117504,7422,5,74855,3,2020,-3386.36
1837392275080117504,7422,5,74855,4,2020,1394.49
1837392275080117504,7422,5,74855,5,2020,-2309.92
1837392275080117504,7422,5,74855,6,2020,1007.39
1837392275080117504,7422,5,74855,7,2020,4222.49
1837392275080117504,7422,5,74855,8,2020,-3598.22
1837392275080117504,7422,5,74855,9,2020,-2524.68
1837392275080117504,7422,5,74855,10,2020,-5158.46
1837392275080117504,7422,5,74855,11,2020,-12313.03
1837392275080117504,7422,5,74855,12,2020,-15189.79
183874788617101600,4615,0,8894,1,2020,3793.75
183874788617101600,4615,0,8894,2,2020,5206.57
183874788617101600,4615,0,8894,3,2020,6366.9
183874788617101600,4615,0,8894,4,2020,2007.65
183874788617101600,4615,0,8894,5,2020,3581.36
183874788617101600,4615,0,8894,6,2020,3740.66
183874788617101600,4615,0,8894,7,2020,8777.46
183874788617101600,4615,0,8894,8,2020,4388.29
183874788617101600,4615,0,8894,9,2020,4529.73
183874788617101600,4615,0,8894,10,2020,-900.29
183874788617101600,4615,0,8894,11,2020,-3267.78
183874788617101600,4615,0,8894,12,2020,-21.97
1838753309021235968,2651,5,90869,1,2020,-685.83
1838753309021235968,2651,5,90869,2,2020,3492.45
1838753309021235968,2651,5,90869,3,2020,-307.46
1838753309021235968,2651,5,90869,4,2020,3399.2
1838753309021235968,2651,5,90869,5,2020,-1790.88
1838753309021235968,2651,5,90869,6,2020,-11339.87
1838753309021235968,2651,5,90869,7,2020,-13930.88
1838753309021235968,2651,5,90869,8,2020,-8158.0
1838753309021235968,2651,5,90869,9,2020,-1784.61
1838753309021235968,2651,5,90869,10,2020,9099.54
1838753309021235968,2651,5,90869,11,2020,6581.58
1838753309021235968,2651,5,90869,12,2020,8064.5
1840303494665242880,49,6,77783,1,2020,-7835.01
1840303494665242880,49,6,77783,2,2020,-3704.5
1840303494665242880,49,6,77783,3,2020,-2007.31
1840303494665242880,49,6,77783,4,2020,-2535.93
1840303494665242880,49,6,77783,5,2020,1545.06
1840303494665242880,49,6,77783,6,2020,1218.18
1840303494665242880,49,6,77783,7,2020,6477.08
1840303494665242880,49,6,77783,8,2020,11152.44
1840303494665242880,49,6,77783,9,2020,9560.41
1840303494665242880,49,6,77783,10,2020,10504.49
1840303494665242880,49,6,77783,11,2020,18135.11
1840303494665242880,49,6,77783,12,2020,19762.33
1840733965817317376,5148,9,49902,1,2020,959.14
1840733965817317376,5148,9,49902,2,2020,3567.01
1840733965817317376,5148,9,49902,3,2020,1871.88
1840733965817317376,5148,9,49902,4,2020,3281.29
1840733965817317376,5148,9,49902,5,2020,3362.48
1840733965817317376,5148,9,49902,6,2020,716.14
1840733965817317376,5148,9,49902,7,2020,-7343.89
1840733965817317376,5148,9,49902,8,2020,-9114.12
1840733965817317376,5148,9,49902,9,2020,-8271.99
1840733965817317376,5148,9,49902,10,2020,-5909.0
1840733965817317376,5148,9,49902,11,2020,-7104.31
1840733965817317376,5148,9,49902,12,2020,-5103.09
1841330645574374400,7424,4,69098,1,2020,-309.19
1841330645574374400,7424,4,69098,2,2020,3792.95
1841330645574374400,7424,4,69098,3,2020,5980.65
1841330645574374400,7424,4,69098,4,2020,1558.91
1841330645574374400,7424,4,69098,5,2020,960.19
1841330645574374400,7424,4,69098,6,2020,3779.2
1841330645574374400,7424,4,69098,7,2020,4868.59
1841330645574374400,7424,4,69098,8,2020,2754.79
1841330645574374400,7424,4,69098,9,2020,-3929.71
1841330645574374400,7424,4,69098,10,2020,-10069.09
1841330645574374400,7424,4,69098,11,2020,-7875.69
1841330645574374400,7424,4,69098,12,2020,-12137.1
1841588266574487296,9353,8,9386,1,2020,256.83
1841588266574487296,9353,8,9386,2,2020,2215.69
1841588266574487296,9353,8,9386,3,2020,-2478.34
1841588266574487296,9353,8,9386,4,2020,-5398.3
1841588266574487296,9353,8,9386,5,2020,-5740.67
1841588266574487296,9353,8,9386,6,2020,-5762.03
1841588266574487296,9353,8,9386,7,2020,-4330.73
1841588266574487296,9353,8,9386,8,2020,-7955.86
1841588266574487296,9353,8,9386,9,2020,-12128.67
1841588266574487296,9353,8,9386,10,2020,-12891.78
1841588266574487296,9353,8,9386,11,2020,-12362.16
1841588266574487296,9353,8,9386,12,2020,-14654.39
1841904585328310784,4488,0,17736,1,2020,3919.19
1841904585328310784,4488,0,17736,2,2020,7444.72
1841904585328310784,4488,0,17736,3,2020,5995.94
1841904585328310784,4488,0,17736,4,2020,5127.49
1841904585328310784,4488,0,17736,5,2020,6176.16
1841904585328310784,4488,0,17736,6,2020,836.73
1841904585328310784,4488,0,17736,7,2020,-3222.67
