2006088453406509824,3361,8,48924,10,2020,-5784.18
2006088453406509824,3361,8,48924,11,2020,-4062.16
2006088453406509824,3361,8,48924,12,2020,-4410.53
2006326878903779840,1960,7,87148,1,2020,1101.74
2006326878903779840,1960,7,87148,2,2020,-1568.18
2006326878903779840,1960,7,87148,3,2020,-2734.98
2006326878903779840,1960,7,87148,4,2020,-6108.91
2006326878903779840,1960,7,87148,5,2020,673.79
2006326878903779840,1960,7,87148,6,2020,3604.13
2006326878903779840,1960,7,87148,7,2020,9137.51
2006326878903779840,1960,7,87148,8,2020,6584.22
2006326878903779840,1960,7,87148,9,2020,4632.42
2006326878903779840,1960,7,87148,10,2020,-238.48
2006326878903779840,1960,7,87148,11,2020,3241.77
2006326878903779840,1960,7,87148,12,2020,514.96
2006503283769265664,8558,7,4190,1,2020,3268.36
2006503283769265664,8558,7,4190,2,2020,2148.11
2006503283769265664,8558,7,4190,3,2020,4202.69
2006503283769265664,8558,7,4190,4,2020,3436.22
2006503283769265664,8558,7,4190,5,2020,2964.22
2006503283769265664,8558,7,4190,6,2020,3433.77
2006503283769265664,8558,7,4190,7,2020,3129.37
2006503283769265664,8558,7,4190,8,2020,4465.02
2006503283769265664,8558,7,4190,9,2020,3220.36
2006503283769265664,8558,7,4190,10,2020,6895.4
2006503283769265664,8558,7,4190,11,2020,9253.14
2006503283769265664,8558,7,4190,12,2020,11930.14
2007502617606320896,8073,0,49561,1,2020,-11776.42
2007502617606320896,8073,0,49561,2,2020,-14122.77
2007502617606320896,8073,0,49561,3,2020,-14134.73
2007502617606320896,8073,0,49561,4,2020,-9793.21
2007502617606320896,8073,0,49561,5,2020,-12206.76
2007502617606320896,8073,0,49561,6,2020,-9870.62
2007502617606320896,8073,0,49561,7,2020,-2628.03
2007502617606320896,8073,0,49561,8,2020,-4647.02
2007502617606320896,8073,0,49561,9,2020,-5020.2
2007502617606320896,8073,0,49561,10,2020,-10671.8
2007502617606320896,8073,0,49561,11,2020,-12647.37
2007502617606320896,8073,0,49561,12,2020,-10169.29
2008052329966667776,2832,0,50165,1,2020,-5161.05
2008052329966667776,2832,0,50165,2,2020,3041.66
2008052329966667776,2832,0,50165,3,2020,5540.84
2008052329966667776,2832,0,50165,4,2020,4853.13
2008052329966667776,2832,0,50165,5,2020,4114.0
2008052329966667776,2832,0,50165,6,2020,7193.58
2008052329966667776,2832,0,50165,7,2020,9367.88
2008052329966667776,2832,0,50165,8,2020,10871.72
2008052329966667776,2832,0,50165,9,2020,10685.59
2008052329966667776,2832,0,50165,10,2020,5133.83
2008052329966667776,2832,0,50165,11,2020,4450.86
2008052329966667776,2832,0,50165,12,2020,8632.98
2008331741596247808,2891,6,25262,1,2020,-3685.52
2008331741596247808,2891,6,25262,2,2020,-7604.82
2008331741596247808,2891,6,25262,3,2020,-10170.05
2008331741596247808,2891,6,25262,4,2020,-13867.38
2008331741596247808,2891,6,25262,5,2020,-8337.09
2008331741596247808,2891,6,25262,6,2020,-4792.27
2008331741596247808,2891,6,25262,7,2020,-8702.47
2008331741596247808,2891,6,25262,8,2020,-9820.04
2008331741596247808,2891,6,25262,9,2020,-9428.91
2008331741596247808,2891,6,25262,10,2020,-6106.8
2008331741596247808,2891,6,25262,11,2020,-743.87
2008331741596247808,2891,6,25262,12,2020,-3284.19
2008551805444429824,2442,6,95875,1,2020,-4069.3
2008551805444429824,2442,6,95875,2,2020,-248.47
2008551805444429824,2442,6,95875,3,2020,-8368.32
2008551805444429824,2442,6,95875,4,2020,-11062.33
2008551805444429824,2442,6,95875,5,2020,-12955.83
2008551805444429824,2442,6,95875,6,2020,-9579.41
2008551805444429824,2442,6,95875,7,2020,-19255.68
2008551805444429824,2442,6,95875,8,2020,-22875.28
2008551805444429824,2442,6,95875,9,2020,-22035.41
2008551805444429824,2442,6,95875,10,2020,-29286.72
2008551805444429824,2442,6,95875,11,2020,-39483.07
2008551805444429824,2442,6,95875,12,2020,-37303.56
200858785663163648,7716,4,68867,1,2020,506.86
200858785663163648,7716,4,68867,2,2020,9183.07
200858785663163648,7716,4,68867,3,2020,11758.9
200858785663163648,7716,4,68867,4,2020,11200.75
200858785663163648,7716,4,68867,5,2020,9026.31
200858785663163648,7716,4,68867,6,2020,1677.43
200858785663163648,7716,4,68867,7,2020,-2939.04
200858785663163648,7716,4,68867,8,2020,-14500.75
200858785663163648,7716,4,68867,9,2020,-18779.19
200858785663163648,7716,4,68867,10,2020,-18346.33
200858785663163648,7716,4,68867,11,2020,-21869.85
200858785663163648,7716,4,68867,12,2020,-19775.57
2010824797888699904,4053,4,66882,1,2020,835.76
2010824797888699904,4053,4,66882,2,2020,4868.65
2010824797888699904,4053,4,66882,3,2020,10649.38
2010824797888699904,4053,4,66882,4,2020,11600.09
2010824797888699904,4053,4,66882,5,2020,12829.34
2010824797888699904,4053,4,66882,6,2020,15461.17
2010824797888699904,4053,4,66882,7,2020,15176.57
2010824797888699904,4053,4,66882,8,2020,13935.15
2010824797888699904,4053,4,66882,9,2020,15672.47
2010824797888699904,4053,4,66882,10,2020,20855.51
2010824797888699904,4053,4,66882,11,2020,20459.97
2010824797888699904,4053,4,66882,12,2020,18812.26
2011546083761320704,2824,3,62224,1,2020,-151.02
2011546083761320704,2824,3,62224,2,2020,5874.1
2011546083761320704,2824,3,62224,3,2020,6497.04
2011546083761320704,2824,3,62224,4,2020,3186.03
2011546083761320704,2824,3,62224,5,2020,6551.93
2011546083761320704,2824,3,62224,6,2020,11136.08
2011546083761320704,2824,3,62224,7,2020,14148.01
2011546083761320704,2824,3,62224,8,2020,17447.67
2011546083761320704,2824,3,62224,9,2020,21552.47
2011546083761320704,2824,3,62224,10,2020,24085.66
2011546083761320704,2824,3,62224,11,2020,19230.26
2011546083761320704,2824,3,62224,12,2020,22359.14
201203585492658848,1900,4,13137,1,2020,47.02
201203585492658848,1900,4,13137,2,2020,-1340.59
201203585492658848,1900,4,13137,3,2020,-1340.59
201203585492658848,1900,4,13137,4,2020,-1458.87
201203585492658848,1900,4,13137,5,2020,-1458.87
201203585492658848,1900,4,13137,6,2020,-3168.73
201203585492658848,1900,4,13137,7,2020,-3218.72
201203585492658848,1900,4,13137,8,2020,-2655.32
201203585492658848,1900,4,13137,9,2020,-3127.81
201203585492658848,1900,4,13137,10,2020,-507.99
201203585492658848,1900,4,13137,11,2020,-2481.93
201203585492658848,1900,4,13137,12,2020,-2481.93
2013201911257763072,6694,5,10054,1,2020,-490.76
2013201911257763072,6694,5,10054,2,2020,1209.92
2013201911257763072,6694,5,10054,3,2020,4145.08
2013201911257763072,6694,5,10054,4,2020,5378.56
2013201911257763072,6694,5,10054,5,2020,5460.67
2013201911257763072,6694,5,10054,6,2020,9981.0
2013201911257763072,6694,5,10054,7,2020,8218.29
2013201911257763072,6694,5,10054,8,2020,5863.79
2013201911257763072,6694,5,10054,9,2020,8881.66
2013201911257763072,6694,5,10054,10,2020,8441.54
2013201911257763072,6694,5,10054,11,2020,7441.35
2013201911257763072,6694,5,10054,12,2020,7997.72
2013221430120736256,9555,3,88385,1,2020,4911.43
2013221430120736256,9555,3,88385,2,2020,2768.82
2013221430120736256,9555,3,88385,3,2020,905.77
2013221430120736256,9555,3,88385,4,2020,1167.29
2013221430120736256,9555,3,88385,5,2020,2576.12
2013221430120736256,9555,3,88385,6,2020,2460.84
2013221430120736256,9555,3,88385,7,2020,2615.07
2013221430120736256,9555,3,88385,8,2020,786.45
2013221430120736256,9555,3,88385,9,2020,3029.7
2013221430120736256,9555,3,88385,10,2020,6553.37
2013221430120736256,9555,3,88385,11,2020,5864.61
2013221430120736256,9555,3,88385,12,2020,3495.15
2013515877326876928,7590,5,96918,1,2020,-733.49
2013515877326876928,7590,5,96918,2,2020,-216.48
2013515877326876928,7590,5,96918,3,2020,-419.51
2013515877326876928,7590,5,96918,4,2020,-631.25
2013515877326876928,7590,5,96918,5,2020,259.72
2013515877326876928,7590,5,96918,6,2020,-2279.79
2013515877326876928,7590,5,96918,7,2020,-2984.11
2013515877326876928,7590,5,96918,8,2020,-1024.61
2013515877326876928,7590,5,96918,9,2020,-1318.73
2013515877326876928,7590,5,96918,10,2020,2530.36
2013515877326876928,7590,5,96918,11,2020,2628.01
2013515877326876928,7590,5,96918,12,2020,1464.55
2013878208685592576,2173,0,58825,1,2020,2108.94
2013878208685592576,2173,0,58825,2,2020,4568.92
2013878208685592576,2173,0,58825,3,2020,8647.93
2013878208685592576,2173,0,58825,4,2020,7171.59
2013878208685592576,2173,0,58825,5,2020,6622.28
2013878208685592576,2173,0,58825,6,2020,4105.1
2013878208685592576,2173,0,58825,7,2020,1474.42
2013878208685592576,2173,0,58825,8,2020,6181.91
2013878208685592576,2173,0,58825,9,2020,13418.79
2013878208685592576,2173,0,58825,10,2020,13286.93
2013878208685592576,2173,0,58825,11,2020,10971.55
2013878208685592576,2173,0,58825,12,2020,10999.71
2014363109719554816,9383,2,90362,1,2020,3698.35
2014363109719554816,9383,2,90362,2,2020,-4694.71
2014363109719554816,9383,2,90362,3,2020,-9311.68
2014363109719554816,9383,2,90362,4,2020,-11005.2
2014363109719554816,9383,2,90362,5,2020,-10723.15
2014363109719554816,9383,2,90362,6,2020,-9634.74
2014363109719554816,9383,2,90362,7,2020,-20207.31
2014363109719554816,9383,2,90362,8,2020,-21558.17
2014363109719554816,9383,2,90362,9,2020,-27954.39
2014363109719554816,9383,2,90362,10,2020,-24962.55
2014363109719554816,9383,2,90362,11,2020,-18805.66
2014363109719554816,9383,2,90362,12,2020,-18504.76
2015105755549337856,5013,0,89751,1,2020,-8837.9
2015105755549337856,5013,0,89751,2,2020,-6948.25
2015105755549337856,5013,0,89751,3,2020,-21618.94
2015105755549337856,5013,0,89751,4,2020,-23634.93
2015105755549337856,5013,0,89751,5,2020,-24850.0
2015105755549337856,5013,0,89751,6,2020,-23643.56
2015105755549337856,5013,0,89751,7,2020,-23032.14
2015105755549337856,5013,0,89751,8,2020,-31512.59
2015105755549337856,5013,0,89751,9,2020,-38035.73
2015105755549337856,5013,0,89751,10,2020,-34503.28
2015105755549337856,5013,0,89751,11,2020,-37848.92
2015105755549337856,5013,0,89751,12,2020,-36526.13
2016061164856503296,412,3,28039,1,2020,8331.66
2016061164856503296,412,3,28039,2,2020,10657.16
2016061164856503296,412,3,28039,3,2020,6641.02
2016061164856503296,412,3,28039,4,2020,11300.45
2016061164856503296,412,3,28039,5,2020,10462.55
2016061164856503296,412,3,28039,6,2020,8436.27
2016061164856503296,412,3,28039,7,2020,9310.89
2016061164856503296,412,3,28039,8,2020,11091.99
2016061164856503296,412,3,28039,9,2020,15412.59
2016061164856503296,412,3,28039,10,2020,8226.5
2016061164856503296,412,3,28039,11,2020,6358.59
2016061164856503296,412,3,28039,12,2020,12251.49
2017133506555908608,3039,7,24720,1,2020,306.21
2017133506555908608,3039,7,24720,2,2020,-2820.67
2017133506555908608,3039,7,24720,3,2020,620.8
2017133506555908608,3039,7,24720,4,2020,3600.24
2017133506555908608,3039,7,24720,5,2020,4487.91
2017133506555908608,3039,7,24720,6,2020,2880.16
2017133506555908608,3039,7,24720,7,2020,-4254.51
2017133506555908608,3039,7,24720,8,2020,-1368.06
2017133506555908608,3039,7,24720,9,2020,-5678.23
2017133506555908608,3039,7,24720,10,2020,-8240.91
2017133506555908608,3039,7,24720,11,2020,-4806.06
2017133506555908608,3039,7,24720,12,2020,-4730.71
2017700132356135168,9032,2,83639,1,2020,0.0
2017700132356135168,9032,2,83639,2,2020,1990.71
2017700132356135168,9032,2,83639,3,2020,1990.71
2017700132356135168,9032,2,83639,4,2020,1990.71
2017700132356135168,9032,2,83639,5,2020,2307.1
2017700132356135168,9032,2,83639,6,2020,2307.1
2017700132356135168,9032,2,83639,7,2020,2307.1
2017700132356135168,9032,2,83639,8,2020,1884.55
2017700132356135168,9032,2,83639,9,2020,1884.55
2017700132356135168,9032,2,83639,10,2020,1884.55
2017700132356135168,9032,2,83639,11,2020,2229.71
2017700132356135168,9032,2,83639,12,2020,2794.54
201978581803671552,8462,0,66208,1,2020,3402.74
201978581803671552,8462,0,66208,2,2020,4084.27
201978581803671552,8462,0,66208,3,2020,-1898.85
201978581803671552,8462,0,66208,4,2020,-1139.7
201978581803671552,8462,0,66208,5,2020,-2596.11
201978581803671552,8462,0,66208,6,2020,-368.52
201978581803671552,8462,0,66208,7,2020,691.48
201978581803671552,8462,0,66208,8,2020,4833.86
201978581803671552,8462,0,66208,9,2020,4692.17
201978581803671552,8462,0,66208,10,2020,5633.44
