1352129882127601920,5028,6,4303,9,2020,-4916.6
1352129882127601920,5028,6,4303,10,2020,-4916.6
1352129882127601920,5028,6,4303,11,2020,-4916.6
1352129882127601920,5028,6,4303,12,2020,-3991.11
1352388792618962688,3193,5,54667,1,2020,-1179.99
1352388792618962688,3193,5,54667,2,2020,1771.48
1352388792618962688,3193,5,54667,3,2020,4568.53
1352388792618962688,3193,5,54667,4,2020,3171.89
1352388792618962688,3193,5,54667,5,2020,8693.8
1352388792618962688,3193,5,54667,6,2020,2607.43
1352388792618962688,3193,5,54667,7,2020,4584.59
1352388792618962688,3193,5,54667,8,2020,-3572.29
1352388792618962688,3193,5,54667,9,2020,-4113.48
1352388792618962688,3193,5,54667,10,2020,-3546.09
1352388792618962688,3193,5,54667,11,2020,-4999.9
1352388792618962688,3193,5,54667,12,2020,-3161.13
1353048749197508352,7607,8,39166,1,2020,1422.61
1353048749197508352,7607,8,39166,2,2020,5712.81
1353048749197508352,7607,8,39166,3,2020,10063.32
1353048749197508352,7607,8,39166,4,2020,17492.45
1353048749197508352,7607,8,39166,5,2020,13416.68
1353048749197508352,7607,8,39166,6,2020,16110.89
1353048749197508352,7607,8,39166,7,2020,16409.53
1353048749197508352,7607,8,39166,8,2020,20299.02
1353048749197508352,7607,8,39166,9,2020,16817.68
1353048749197508352,7607,8,39166,10,2020,12799.17
1353048749197508352,7607,8,39166,11,2020,9986.24
1353048749197508352,7607,8,39166,12,2020,7932.39
1354644409768621056,6708,4,57655,1,2020,-863.93
1354644409768621056,6708,4,57655,2,2020,782.56
1354644409768621056,6708,4,57655,3,2020,782.56
1354644409768621056,6708,4,57655,4,2020,160.17
1354644409768621056,6708,4,57655,5,2020,887.37
1354644409768621056,6708,4,57655,6,2020,-542.34
1354644409768621056,6708,4,57655,7,2020,-1426.36
1354644409768621056,6708,4,57655,8,2020,-512.89
1354644409768621056,6708,4,57655,9,2020,-512.89
1354644409768621056,6708,4,57655,10,2020,-1103.93
1354644409768621056,6708,4,57655,11,2020,-4117.97
1354644409768621056,6708,4,57655,12,2020,-1507.1
1356474428261629440,8212,3,53667,1,2020,3371.77
1356474428261629440,8212,3,53667,2,2020,244.81
1356474428261629440,8212,3,53667,3,2020,-1854.58
1356474428261629440,8212,3,53667,4,2020,-7081.09
1356474428261629440,8212,3,53667,5,2020,-6417.05
1356474428261629440,8212,3,53667,6,2020,-4446.26
1356474428261629440,8212,3,53667,7,2020,-6390.24
1356474428261629440,8212,3,53667,8,2020,-5238.94
1356474428261629440,8212,3,53667,9,2020,-1358.4
1356474428261629440,8212,3,53667,10,2020,-1387.15
1356474428261629440,8212,3,53667,11,2020,-1231.02
1356474428261629440,8212,3,53667,12,2020,-824.04
1357004243335761152,7561,4,70724,1,2020,-7395.93
1357004243335761152,7561,4,70724,2,2020,-3865.97
1357004243335761152,7561,4,70724,3,2020,-1026.82
1357004243335761152,7561,4,70724,4,2020,12051.9
1357004243335761152,7561,4,70724,5,2020,7838.38
1357004243335761152,7561,4,70724,6,2020,2578.52
1357004243335761152,7561,4,70724,7,2020,8572.18
1357004243335761152,7561,4,70724,8,2020,-50.43
1357004243335761152,7561,4,70724,9,2020,6642.04
1357004243335761152,7561,4,70724,10,2020,14719.6
1357004243335761152,7561,4,70724,11,2020,15815.05
1357004243335761152,7561,4,70724,12,2020,25244.87
135994545284052512,3476,7,18138,1,2020,1440.22
135994545284052512,3476,7,18138,2,2020,3460.14
135994545284052512,3476,7,18138,3,2020,2726.24
135994545284052512,3476,7,18138,4,2020,466.81
135994545284052512,3476,7,18138,5,2020,8599.75
135994545284052512,3476,7,18138,6,2020,9880.61
135994545284052512,3476,7,18138,7,2020,7548.24
135994545284052512,3476,7,18138,8,2020,10521.9
135994545284052512,3476,7,18138,9,2020,13600.38
135994545284052512,3476,7,18138,10,2020,19131.77
135994545284052512,3476,7,18138,11,2020,18094.01
135994545284052512,3476,7,18138,12,2020,20126.88
1361263586584360960,3838,2,27758,1,2020,3669.57
1361263586584360960,3838,2,27758,2,2020,1382.88
1361263586584360960,3838,2,27758,3,2020,-1608.63
1361263586584360960,3838,2,27758,4,2020,-3745.04
1361263586584360960,3838,2,27758,5,2020,-1899.79
1361263586584360960,3838,2,27758,6,2020,-1575.59
1361263586584360960,3838,2,27758,7,2020,-6189.68
1361263586584360960,3838,2,27758,8,2020,-1730.69
1361263586584360960,3838,2,27758,9,2020,-8154.12
1361263586584360960,3838,2,27758,10,2020,-9480.59
1361263586584360960,3838,2,27758,11,2020,-11529.65
1361263586584360960,3838,2,27758,12,2020,-7390.09
1361509285059948032,5410,8,30904,1,2020,552.78
1361509285059948032,5410,8,30904,2,2020,-8120.18
1361509285059948032,5410,8,30904,3,2020,-8846.07
1361509285059948032,5410,8,30904,4,2020,-12526.95
1361509285059948032,5410,8,30904,5,2020,-16904.49
1361509285059948032,5410,8,30904,6,2020,-19284.31
1361509285059948032,5410,8,30904,7,2020,-15733.92
1361509285059948032,5410,8,30904,8,2020,-10550.92
1361509285059948032,5410,8,30904,9,2020,-13806.2
1361509285059948032,5410,8,30904,10,2020,-10092.98
1361509285059948032,5410,8,30904,11,2020,-2617.74
1361509285059948032,5410,8,30904,12,2020,-1113.83
1361594430041759232,2998,1,28386,1,2020,969.35
1361594430041759232,2998,1,28386,2,2020,2463.23
1361594430041759232,2998,1,28386,3,2020,-1095.85
1361594430041759232,2998,1,28386,4,2020,-3233.52
1361594430041759232,2998,1,28386,5,2020,-1389.99
1361594430041759232,2998,1,28386,6,2020,-3160.8
1361594430041759232,2998,1,28386,7,2020,-8593.13
1361594430041759232,2998,1,28386,8,2020,-12354.14
1361594430041759232,2998,1,28386,9,2020,-14335.13
1361594430041759232,2998,1,28386,10,2020,-12356.92
1361594430041759232,2998,1,28386,11,2020,-18913.9
1361594430041759232,2998,1,28386,12,2020,-16530.33
136189833806689712,8125,4,21267,1,2020,920.81
136189833806689712,8125,4,21267,2,2020,3476.66
136189833806689712,8125,4,21267,3,2020,-362.99
136189833806689712,8125,4,21267,4,2020,-1500.8
136189833806689712,8125,4,21267,5,2020,-1467.39
136189833806689712,8125,4,21267,6,2020,1482.12
136189833806689712,8125,4,21267,7,2020,1181.91
136189833806689712,8125,4,21267,8,2020,4718.34
136189833806689712,8125,4,21267,9,2020,5668.25
136189833806689712,8125,4,21267,10,2020,8177.75
136189833806689712,8125,4,21267,11,2020,10060.59
136189833806689712,8125,4,21267,12,2020,9744.32
1362180065090705664,1022,1,95965,1,2020,-3200.22
1362180065090705664,1022,1,95965,2,2020,-5818.67
1362180065090705664,1022,1,95965,3,2020,-5897.22
1362180065090705664,1022,1,95965,4,2020,-4567.15
1362180065090705664,1022,1,95965,5,2020,-7941.91
1362180065090705664,1022,1,95965,6,2020,-10421.44
1362180065090705664,1022,1,95965,7,2020,-8330.62
1362180065090705664,1022,1,95965,8,2020,-9125.49
1362180065090705664,1022,1,95965,9,2020,-19630.55
1362180065090705664,1022,1,95965,10,2020,-23889.06
1362180065090705664,1022,1,95965,11,2020,-19643.88
1362180065090705664,1022,1,95965,12,2020,-13839.15
1362463487647511040,9456,2,51337,1,2020,561.78
1362463487647511040,9456,2,51337,2,2020,957.28
1362463487647511040,9456,2,51337,3,2020,957.28
1362463487647511040,9456,2,51337,4,2020,1652.6
1362463487647511040,9456,2,51337,5,2020,1652.6
1362463487647511040,9456,2,51337,6,2020,2535.89
1362463487647511040,9456,2,51337,7,2020,2535.89
1362463487647511040,9456,2,51337,8,2020,2535.89
1362463487647511040,9456,2,51337,9,2020,2535.89
1362463487647511040,9456,2,51337,10,2020,2535.89
1362463487647511040,9456,2,51337,11,2020,3579.04
1362463487647511040,9456,2,51337,12,2020,3579.04
136616631129961680,1109,7,61522,1,2020,-580.21
136616631129961680,1109,7,61522,2,2020,-5570.55
136616631129961680,1109,7,61522,3,2020,-8353.82
136616631129961680,1109,7,61522,4,2020,-9328.13
136616631129961680,1109,7,61522,5,2020,-8429.27
136616631129961680,1109,7,61522,6,2020,-4862.72
136616631129961680,1109,7,61522,7,2020,-6925.01
136616631129961680,1109,7,61522,8,2020,-5137.87
136616631129961680,1109,7,61522,9,2020,-6795.31
136616631129961680,1109,7,61522,10,2020,-9831.06
136616631129961680,1109,7,61522,11,2020,-8233.53
136616631129961680,1109,7,61522,12,2020,-7811.02
1366286101878677504,6535,3,60803,1,2020,5205.07
1366286101878677504,6535,3,60803,2,2020,6364.0
1366286101878677504,6535,3,60803,3,2020,4673.19
1366286101878677504,6535,3,60803,4,2020,-1122.08
1366286101878677504,6535,3,60803,5,2020,-1056.27
1366286101878677504,6535,3,60803,6,2020,-3283.89
1366286101878677504,6535,3,60803,7,2020,-1397.9
1366286101878677504,6535,3,60803,8,2020,4366.68
1366286101878677504,6535,3,60803,9,2020,578.2
1366286101878677504,6535,3,60803,10,2020,4969.9
1366286101878677504,6535,3,60803,11,2020,9123.73
1366286101878677504,6535,3,60803,12,2020,3643.51
1366691526419534080,2572,6,15318,1,2020,1018.83
1366691526419534080,2572,6,15318,2,2020,-3237.28
1366691526419534080,2572,6,15318,3,2020,-7176.08
1366691526419534080,2572,6,15318,4,2020,-10055.34
1366691526419534080,2572,6,15318,5,2020,-10460.95
1366691526419534080,2572,6,15318,6,2020,-12338.12
1366691526419534080,2572,6,15318,7,2020,-10631.05
1366691526419534080,2572,6,15318,8,2020,-8111.21
1366691526419534080,2572,6,15318,9,2020,-13142.06
1366691526419534080,2572,6,15318,10,2020,-17677.85
1366691526419534080,2572,6,15318,11,2020,-18228.28
1366691526419534080,2572,6,15318,12,2020,-23430.19
136814598998399168,7893,8,21457,1,2020,-2006.45
136814598998399168,7893,8,21457,2,2020,-2861.33
136814598998399168,7893,8,21457,3,2020,-6583.62
136814598998399168,7893,8,21457,4,2020,-8520.9
136814598998399168,7893,8,21457,5,2020,-6791.46
136814598998399168,7893,8,21457,6,2020,-6802.5
136814598998399168,7893,8,21457,7,2020,-4541.83
136814598998399168,7893,8,21457,8,2020,1640.25
136814598998399168,7893,8,21457,9,2020,5731.53
136814598998399168,7893,8,21457,10,2020,8527.74
136814598998399168,7893,8,21457,11,2020,8601.3
136814598998399168,7893,8,21457,12,2020,11594.01
1368253831773550336,1133,2,67703,1,2020,10124.79
1368253831773550336,1133,2,67703,2,2020,17744.16
1368253831773550336,1133,2,67703,3,2020,21432.62
1368253831773550336,1133,2,67703,4,2020,28218.91
1368253831773550336,1133,2,67703,5,2020,28266.95
1368253831773550336,1133,2,67703,6,2020,32400.86
1368253831773550336,1133,2,67703,7,2020,34318.86
1368253831773550336,1133,2,67703,8,2020,39100.06
1368253831773550336,1133,2,67703,9,2020,38370.63
1368253831773550336,1133,2,67703,10,2020,45886.67
1368253831773550336,1133,2,67703,11,2020,45276.13
1368253831773550336,1133,2,67703,12,2020,40141.34
1369309278281786624,6517,3,68197,1,2020,1038.26
1369309278281786624,6517,3,68197,2,2020,9788.97
1369309278281786624,6517,3,68197,3,2020,7595.26
1369309278281786624,6517,3,68197,4,2020,9421.09
1369309278281786624,6517,3,68197,5,2020,10243.87
1369309278281786624,6517,3,68197,6,2020,-3066.22
1369309278281786624,6517,3,68197,7,2020,1926.73
1369309278281786624,6517,3,68197,8,2020,4546.89
1369309278281786624,6517,3,68197,9,2020,1404.75
1369309278281786624,6517,3,68197,10,2020,-915.06
1369309278281786624,6517,3,68197,11,2020,-2608.51
1369309278281786624,6517,3,68197,12,2020,-4224.66
1369801467553889536,247,4,7345,1,2020,-1373.76
1369801467553889536,247,4,7345,2,2020,-7403.99
1369801467553889536,247,4,7345,3,2020,-5634.46
1369801467553889536,247,4,7345,4,2020,-3990.81
1369801467553889536,247,4,7345,5,2020,1150.51
1369801467553889536,247,4,7345,6,2020,5973.56
1369801467553889536,247,4,7345,7,2020,6399.97
1369801467553889536,247,4,7345,8,2020,7873.8
1369801467553889536,247,4,7345,9,2020,7580.32
1369801467553889536,247,4,7345,10,2020,4438.25
1369801467553889536,247,4,7345,11,2020,3811.62
1369801467553889536,247,4,7345,12,2020,4626.72
1371314886543239936,7287,7,79229,1,2020,-2113.65
1371314886543239936,7287,7,79229,2,2020,-2624.61
1371314886543239936,7287,7,79229,3,2020,-9578.53
1371314886543239936,7287,7,79229,4,2020,-14481.17
1371314886543239936,7287,7,79229,5,2020,-13821.26
1371314886543239936,7287,7,79229,6,2020,-15588.17
1371314886543239936,7287,7,79229,7,2020,-17194.62
1371314886543239936,7287,7,79229,8,2020,-16855.28
1371314886543239936,7287,7,79229,9,2020,-16574.76
1371314886543239936,7287,7,79229,10,2020,-15922.41
1371314886543239936,7287,7,79229,11,2020,-14565.07
