1322156118912871680,2134,4,45036,12,2020,4124.15
132231690586607808,21,8,75943,1,2020,1821.92
132231690586607808,21,8,75943,2,2020,-75.56
132231690586607808,21,8,75943,3,2020,4619.46
132231690586607808,21,8,75943,4,2020,9271.14
132231690586607808,21,8,75943,5,2020,14449.88
132231690586607808,21,8,75943,6,2020,17122.11
132231690586607808,21,8,75943,7,2020,7962.25
132231690586607808,21,8,75943,8,2020,7290.23
132231690586607808,21,8,75943,9,2020,10506.61
132231690586607808,21,8,75943,10,2020,11834.29
132231690586607808,21,8,75943,11,2020,12417.9
132231690586607808,21,8,75943,12,2020,13813.24
1322674422364130048,8639,5,30706,1,2020,-3555.39
1322674422364130048,8639,5,30706,2,2020,-4677.46
1322674422364130048,8639,5,30706,3,2020,6727.22
1322674422364130048,8639,5,30706,4,2020,3257.24
1322674422364130048,8639,5,30706,5,2020,7248.46
1322674422364130048,8639,5,30706,6,2020,12701.49
1322674422364130048,8639,5,30706,7,2020,307.61
1322674422364130048,8639,5,30706,8,2020,-5514.42
1322674422364130048,8639,5,30706,9,2020,-2913.76
1322674422364130048,8639,5,30706,10,2020,-7280.78
1322674422364130048,8639,5,30706,11,2020,-156.83
1322674422364130048,8639,5,30706,12,2020,-7551.29
1323415085978317568,4407,7,22508,1,2020,0.0
1323415085978317568,4407,7,22508,2,2020,0.0
1323415085978317568,4407,7,22508,3,2020,0.0
1323415085978317568,4407,7,22508,4,2020,-1165.76
1323415085978317568,4407,7,22508,5,2020,688.24
1323415085978317568,4407,7,22508,6,2020,688.24
1323415085978317568,4407,7,22508,7,2020,575.41
1323415085978317568,4407,7,22508,8,2020,575.41
1323415085978317568,4407,7,22508,9,2020,575.41
1323415085978317568,4407,7,22508,10,2020,575.41
1323415085978317568,4407,7,22508,11,2020,493.87
1323415085978317568,4407,7,22508,12,2020,493.87
1323573918253598976,5140,5,97508,1,2020,0.0
1323573918253598976,5140,5,97508,2,2020,0.0
1323573918253598976,5140,5,97508,3,2020,-1495.81
1323573918253598976,5140,5,97508,4,2020,-1495.81
1323573918253598976,5140,5,97508,5,2020,-1846.91
1323573918253598976,5140,5,97508,6,2020,-2569.22
1323573918253598976,5140,5,97508,7,2020,-3488.81
1323573918253598976,5140,5,97508,8,2020,-3488.81
1323573918253598976,5140,5,97508,9,2020,-3488.81
1323573918253598976,5140,5,97508,10,2020,-4624.35
1323573918253598976,5140,5,97508,11,2020,-4624.35
1323573918253598976,5140,5,97508,12,2020,-4624.35
1323760126522413056,7534,5,31176,1,2020,-1899.66
1323760126522413056,7534,5,31176,2,2020,-3507.31
1323760126522413056,7534,5,31176,3,2020,-1923.34
1323760126522413056,7534,5,31176,4,2020,-6910.84
1323760126522413056,7534,5,31176,5,2020,-12148.39
1323760126522413056,7534,5,31176,6,2020,-13130.6
1323760126522413056,7534,5,31176,7,2020,-13073.96
1323760126522413056,7534,5,31176,8,2020,-11796.18
1323760126522413056,7534,5,31176,9,2020,-8185.98
1323760126522413056,7534,5,31176,10,2020,-4923.19
1323760126522413056,7534,5,31176,11,2020,-1587.91
1323760126522413056,7534,5,31176,12,2020,1909.46
1323820058478260480,6702,1,36610,1,2020,584.74
1323820058478260480,6702,1,36610,2,2020,584.74
1323820058478260480,6702,1,36610,3,2020,584.74
1323820058478260480,6702,1,36610,4,2020,584.74
1323820058478260480,6702,1,36610,5,2020,584.74
1323820058478260480,6702,1,36610,6,2020,584.74
1323820058478260480,6702,1,36610,7,2020,584.74
1323820058478260480,6702,1,36610,8,2020,-316.79
1323820058478260480,6702,1,36610,9,2020,-2654.16
1323820058478260480,6702,1,36610,10,2020,-2654.16
1323820058478260480,6702,1,36610,11,2020,-2654.16
1323820058478260480,6702,1,36610,12,2020,-2654.16
1324615138431755008,4348,1,2339,1,2020,7400.28
1324615138431755008,4348,1,2339,2,2020,2669.32
1324615138431755008,4348,1,2339,3,2020,6787.99
1324615138431755008,4348,1,2339,4,2020,11483.49
1324615138431755008,4348,1,2339,5,2020,5440.04
1324615138431755008,4348,1,2339,6,2020,3499.88
1324615138431755008,4348,1,2339,7,2020,3821.35
1324615138431755008,4348,1,2339,8,2020,577.97
1324615138431755008,4348,1,2339,9,2020,-5490.41
1324615138431755008,4348,1,2339,10,2020,-4151.68
1324615138431755008,4348,1,2339,11,2020,-5538.15
1324615138431755008,4348,1,2339,12,2020,-6391.53
1324850853391996160,8392,8,65767,1,2020,-3713.48
1324850853391996160,8392,8,65767,2,2020,-6547.95
1324850853391996160,8392,8,65767,3,2020,-6390.85
1324850853391996160,8392,8,65767,4,2020,-6973.7
1324850853391996160,8392,8,65767,5,2020,-4381.22
1324850853391996160,8392,8,65767,6,2020,2255.61
1324850853391996160,8392,8,65767,7,2020,1395.31
1324850853391996160,8392,8,65767,8,2020,8045.99
1324850853391996160,8392,8,65767,9,2020,15335.0
1324850853391996160,8392,8,65767,10,2020,18099.54
1324850853391996160,8392,8,65767,11,2020,15075.86
1324850853391996160,8392,8,65767,12,2020,9243.01
1326144360427294976,7107,8,95332,1,2020,2575.5
1326144360427294976,7107,8,95332,2,2020,-1185.59
1326144360427294976,7107,8,95332,3,2020,-1093.27
1326144360427294976,7107,8,95332,4,2020,-658.54
1326144360427294976,7107,8,95332,5,2020,-854.1
1326144360427294976,7107,8,95332,6,2020,-4112.23
1326144360427294976,7107,8,95332,7,2020,-4394.5
1326144360427294976,7107,8,95332,8,2020,808.25
1326144360427294976,7107,8,95332,9,2020,-5621.24
1326144360427294976,7107,8,95332,10,2020,-9083.87
1326144360427294976,7107,8,95332,11,2020,-15233.72
1326144360427294976,7107,8,95332,12,2020,-18392.57
1327524688343100672,1436,1,31364,1,2020,-164.56
1327524688343100672,1436,1,31364,2,2020,1635.94
1327524688343100672,1436,1,31364,3,2020,11338.86
1327524688343100672,1436,1,31364,4,2020,11540.78
1327524688343100672,1436,1,31364,5,2020,20158.01
1327524688343100672,1436,1,31364,6,2020,27373.76
1327524688343100672,1436,1,31364,7,2020,29404.7
1327524688343100672,1436,1,31364,8,2020,28378.78
1327524688343100672,1436,1,31364,9,2020,26477.65
1327524688343100672,1436,1,31364,10,2020,29274.08
1327524688343100672,1436,1,31364,11,2020,29271.11
1327524688343100672,1436,1,31364,12,2020,28368.4
1327575133606343936,3765,1,69573,1,2020,896.6
1327575133606343936,3765,1,69573,2,2020,6766.19
1327575133606343936,3765,1,69573,3,2020,705.05
1327575133606343936,3765,1,69573,4,2020,393.5
1327575133606343936,3765,1,69573,5,2020,-4093.28
1327575133606343936,3765,1,69573,6,2020,-2937.41
1327575133606343936,3765,1,69573,7,2020,-2499.54
1327575133606343936,3765,1,69573,8,2020,-4068.63
1327575133606343936,3765,1,69573,9,2020,-7616.78
1327575133606343936,3765,1,69573,10,2020,-4490.57
1327575133606343936,3765,1,69573,11,2020,-6097.02
1327575133606343936,3765,1,69573,12,2020,-9294.73
1327892369165032448,9363,8,62998,1,2020,7446.73
1327892369165032448,9363,8,62998,2,2020,1478.0
1327892369165032448,9363,8,62998,3,2020,-9827.39
1327892369165032448,9363,8,62998,4,2020,-2731.64
1327892369165032448,9363,8,62998,5,2020,-7304.21
1327892369165032448,9363,8,62998,6,2020,-2656.28
1327892369165032448,9363,8,62998,7,2020,-7591.56
1327892369165032448,9363,8,62998,8,2020,-1835.0
1327892369165032448,9363,8,62998,9,2020,-5697.11
1327892369165032448,9363,8,62998,10,2020,-14138.17
1327892369165032448,9363,8,62998,11,2020,-7922.0
1327892369165032448,9363,8,62998,12,2020,-6534.45
1329593259723634688,9595,4,30145,1,2020,1288.35
1329593259723634688,9595,4,30145,2,2020,1845.24
1329593259723634688,9595,4,30145,3,2020,-826.11
1329593259723634688,9595,4,30145,4,2020,1129.9
1329593259723634688,9595,4,30145,5,2020,6357.79
1329593259723634688,9595,4,30145,6,2020,5873.78
1329593259723634688,9595,4,30145,7,2020,6712.35
1329593259723634688,9595,4,30145,8,2020,6823.55
1329593259723634688,9595,4,30145,9,2020,5073.9
1329593259723634688,9595,4,30145,10,2020,1027.29
1329593259723634688,9595,4,30145,11,2020,1601.03
1329593259723634688,9595,4,30145,12,2020,3486.32
132991518007720096,2608,2,43850,1,2020,866.82
132991518007720096,2608,2,43850,2,2020,1173.12
132991518007720096,2608,2,43850,3,2020,2281.67
132991518007720096,2608,2,43850,4,2020,5237.56
132991518007720096,2608,2,43850,5,2020,8295.22
132991518007720096,2608,2,43850,6,2020,12793.53
132991518007720096,2608,2,43850,7,2020,13586.29
132991518007720096,2608,2,43850,8,2020,15466.08
132991518007720096,2608,2,43850,9,2020,18666.22
132991518007720096,2608,2,43850,10,2020,18623.78
132991518007720096,2608,2,43850,11,2020,16795.93
132991518007720096,2608,2,43850,12,2020,18572.55
133203379703062752,4481,9,24699,1,2020,1426.99
133203379703062752,4481,9,24699,2,2020,6916.96
133203379703062752,4481,9,24699,3,2020,2165.54
133203379703062752,4481,9,24699,4,2020,-7223.95
133203379703062752,4481,9,24699,5,2020,-7255.69
133203379703062752,4481,9,24699,6,2020,-15734.19
133203379703062752,4481,9,24699,7,2020,-9726.52
133203379703062752,4481,9,24699,8,2020,-8131.08
133203379703062752,4481,9,24699,9,2020,-3954.83
133203379703062752,4481,9,24699,10,2020,-9581.29
133203379703062752,4481,9,24699,11,2020,-1830.17
133203379703062752,4481,9,24699,12,2020,-1110.27
1332473996215070464,688,3,94867,1,2020,-823.06
1332473996215070464,688,3,94867,2,2020,-4554.69
1332473996215070464,688,3,94867,3,2020,-7525.09
1332473996215070464,688,3,94867,4,2020,-11412.81
1332473996215070464,688,3,94867,5,2020,-14907.98
1332473996215070464,688,3,94867,6,2020,-23693.87
1332473996215070464,688,3,94867,7,2020,-23969.37
1332473996215070464,688,3,94867,8,2020,-25617.38
1332473996215070464,688,3,94867,9,2020,-30636.54
1332473996215070464,688,3,94867,10,2020,-27881.29
1332473996215070464,688,3,94867,11,2020,-23919.77
1332473996215070464,688,3,94867,12,2020,-19683.72
1332534353625450496,3313,4,77930,1,2020,0.0
1332534353625450496,3313,4,77930,2,2020,0.0
1332534353625450496,3313,4,77930,3,2020,0.0
1332534353625450496,3313,4,77930,4,2020,0.0
1332534353625450496,3313,4,77930,5,2020,1374.72
1332534353625450496,3313,4,77930,6,2020,1374.72
1332534353625450496,3313,4,77930,7,2020,1863.86
1332534353625450496,3313,4,77930,8,2020,1863.86
1332534353625450496,3313,4,77930,9,2020,1863.86
1332534353625450496,3313,4,77930,10,2020,2892.43
1332534353625450496,3313,4,77930,11,2020,3689.09
1332534353625450496,3313,4,77930,12,2020,3689.09
1332752874714118144,1041,6,19869,1,2020,-3183.67
1332752874714118144,1041,6,19869,2,2020,-1980.68
1332752874714118144,1041,6,19869,3,2020,6760.86
1332752874714118144,1041,6,19869,4,2020,7952.93
1332752874714118144,1041,6,19869,5,2020,11718.53
1332752874714118144,1041,6,19869,6,2020,13397.2
1332752874714118144,1041,6,19869,7,2020,10467.43
1332752874714118144,1041,6,19869,8,2020,15863.59
1332752874714118144,1041,6,19869,9,2020,8692.33
1332752874714118144,1041,6,19869,10,2020,17291.8
1332752874714118144,1041,6,19869,11,2020,14501.4
1332752874714118144,1041,6,19869,12,2020,19497.69
1333755685567094784,4866,2,67922,1,2020,-6639.87
1333755685567094784,4866,2,67922,2,2020,-3234.88
1333755685567094784,4866,2,67922,3,2020,-5509.84
1333755685567094784,4866,2,67922,4,2020,-5762.58
1333755685567094784,4866,2,67922,5,2020,-5445.99
1333755685567094784,4866,2,67922,6,2020,-3874.08
1333755685567094784,4866,2,67922,7,2020,-7867.63
1333755685567094784,4866,2,67922,8,2020,-3604.76
1333755685567094784,4866,2,67922,9,2020,-6382.83
1333755685567094784,4866,2,67922,10,2020,-11138.82
1333755685567094784,4866,2,67922,11,2020,-7590.95
1333755685567094784,4866,2,67922,12,2020,-1521.38
1334338111454209024,5021,9,79355,1,2020,-2393.76
1334338111454209024,5021,9,79355,2,2020,4390.24
1334338111454209024,5021,9,79355,3,2020,-3514.07
1334338111454209024,5021,9,79355,4,2020,1971.51
1334338111454209024,5021,9,79355,5,2020,6250.01
1334338111454209024,5021,9,79355,6,2020,-1664.28
1334338111454209024,5021,9,79355,7,2020,-8357.26
1334338111454209024,5021,9,79355,8,2020,-3430.3
1334338111454209024,5021,9,79355,9,2020,-3034.06
1334338111454209024,5021,9,79355,10,2020,-2967.8
1334338111454209024,5021,9,79355,11,2020,-4514.44
