218577931722332640,1370,3,62691,4,2020,23728.51
218577931722332640,1370,3,62691,5,2020,19038.7
218577931722332640,1370,3,62691,6,2020,14886.13
218577931722332640,1370,3,62691,7,2020,14336.81
218577931722332640,1370,3,62691,8,2020,13691.81
218577931722332640,1370,3,62691,9,2020,17253.37
218577931722332640,1370,3,62691,10,2020,17435.41
218577931722332640,1370,3,62691,11,2020,10636.13
218577931722332640,1370,3,62691,12,2020,12852.31
2186953013504682496,2575,6,31750,1,2020,-1006.51
2186953013504682496,2575,6,31750,2,2020,-5517.83
2186953013504682496,2575,6,31750,3,2020,-7686.97
2186953013504682496,2575,6,31750,4,2020,-9133.36
2186953013504682496,2575,6,31750,5,2020,-12629.57
2186953013504682496,2575,6,31750,6,2020,-6851.47
2186953013504682496,2575,6,31750,7,2020,-4860.77
2186953013504682496,2575,6,31750,8,2020,-9097.67
2186953013504682496,2575,6,31750,9,2020,-11989.22
2186953013504682496,2575,6,31750,10,2020,-10416.87
2186953013504682496,2575,6,31750,11,2020,-11034.3
2186953013504682496,2575,6,31750,12,2020,-14553.65
2187549617400688384,7841,1,97624,1,2020,5163.23
2187549617400688384,7841,1,97624,2,2020,8836.76
2187549617400688384,7841,1,97624,3,2020,6033.01
2187549617400688384,7841,1,97624,4,2020,10801.86
2187549617400688384,7841,1,97624,5,2020,8911.66
2187549617400688384,7841,1,97624,6,2020,5334.46
2187549617400688384,7841,1,97624,7,2020,8817.71
2187549617400688384,7841,1,97624,8,2020,20881.22
2187549617400688384,7841,1,97624,9,2020,11872.7
2187549617400688384,7841,1,97624,10,2020,7029.77
2187549617400688384,7841,1,97624,11,2020,9965.51
2187549617400688384,7841,1,97624,12,2020,-702.23
2188125365811570944,7053,2,15061,1,2020,0.0
2188125365811570944,7053,2,15061,2,2020,3012.31
2188125365811570944,7053,2,15061,3,2020,3721.64
2188125365811570944,7053,2,15061,4,2020,3721.64
2188125365811570944,7053,2,15061,5,2020,2562.0
2188125365811570944,7053,2,15061,6,2020,4485.64
2188125365811570944,7053,2,15061,7,2020,4851.17
2188125365811570944,7053,2,15061,8,2020,4676.9
2188125365811570944,7053,2,15061,9,2020,5860.28
2188125365811570944,7053,2,15061,10,2020,5524.6
2188125365811570944,7053,2,15061,11,2020,4816.12
2188125365811570944,7053,2,15061,12,2020,5855.04
2190932626756097792,2907,0,85687,1,2020,2807.72
2190932626756097792,2907,0,85687,2,2020,5509.54
2190932626756097792,2907,0,85687,3,2020,4643.04
2190932626756097792,2907,0,85687,4,2020,2186.07
2190932626756097792,2907,0,85687,5,2020,-7990.85
2190932626756097792,2907,0,85687,6,2020,-6664.92
2190932626756097792,2907,0,85687,7,2020,-8505.7
2190932626756097792,2907,0,85687,8,2020,-9247.86
2190932626756097792,2907,0,85687,9,2020,-12139.12
2190932626756097792,2907,0,85687,10,2020,-11565.64
2190932626756097792,2907,0,85687,11,2020,-12320.55
2190932626756097792,2907,0,85687,12,2020,-15248.91
2191876245432339200,4686,8,71157,1,2020,-1588.5
2191876245432339200,4686,8,71157,2,2020,-1367.38
2191876245432339200,4686,8,71157,3,2020,-4137.06
2191876245432339200,4686,8,71157,4,2020,-6354.9
2191876245432339200,4686,8,71157,5,2020,-6415.91
2191876245432339200,4686,8,71157,6,2020,-9907.37
2191876245432339200,4686,8,71157,7,2020,-12579.49
2191876245432339200,4686,8,71157,8,2020,-13504.36
2191876245432339200,4686,8,71157,9,2020,-15733.34
2191876245432339200,4686,8,71157,10,2020,-15879.67
2191876245432339200,4686,8,71157,11,2020,-16791.6
2191876245432339200,4686,8,71157,12,2020,-17363.61
2192603448602833664,9066,4,72477,1,2020,0.0
2192603448602833664,9066,4,72477,2,2020,4472.07
2192603448602833664,9066,4,72477,3,2020,3043.3
2192603448602833664,9066,4,72477,4,2020,281.2
2192603448602833664,9066,4,72477,5,2020,399.76
2192603448602833664,9066,4,72477,6,2020,-1314.2
2192603448602833664,9066,4,72477,7,2020,2619.81
2192603448602833664,9066,4,72477,8,2020,3472.75
2192603448602833664,9066,4,72477,9,2020,-211.05
2192603448602833664,9066,4,72477,10,2020,-3454.07
2192603448602833664,9066,4,72477,11,2020,-3018.33
2192603448602833664,9066,4,72477,12,2020,-4409.46
219268689427117536,8378,6,66935,1,2020,-1751.54
219268689427117536,8378,6,66935,2,2020,1855.0
219268689427117536,8378,6,66935,3,2020,-8053.55
219268689427117536,8378,6,66935,4,2020,-7989.49
219268689427117536,8378,6,66935,5,2020,-10199.62
219268689427117536,8378,6,66935,6,2020,-14757.03
219268689427117536,8378,6,66935,7,2020,-12503.15
219268689427117536,8378,6,66935,8,2020,-8202.57
219268689427117536,8378,6,66935,9,2020,-5752.39
219268689427117536,8378,6,66935,10,2020,-6547.82
219268689427117536,8378,6,66935,11,2020,-1776.78
219268689427117536,8378,6,66935,12,2020,1602.42
2193902919187585536,5448,9,61980,1,2020,-1680.53
2193902919187585536,5448,9,61980,2,2020,2787.16
2193902919187585536,5448,9,61980,3,2020,84.83
2193902919187585536,5448,9,61980,4,2020,1221.35
2193902919187585536,5448,9,61980,5,2020,9146.31
2193902919187585536,5448,9,61980,6,2020,11410.28
2193902919187585536,5448,9,61980,7,2020,10938.94
2193902919187585536,5448,9,61980,8,2020,13747.35
2193902919187585536,5448,9,61980,9,2020,13229.04
2193902919187585536,5448,9,61980,10,2020,15557.67
2193902919187585536,5448,9,61980,11,2020,13908.27
2193902919187585536,5448,9,61980,12,2020,15776.1
2194399052145590272,7749,4,54050,1,2020,3037.36
2194399052145590272,7749,4,54050,2,2020,3411.43
2194399052145590272,7749,4,54050,3,2020,10192.09
2194399052145590272,7749,4,54050,4,2020,11282.31
2194399052145590272,7749,4,54050,5,2020,11071.98
2194399052145590272,7749,4,54050,6,2020,5770.77
2194399052145590272,7749,4,54050,7,2020,9813.83
2194399052145590272,7749,4,54050,8,2020,12190.54
2194399052145590272,7749,4,54050,9,2020,14634.73
2194399052145590272,7749,4,54050,10,2020,18608.17
2194399052145590272,7749,4,54050,11,2020,18391.46
2194399052145590272,7749,4,54050,12,2020,15125.03
2194694022297316608,5344,0,4410,1,2020,-127.46
2194694022297316608,5344,0,4410,2,2020,805.19
2194694022297316608,5344,0,4410,3,2020,-5025.29
2194694022297316608,5344,0,4410,4,2020,4767.24
2194694022297316608,5344,0,4410,5,2020,7440.17
2194694022297316608,5344,0,4410,6,2020,8527.82
2194694022297316608,5344,0,4410,7,2020,13682.62
2194694022297316608,5344,0,4410,8,2020,9114.48
2194694022297316608,5344,0,4410,9,2020,10938.34
2194694022297316608,5344,0,4410,10,2020,6888.8
2194694022297316608,5344,0,4410,11,2020,11147.31
2194694022297316608,5344,0,4410,12,2020,13310.79
2195390154486733824,3028,7,46463,1,2020,-384.16
2195390154486733824,3028,7,46463,2,2020,-1241.71
2195390154486733824,3028,7,46463,3,2020,-1241.71
2195390154486733824,3028,7,46463,4,2020,-950.89
2195390154486733824,3028,7,46463,5,2020,-2318.99
2195390154486733824,3028,7,46463,6,2020,-1305.4
2195390154486733824,3028,7,46463,7,2020,996.71
2195390154486733824,3028,7,46463,8,2020,-552.22
2195390154486733824,3028,7,46463,9,2020,-1221.32
2195390154486733824,3028,7,46463,10,2020,-1221.32
2195390154486733824,3028,7,46463,11,2020,-631.96
2195390154486733824,3028,7,46463,12,2020,-266.81
2196960646110952192,6956,4,5347,1,2020,1342.62
2196960646110952192,6956,4,5347,2,2020,-305.33
2196960646110952192,6956,4,5347,3,2020,38.08
2196960646110952192,6956,4,5347,4,2020,-881.04
2196960646110952192,6956,4,5347,5,2020,3889.84
2196960646110952192,6956,4,5347,6,2020,-1004.88
2196960646110952192,6956,4,5347,7,2020,-9255.43
2196960646110952192,6956,4,5347,8,2020,-16203.06
2196960646110952192,6956,4,5347,9,2020,-19071.23
2196960646110952192,6956,4,5347,10,2020,-21426.11
2196960646110952192,6956,4,5347,11,2020,-26107.58
2196960646110952192,6956,4,5347,12,2020,-19523.91
2197908630617576192,9001,2,68611,1,2020,2787.07
2197908630617576192,9001,2,68611,2,2020,2514.74
2197908630617576192,9001,2,68611,3,2020,-3162.5
2197908630617576192,9001,2,68611,4,2020,-1258.54
2197908630617576192,9001,2,68611,5,2020,3295.71
2197908630617576192,9001,2,68611,6,2020,5789.35
2197908630617576192,9001,2,68611,7,2020,11107.68
2197908630617576192,9001,2,68611,8,2020,13648.49
2197908630617576192,9001,2,68611,9,2020,17279.48
2197908630617576192,9001,2,68611,10,2020,14896.92
2197908630617576192,9001,2,68611,11,2020,18831.25
2197908630617576192,9001,2,68611,12,2020,17408.51
2198320815224209408,2121,4,77597,1,2020,-308.92
2198320815224209408,2121,4,77597,2,2020,-1670.79
2198320815224209408,2121,4,77597,3,2020,-2812.97
2198320815224209408,2121,4,77597,4,2020,-3956.88
2198320815224209408,2121,4,77597,5,2020,-4339.03
2198320815224209408,2121,4,77597,6,2020,-4078.4
2198320815224209408,2121,4,77597,7,2020,-3008.67
2198320815224209408,2121,4,77597,8,2020,-4746.79
2198320815224209408,2121,4,77597,9,2020,-1800.32
2198320815224209408,2121,4,77597,10,2020,423.21
2198320815224209408,2121,4,77597,11,2020,190.66
2198320815224209408,2121,4,77597,12,2020,101.55
2198729099913593088,128,3,97150,1,2020,2227.82
2198729099913593088,128,3,97150,2,2020,1574.51
2198729099913593088,128,3,97150,3,2020,1197.37
2198729099913593088,128,3,97150,4,2020,5668.86
2198729099913593088,128,3,97150,5,2020,5554.15
2198729099913593088,128,3,97150,6,2020,5880.76
2198729099913593088,128,3,97150,7,2020,6702.44
2198729099913593088,128,3,97150,8,2020,4283.21
2198729099913593088,128,3,97150,9,2020,2124.63
2198729099913593088,128,3,97150,10,2020,2088.57
2198729099913593088,128,3,97150,11,2020,-2932.93
2198729099913593088,128,3,97150,12,2020,-3317.7
2199991586227031040,2597,7,57679,1,2020,621.41
2199991586227031040,2597,7,57679,2,2020,1946.49
2199991586227031040,2597,7,57679,3,2020,1240.37
2199991586227031040,2597,7,57679,4,2020,-2331.22
2199991586227031040,2597,7,57679,5,2020,-5460.51
2199991586227031040,2597,7,57679,6,2020,-2987.28
2199991586227031040,2597,7,57679,7,2020,-1655.03
2199991586227031040,2597,7,57679,8,2020,-1447.7
2199991586227031040,2597,7,57679,9,2020,-2585.88
2199991586227031040,2597,7,57679,10,2020,-638.39
2199991586227031040,2597,7,57679,11,2020,732.86
2199991586227031040,2597,7,57679,12,2020,1498.21
2200221800078021120,4237,4,31711,1,2020,3040.78
2200221800078021120,4237,4,31711,2,2020,989.38
2200221800078021120,4237,4,31711,3,2020,1344.67
2200221800078021120,4237,4,31711,4,2020,321.89
2200221800078021120,4237,4,31711,5,2020,4177.44
2200221800078021120,4237,4,31711,6,2020,5087.83
2200221800078021120,4237,4,31711,7,2020,3835.53
2200221800078021120,4237,4,31711,8,2020,4999.66
2200221800078021120,4237,4,31711,9,2020,3898.37
2200221800078021120,4237,4,31711,10,2020,3602.72
2200221800078021120,4237,4,31711,11,2020,3578.86
2200221800078021120,4237,4,31711,12,2020,2965.91
2200674110408597248,5433,2,57081,1,2020,2557.86
2200674110408597248,5433,2,57081,2,2020,4189.66
2200674110408597248,5433,2,57081,3,2020,955.36
2200674110408597248,5433,2,57081,4,2020,4179.91
2200674110408597248,5433,2,57081,5,2020,3699.12
2200674110408597248,5433,2,57081,6,2020,2382.32
2200674110408597248,5433,2,57081,7,2020,3608.11
2200674110408597248,5433,2,57081,8,2020,649.78
2200674110408597248,5433,2,57081,9,2020,-294.71
2200674110408597248,5433,2,57081,10,2020,2102.48
2200674110408597248,5433,2,57081,11,2020,818.38
2200674110408597248,5433,2,57081,12,2020,1740.29
2201045501550167040,6113,3,31094,1,2020,943.77
2201045501550167040,6113,3,31094,2,2020,3769.76
2201045501550167040,6113,3,31094,3,2020,5167.43
2201045501550167040,6113,3,31094,4,2020,10882.57
2201045501550167040,6113,3,31094,5,2020,9418.58
2201045501550167040,6113,3,31094,6,2020,11245.8
2201045501550167040,6113,3,31094,7,2020,11397.54
2201045501550167040,6113,3,31094,8,2020,10150.73
2201045501550167040,6113,3,31094,9,2020,8370.77
2201045501550167040,6113,3,31094,10,2020,6618.14
2201045501550167040,6113,3,31094,11,2020,6846.14
2201045501550167040,6113,3,31094,12,2020,7489.11
2202638589575794944,110,7,15048,1,2020,-4880.4
2202638589575794944,110,7,15048,2,2020,-12463.98
