122077335612044656,8057,0,23778,1,2020,4540.32
122077335612044656,8057,0,23778,2,2020,4834.68
122077335612044656,8057,0,23778,3,2020,3029.16
122077335612044656,8057,0,23778,4,2020,9321.86
122077335612044656,8057,0,23778,5,2020,11660.77
122077335612044656,8057,0,23778,6,2020,13734.28
122077335612044656,8057,0,23778,7,2020,12537.54
122077335612044656,8057,0,23778,8,2020,12207.44
122077335612044656,8057,0,23778,9,2020,15595.12
122077335612044656,8057,0,23778,10,2020,13861.79
122077335612044656,8057,0,23778,11,2020,14754.53
122077335612044656,8057,0,23778,12,2020,9801.87
1221420954018507520,2067,4,23176,1,2020,5181.53
1221420954018507520,2067,4,23176,2,2020,9093.45
1221420954018507520,2067,4,23176,3,2020,2182.54
1221420954018507520,2067,4,23176,4,2020,8850.08
1221420954018507520,2067,4,23176,5,2020,2927.36
1221420954018507520,2067,4,23176,6,2020,-879.03
1221420954018507520,2067,4,23176,7,2020,3505.42
1221420954018507520,2067,4,23176,8,2020,776.38
1221420954018507520,2067,4,23176,9,2020,-2316.58
1221420954018507520,2067,4,23176,10,2020,-11243.66
1221420954018507520,2067,4,23176,11,2020,-5779.01
1221420954018507520,2067,4,23176,12,2020,-1296.67
1221849189622660608,5602,9,9573,1,2020,68.32
1221849189622660608,5602,9,9573,2,2020,-3298.91
1221849189622660608,5602,9,9573,3,2020,1391.98
1221849189622660608,5602,9,9573,4,2020,123.75
1221849189622660608,5602,9,9573,5,2020,-3398.25
1221849189622660608,5602,9,9573,6,2020,-3740.5
1221849189622660608,5602,9,9573,7,2020,-7529.48
1221849189622660608,5602,9,9573,8,2020,-7320.23
1221849189622660608,5602,9,9573,9,2020,-1856.88
1221849189622660608,5602,9,9573,10,2020,478.98
1221849189622660608,5602,9,9573,11,2020,-2587.73
1221849189622660608,5602,9,9573,12,2020,-5034.94
1221964421343960064,3217,9,73113,1,2020,4181.56
1221964421343960064,3217,9,73113,2,2020,6655.57
1221964421343960064,3217,9,73113,3,2020,9678.16
1221964421343960064,3217,9,73113,4,2020,11751.75
1221964421343960064,3217,9,73113,5,2020,11755.23
1221964421343960064,3217,9,73113,6,2020,8199.53
1221964421343960064,3217,9,73113,7,2020,12071.41
1221964421343960064,3217,9,73113,8,2020,8769.7
1221964421343960064,3217,9,73113,9,2020,3431.78
1221964421343960064,3217,9,73113,10,2020,1701.77
1221964421343960064,3217,9,73113,11,2020,412.1
1221964421343960064,3217,9,73113,12,2020,1318.98
1222340324697352192,5603,8,65468,1,2020,1598.12
1222340324697352192,5603,8,65468,2,2020,595.07
1222340324697352192,5603,8,65468,3,2020,2178.32
1222340324697352192,5603,8,65468,4,2020,4724.51
1222340324697352192,5603,8,65468,5,2020,3147.29
1222340324697352192,5603,8,65468,6,2020,10567.41
1222340324697352192,5603,8,65468,7,2020,13671.62
1222340324697352192,5603,8,65468,8,2020,16151.96
1222340324697352192,5603,8,65468,9,2020,17852.69
1222340324697352192,5603,8,65468,10,2020,17745.46
1222340324697352192,5603,8,65468,11,2020,17687.48
1222340324697352192,5603,8,65468,12,2020,21027.09
1223337586947810816,8964,1,26082,1,2020,-299.98
1223337586947810816,8964,1,26082,2,2020,414.17
1223337586947810816,8964,1,26082,3,2020,3571.24
1223337586947810816,8964,1,26082,4,2020,-2208.38
1223337586947810816,8964,1,26082,5,2020,3172.61
1223337586947810816,8964,1,26082,6,2020,-6249.45
1223337586947810816,8964,1,26082,7,2020,-1658.6
1223337586947810816,8964,1,26082,8,2020,-10764.41
1223337586947810816,8964,1,26082,9,2020,-10466.83
1223337586947810816,8964,1,26082,10,2020,-10242.8
1223337586947810816,8964,1,26082,11,2020,-7714.58
1223337586947810816,8964,1,26082,12,2020,-5354.27
1223595936017635328,5126,6,86438,1,2020,1209.49
1223595936017635328,5126,6,86438,2,2020,3725.15
1223595936017635328,5126,6,86438,3,2020,4850.56
1223595936017635328,5126,6,86438,4,2020,6835.39
1223595936017635328,5126,6,86438,5,2020,6135.29
1223595936017635328,5126,6,86438,6,2020,8589.43
1223595936017635328,5126,6,86438,7,2020,15081.27
1223595936017635328,5126,6,86438,8,2020,18276.85
1223595936017635328,5126,6,86438,9,2020,20028.29
1223595936017635328,5126,6,86438,10,2020,17106.34
1223595936017635328,5126,6,86438,11,2020,18779.28
1223595936017635328,5126,6,86438,12,2020,20520.6
1224808397470321152,8798,2,61107,1,2020,-2238.81
1224808397470321152,8798,2,61107,2,2020,-4695.48
1224808397470321152,8798,2,61107,3,2020,-766.33
1224808397470321152,8798,2,61107,4,2020,3241.27
1224808397470321152,8798,2,61107,5,2020,4348.89
1224808397470321152,8798,2,61107,6,2020,4621.08
1224808397470321152,8798,2,61107,7,2020,2130.8
1224808397470321152,8798,2,61107,8,2020,4229.69
1224808397470321152,8798,2,61107,9,2020,8352.85
1224808397470321152,8798,2,61107,10,2020,5992.16
1224808397470321152,8798,2,61107,11,2020,7072.11
1224808397470321152,8798,2,61107,12,2020,7057.3
1224879407422209792,9069,8,55802,1,2020,-8614.28
1224879407422209792,9069,8,55802,2,2020,-5328.01
1224879407422209792,9069,8,55802,3,2020,-12205.45
1224879407422209792,9069,8,55802,4,2020,-13810.14
1224879407422209792,9069,8,55802,5,2020,-14317.26
1224879407422209792,9069,8,55802,6,2020,-18995.82
1224879407422209792,9069,8,55802,7,2020,-17975.47
1224879407422209792,9069,8,55802,8,2020,-20874.17
1224879407422209792,9069,8,55802,9,2020,-23117.96
1224879407422209792,9069,8,55802,10,2020,-19281.38
1224879407422209792,9069,8,55802,11,2020,-26926.68
1224879407422209792,9069,8,55802,12,2020,-29215.42
1225036967592360960,5389,8,44346,1,2020,-3330.52
1225036967592360960,5389,8,44346,2,2020,-8142.28
1225036967592360960,5389,8,44346,3,2020,-5765.15
1225036967592360960,5389,8,44346,4,2020,-974.33
1225036967592360960,5389,8,44346,5,2020,-1520.42
1225036967592360960,5389,8,44346,6,2020,-5410.6
1225036967592360960,5389,8,44346,7,2020,854.98
1225036967592360960,5389,8,44346,8,2020,806.38
1225036967592360960,5389,8,44346,9,2020,-2962.91
1225036967592360960,5389,8,44346,10,2020,-5163.52
1225036967592360960,5389,8,44346,11,2020,-8567.01
1225036967592360960,5389,8,44346,12,2020,-6165.2
1226746536347503360,2782,7,63922,1,2020,3216.0
1226746536347503360,2782,7,63922,2,2020,2326.77
1226746536347503360,2782,7,63922,3,2020,6776.93
1226746536347503360,2782,7,63922,4,2020,11202.8
1226746536347503360,2782,7,63922,5,2020,15585.58
1226746536347503360,2782,7,63922,6,2020,13792.02
1226746536347503360,2782,7,63922,7,2020,11649.42
1226746536347503360,2782,7,63922,8,2020,10069.56
1226746536347503360,2782,7,63922,9,2020,11432.68
1226746536347503360,2782,7,63922,10,2020,10288.16
1226746536347503360,2782,7,63922,11,2020,4963.1
1226746536347503360,2782,7,63922,12,2020,2551.23
1228820912926270208,5670,7,73861,1,2020,3221.99
1228820912926270208,5670,7,73861,2,2020,786.2
1228820912926270208,5670,7,73861,3,2020,-1811.8
1228820912926270208,5670,7,73861,4,2020,-1518.84
1228820912926270208,5670,7,73861,5,2020,-6489.03
1228820912926270208,5670,7,73861,6,2020,-6242.96
1228820912926270208,5670,7,73861,7,2020,-5252.0
1228820912926270208,5670,7,73861,8,2020,-1005.44
1228820912926270208,5670,7,73861,9,2020,517.61
1228820912926270208,5670,7,73861,10,2020,4443.74
1228820912926270208,5670,7,73861,11,2020,5693.92
1228820912926270208,5670,7,73861,12,2020,5176.64
1229262637001381632,4257,9,94977,1,2020,1055.8
1229262637001381632,4257,9,94977,2,2020,-4445.16
1229262637001381632,4257,9,94977,3,2020,-1341.3
1229262637001381632,4257,9,94977,4,2020,-2826.96
1229262637001381632,4257,9,94977,5,2020,-2235.58
1229262637001381632,4257,9,94977,6,2020,-3268.07
1229262637001381632,4257,9,94977,7,2020,-4506.6
1229262637001381632,4257,9,94977,8,2020,-5752.59
1229262637001381632,4257,9,94977,9,2020,-5871.73
1229262637001381632,4257,9,94977,10,2020,-9217.75
1229262637001381632,4257,9,94977,11,2020,-7683.57
1229262637001381632,4257,9,94977,12,2020,-13065.01
1229505160495398656,2550,5,65662,1,2020,5060.25
1229505160495398656,2550,5,65662,2,2020,6022.3
1229505160495398656,2550,5,65662,3,2020,7511.75
1229505160495398656,2550,5,65662,4,2020,10589.07
1229505160495398656,2550,5,65662,5,2020,7572.04
1229505160495398656,2550,5,65662,6,2020,6859.38
1229505160495398656,2550,5,65662,7,2020,4406.29
1229505160495398656,2550,5,65662,8,2020,7359.48
1229505160495398656,2550,5,65662,9,2020,3854.97
1229505160495398656,2550,5,65662,10,2020,2775.56
1229505160495398656,2550,5,65662,11,2020,6181.77
1229505160495398656,2550,5,65662,12,2020,10619.36
1230483860979808512,2419,6,42047,1,2020,-3749.51
1230483860979808512,2419,6,42047,2,2020,-1323.88
1230483860979808512,2419,6,42047,3,2020,-821.83
1230483860979808512,2419,6,42047,4,2020,1831.21
1230483860979808512,2419,6,42047,5,2020,-844.32
1230483860979808512,2419,6,42047,6,2020,4018.89
1230483860979808512,2419,6,42047,7,2020,2533.96
1230483860979808512,2419,6,42047,8,2020,1204.94
1230483860979808512,2419,6,42047,9,2020,2970.54
1230483860979808512,2419,6,42047,10,2020,4211.27
1230483860979808512,2419,6,42047,11,2020,1755.67
1230483860979808512,2419,6,42047,12,2020,722.52
1234700450164998912,4491,8,21867,1,2020,2611.12
1234700450164998912,4491,8,21867,2,2020,7708.25
1234700450164998912,4491,8,21867,3,2020,6593.23
1234700450164998912,4491,8,21867,4,2020,10491.06
1234700450164998912,4491,8,21867,5,2020,1999.86
1234700450164998912,4491,8,21867,6,2020,1484.66
1234700450164998912,4491,8,21867,7,2020,2107.22
1234700450164998912,4491,8,21867,8,2020,5285.29
1234700450164998912,4491,8,21867,9,2020,5555.67
1234700450164998912,4491,8,21867,10,2020,708.21
1234700450164998912,4491,8,21867,11,2020,8241.33
1234700450164998912,4491,8,21867,12,2020,11835.3
1235094068106811392,9139,1,22696,1,2020,0.0
1235094068106811392,9139,1,22696,2,2020,2419.91
1235094068106811392,9139,1,22696,3,2020,4371.75
1235094068106811392,9139,1,22696,4,2020,2727.21
1235094068106811392,9139,1,22696,5,2020,2544.43
1235094068106811392,9139,1,22696,6,2020,2718.2
1235094068106811392,9139,1,22696,7,2020,2563.18
1235094068106811392,9139,1,22696,8,2020,3059.53
1235094068106811392,9139,1,22696,9,2020,3059.53
1235094068106811392,9139,1,22696,10,2020,2789.61
1235094068106811392,9139,1,22696,11,2020,3298.51
1235094068106811392,9139,1,22696,12,2020,1437.41
1235677095579724544,4287,6,89477,1,2020,-758.31
1235677095579724544,4287,6,89477,2,2020,-1021.31
1235677095579724544,4287,6,89477,3,2020,414.57
1235677095579724544,4287,6,89477,4,2020,3404.29
1235677095579724544,4287,6,89477,5,2020,1092.04
1235677095579724544,4287,6,89477,6,2020,4425.33
1235677095579724544,4287,6,89477,7,2020,5507.74
1235677095579724544,4287,6,89477,8,2020,11001.67
1235677095579724544,4287,6,89477,9,2020,10365.62
1235677095579724544,4287,6,89477,10,2020,14753.65
1235677095579724544,4287,6,89477,11,2020,17892.31
1235677095579724544,4287,6,89477,12,2020,14762.27
1236279531996738816,1322,3,19363,1,2020,6338.3
1236279531996738816,1322,3,19363,2,2020,5319.32
1236279531996738816,1322,3,19363,3,2020,10314.25
1236279531996738816,1322,3,19363,4,2020,8335.67
1236279531996738816,1322,3,19363,5,2020,8468.65
1236279531996738816,1322,3,19363,6,2020,4277.38
1236279531996738816,1322,3,19363,7,2020,11778.1
1236279531996738816,1322,3,19363,8,2020,19999.92
1236279531996738816,1322,3,19363,9,2020,18349.44
1236279531996738816,1322,3,19363,10,2020,23738.91
1236279531996738816,1322,3,19363,11,2020,15887.67
1236279531996738816,1322,3,19363,12,2020,14049.55
1236436702601087232,5054,4,67659,1,2020,1166.99
1236436702601087232,5054,4,67659,2,2020,3741.67
1236436702601087232,5054,4,67659,3,2020,2503.72
1236436702601087232,5054,4,67659,4,2020,13958.23
1236436702601087232,5054,4,67659,5,2020,7161.04
1236436702601087232,5054,4,67659,6,2020,2699.23
1236436702601087232,5054,4,67659,7,2020,8705.3
1236436702601087232,5054,4,67659,8,2020,11113.92
1236436702601087232,5054,4,67659,9,2020,12426.7
1236436702601087232,5054,4,67659,10,2020,16285.76
1236436702601087232,5054,4,67659,11,2020,18347.88
1236436702601087232,5054,4,67659,12,2020,19659.16
1237786860293169152,7029,8,54792,1,2020,1251.54
1237786860293169152,7029,8,54792,2,2020,1251.54
1237786860293169152,7029,8,54792,3,2020,171.87
