1665798942371608320,6981,3,71581,6,2020,-4632.05
1665798942371608320,6981,3,71581,7,2020,-2446.14
1665798942371608320,6981,3,71581,8,2020,-1583.76
1665798942371608320,6981,3,71581,9,2020,-2026.58
1665798942371608320,6981,3,71581,10,2020,-1623.8
1665798942371608320,6981,3,71581,11,2020,-1976.86
1665798942371608320,6981,3,71581,12,2020,-1976.86
1667848954419637760,8186,8,61571,1,2020,-2848.04
1667848954419637760,8186,8,61571,2,2020,-3479.85
1667848954419637760,8186,8,61571,3,2020,-3876.42
1667848954419637760,8186,8,61571,4,2020,-8058.73
1667848954419637760,8186,8,61571,5,2020,-4981.74
1667848954419637760,8186,8,61571,6,2020,-2974.86
1667848954419637760,8186,8,61571,7,2020,6436.69
1667848954419637760,8186,8,61571,8,2020,6660.41
1667848954419637760,8186,8,61571,9,2020,10367.09
1667848954419637760,8186,8,61571,10,2020,9519.63
1667848954419637760,8186,8,61571,11,2020,6307.32
1667848954419637760,8186,8,61571,12,2020,9856.65
1668130814824284672,4653,8,99056,1,2020,-2687.72
1668130814824284672,4653,8,99056,2,2020,-1296.69
1668130814824284672,4653,8,99056,3,2020,-5846.72
1668130814824284672,4653,8,99056,4,2020,-6150.17
1668130814824284672,4653,8,99056,5,2020,-6479.4
1668130814824284672,4653,8,99056,6,2020,-8661.44
1668130814824284672,4653,8,99056,7,2020,-6486.07
1668130814824284672,4653,8,99056,8,2020,-6912.32
1668130814824284672,4653,8,99056,9,2020,-6706.41
1668130814824284672,4653,8,99056,10,2020,-1545.52
1668130814824284672,4653,8,99056,11,2020,-1638.19
1668130814824284672,4653,8,99056,12,2020,-573.89
1668232590218488320,9932,6,94664,1,2020,0.0
1668232590218488320,9932,6,94664,2,2020,-169.64
1668232590218488320,9932,6,94664,3,2020,-169.64
1668232590218488320,9932,6,94664,4,2020,-169.64
1668232590218488320,9932,6,94664,5,2020,-169.64
1668232590218488320,9932,6,94664,6,2020,-169.64
1668232590218488320,9932,6,94664,7,2020,-169.64
1668232590218488320,9932,6,94664,8,2020,-169.64
1668232590218488320,9932,6,94664,9,2020,-169.64
1668232590218488320,9932,6,94664,10,2020,-169.64
1668232590218488320,9932,6,94664,11,2020,-169.64
1668232590218488320,9932,6,94664,12,2020,-191.38
1668591491372764160,1827,1,56497,1,2020,75.83
1668591491372764160,1827,1,56497,2,2020,-2824.69
1668591491372764160,1827,1,56497,3,2020,-6179.02
1668591491372764160,1827,1,56497,4,2020,-5261.78
1668591491372764160,1827,1,56497,5,2020,-8202.02
1668591491372764160,1827,1,56497,6,2020,-11375.09
1668591491372764160,1827,1,56497,7,2020,-9221.16
1668591491372764160,1827,1,56497,8,2020,-11925.36
1668591491372764160,1827,1,56497,9,2020,-14050.7
1668591491372764160,1827,1,56497,10,2020,-8737.61
1668591491372764160,1827,1,56497,11,2020,-8539.62
1668591491372764160,1827,1,56497,12,2020,-12605.33
1672061519577850624,225,5,65812,1,2020,-10059.56
1672061519577850624,225,5,65812,2,2020,-10086.45
1672061519577850624,225,5,65812,3,2020,-12097.78
1672061519577850624,225,5,65812,4,2020,-5368.65
1672061519577850624,225,5,65812,5,2020,-7190.14
1672061519577850624,225,5,65812,6,2020,-7888.04
1672061519577850624,225,5,65812,7,2020,-8851.12
1672061519577850624,225,5,65812,8,2020,-8378.39
1672061519577850624,225,5,65812,9,2020,-8381.16
1672061519577850624,225,5,65812,10,2020,-2310.91
1672061519577850624,225,5,65812,11,2020,-1221.57
1672061519577850624,225,5,65812,12,2020,-586.64
1673394160247966976,6123,0,76455,1,2020,3113.33
1673394160247966976,6123,0,76455,2,2020,3634.86
1673394160247966976,6123,0,76455,3,2020,4817.09
1673394160247966976,6123,0,76455,4,2020,5091.94
1673394160247966976,6123,0,76455,5,2020,1386.07
1673394160247966976,6123,0,76455,6,2020,5131.19
1673394160247966976,6123,0,76455,7,2020,3785.0
1673394160247966976,6123,0,76455,8,2020,69.27
1673394160247966976,6123,0,76455,9,2020,1988.82
1673394160247966976,6123,0,76455,10,2020,3159.26
1673394160247966976,6123,0,76455,11,2020,4503.77
1673394160247966976,6123,0,76455,12,2020,1380.44
1673423938437381120,3554,0,34008,1,2020,-7345.06
1673423938437381120,3554,0,34008,2,2020,-9046.48
1673423938437381120,3554,0,34008,3,2020,-9406.6
1673423938437381120,3554,0,34008,4,2020,-15113.06
1673423938437381120,3554,0,34008,5,2020,-12541.28
1673423938437381120,3554,0,34008,6,2020,-11241.78
1673423938437381120,3554,0,34008,7,2020,-20433.61
1673423938437381120,3554,0,34008,8,2020,-20976.19
1673423938437381120,3554,0,34008,9,2020,-14540.01
1673423938437381120,3554,0,34008,10,2020,-11091.18
1673423938437381120,3554,0,34008,11,2020,-9446.3
1673423938437381120,3554,0,34008,12,2020,-1435.37
167391078470261280,385,4,29018,1,2020,-96.69
167391078470261280,385,4,29018,2,2020,672.18
167391078470261280,385,4,29018,3,2020,4425.79
167391078470261280,385,4,29018,4,2020,4415.47
167391078470261280,385,4,29018,5,2020,9430.29
167391078470261280,385,4,29018,6,2020,13029.46
167391078470261280,385,4,29018,7,2020,11822.25
167391078470261280,385,4,29018,8,2020,9235.18
167391078470261280,385,4,29018,9,2020,13104.18
167391078470261280,385,4,29018,10,2020,16068.31
167391078470261280,385,4,29018,11,2020,12162.6
167391078470261280,385,4,29018,12,2020,19339.76
1674551238931757824,4031,4,38809,1,2020,8608.0
1674551238931757824,4031,4,38809,2,2020,11764.51
1674551238931757824,4031,4,38809,3,2020,16686.95
1674551238931757824,4031,4,38809,4,2020,15783.84
1674551238931757824,4031,4,38809,5,2020,8119.12
1674551238931757824,4031,4,38809,6,2020,2265.18
1674551238931757824,4031,4,38809,7,2020,8817.29
1674551238931757824,4031,4,38809,8,2020,11464.02
1674551238931757824,4031,4,38809,9,2020,14955.87
1674551238931757824,4031,4,38809,10,2020,17759.71
1674551238931757824,4031,4,38809,11,2020,15423.28
1674551238931757824,4031,4,38809,12,2020,17055.17
167464303134948480,7321,3,34985,1,2020,1194.21
167464303134948480,7321,3,34985,2,2020,5970.97
167464303134948480,7321,3,34985,3,2020,5970.97
167464303134948480,7321,3,34985,4,2020,3459.12
167464303134948480,7321,3,34985,5,2020,7457.57
167464303134948480,7321,3,34985,6,2020,9433.97
167464303134948480,7321,3,34985,7,2020,13086.12
167464303134948480,7321,3,34985,8,2020,12148.06
167464303134948480,7321,3,34985,9,2020,12213.24
167464303134948480,7321,3,34985,10,2020,12213.24
167464303134948480,7321,3,34985,11,2020,13624.48
167464303134948480,7321,3,34985,12,2020,12568.16
1674697199204711424,2617,8,95851,1,2020,4918.07
1674697199204711424,2617,8,95851,2,2020,5691.71
1674697199204711424,2617,8,95851,3,2020,8818.6
1674697199204711424,2617,8,95851,4,2020,10055.75
1674697199204711424,2617,8,95851,5,2020,9039.69
1674697199204711424,2617,8,95851,6,2020,12186.92
1674697199204711424,2617,8,95851,7,2020,12055.19
1674697199204711424,2617,8,95851,8,2020,10964.56
1674697199204711424,2617,8,95851,9,2020,12482.95
1674697199204711424,2617,8,95851,10,2020,7658.73
1674697199204711424,2617,8,95851,11,2020,4697.94
1674697199204711424,2617,8,95851,12,2020,9761.36
1676535090213698560,4425,3,60600,1,2020,5062.36
1676535090213698560,4425,3,60600,2,2020,3426.45
1676535090213698560,4425,3,60600,3,2020,-786.4
1676535090213698560,4425,3,60600,4,2020,-809.11
1676535090213698560,4425,3,60600,5,2020,1575.18
1676535090213698560,4425,3,60600,6,2020,902.89
1676535090213698560,4425,3,60600,7,2020,2306.9
1676535090213698560,4425,3,60600,8,2020,1915.06
1676535090213698560,4425,3,60600,9,2020,-1293.76
1676535090213698560,4425,3,60600,10,2020,-4520.01
1676535090213698560,4425,3,60600,11,2020,-3086.41
1676535090213698560,4425,3,60600,12,2020,-3092.46
1677676525569752320,4982,0,59503,1,2020,3283.28
1677676525569752320,4982,0,59503,2,2020,3488.09
1677676525569752320,4982,0,59503,3,2020,5494.48
1677676525569752320,4982,0,59503,4,2020,3509.78
1677676525569752320,4982,0,59503,5,2020,6924.46
1677676525569752320,4982,0,59503,6,2020,11545.86
1677676525569752320,4982,0,59503,7,2020,12101.5
1677676525569752320,4982,0,59503,8,2020,13424.86
1677676525569752320,4982,0,59503,9,2020,11768.42
1677676525569752320,4982,0,59503,10,2020,10148.17
1677676525569752320,4982,0,59503,11,2020,6047.34
1677676525569752320,4982,0,59503,12,2020,-2233.09
1678718251770588160,9933,7,25975,1,2020,-2100.74
1678718251770588160,9933,7,25975,2,2020,-5420.88
1678718251770588160,9933,7,25975,3,2020,-11413.83
1678718251770588160,9933,7,25975,4,2020,-13967.83
1678718251770588160,9933,7,25975,5,2020,-16745.3
1678718251770588160,9933,7,25975,6,2020,-20817.56
1678718251770588160,9933,7,25975,7,2020,-27386.48
1678718251770588160,9933,7,25975,8,2020,-27284.69
1678718251770588160,9933,7,25975,9,2020,-31016.21
1678718251770588160,9933,7,25975,10,2020,-19394.34
1678718251770588160,9933,7,25975,11,2020,-21127.77
1678718251770588160,9933,7,25975,12,2020,-23728.06
1680503464869977088,96,9,84277,1,2020,-1296.41
1680503464869977088,96,9,84277,2,2020,4133.82
1680503464869977088,96,9,84277,3,2020,2532.36
1680503464869977088,96,9,84277,4,2020,-1364.38
1680503464869977088,96,9,84277,5,2020,-5781.11
1680503464869977088,96,9,84277,6,2020,-6059.82
1680503464869977088,96,9,84277,7,2020,-7280.28
1680503464869977088,96,9,84277,8,2020,-14625.14
1680503464869977088,96,9,84277,9,2020,-14922.11
1680503464869977088,96,9,84277,10,2020,-15720.99
1680503464869977088,96,9,84277,11,2020,-21308.67
1680503464869977088,96,9,84277,12,2020,-23843.71
1682594259319948288,5409,7,15382,1,2020,-3597.52
1682594259319948288,5409,7,15382,2,2020,-660.3
1682594259319948288,5409,7,15382,3,2020,812.54
1682594259319948288,5409,7,15382,4,2020,-1196.43
1682594259319948288,5409,7,15382,5,2020,-786.35
1682594259319948288,5409,7,15382,6,2020,-1459.68
1682594259319948288,5409,7,15382,7,2020,841.77
1682594259319948288,5409,7,15382,8,2020,1189.59
1682594259319948288,5409,7,15382,9,2020,-650.49
1682594259319948288,5409,7,15382,10,2020,-7265.83
1682594259319948288,5409,7,15382,11,2020,-6441.77
1682594259319948288,5409,7,15382,12,2020,-7086.26
1683078411254765056,1417,5,97741,1,2020,9024.95
1683078411254765056,1417,5,97741,2,2020,4701.08
1683078411254765056,1417,5,97741,3,2020,-3662.11
1683078411254765056,1417,5,97741,4,2020,-9043.22
1683078411254765056,1417,5,97741,5,2020,-5025.64
1683078411254765056,1417,5,97741,6,2020,-4193.71
1683078411254765056,1417,5,97741,7,2020,-8261.97
1683078411254765056,1417,5,97741,8,2020,-9876.89
1683078411254765056,1417,5,97741,9,2020,-17679.3
1683078411254765056,1417,5,97741,10,2020,-14653.91
1683078411254765056,1417,5,97741,11,2020,-15534.72
1683078411254765056,1417,5,97741,12,2020,-18833.09
1684808941454839808,6994,9,55652,1,2020,3378.56
1684808941454839808,6994,9,55652,2,2020,1184.79
1684808941454839808,6994,9,55652,3,2020,-5402.78
1684808941454839808,6994,9,55652,4,2020,-3500.27
1684808941454839808,6994,9,55652,5,2020,-6800.97
1684808941454839808,6994,9,55652,6,2020,-7555.66
1684808941454839808,6994,9,55652,7,2020,-18691.58
1684808941454839808,6994,9,55652,8,2020,-26904.26
1684808941454839808,6994,9,55652,9,2020,-20453.61
1684808941454839808,6994,9,55652,10,2020,-16447.64
1684808941454839808,6994,9,55652,11,2020,-15578.62
1684808941454839808,6994,9,55652,12,2020,-17262.45
1687084216800524544,5596,4,96846,1,2020,5069.45
1687084216800524544,5596,4,96846,2,2020,4926.44
1687084216800524544,5596,4,96846,3,2020,5857.36
1687084216800524544,5596,4,96846,4,2020,-7368.36
1687084216800524544,5596,4,96846,5,2020,-6236.38
1687084216800524544,5596,4,96846,6,2020,-11690.56
1687084216800524544,5596,4,96846,7,2020,-15680.59
1687084216800524544,5596,4,96846,8,2020,-16456.59
1687084216800524544,5596,4,96846,9,2020,-14743.59
1687084216800524544,5596,4,96846,10,2020,-14313.97
1687084216800524544,5596,4,96846,11,2020,-17152.33
1687084216800524544,5596,4,96846,12,2020,-19645.53
1687728830851722240,9142,2,61519,1,2020,1657.67
1687728830851722240,9142,2,61519,2,2020,1986.89
1687728830851722240,9142,2,61519,3,2020,2573.15
