1993441619698147072,7855,4,1975,10,2020,-13636.82
1993441619698147072,7855,4,1975,11,2020,-6780.69
1993441619698147072,7855,4,1975,12,2020,-1249.5
199367610254079520,42,9,91328,1,2020,1680.91
199367610254079520,42,9,91328,2,2020,-1097.9
199367610254079520,42,9,91328,3,2020,-9030.33
199367610254079520,42,9,91328,4,2020,-7969.79
199367610254079520,42,9,91328,5,2020,-10292.59
199367610254079520,42,9,91328,6,2020,-14917.23
199367610254079520,42,9,91328,7,2020,-13690.15
199367610254079520,42,9,91328,8,2020,-16874.75
199367610254079520,42,9,91328,9,2020,-22945.24
199367610254079520,42,9,91328,10,2020,-17356.77
199367610254079520,42,9,91328,11,2020,-18641.21
199367610254079520,42,9,91328,12,2020,-21703.22
1994115117386893056,1899,2,70811,1,2020,3889.19
1994115117386893056,1899,2,70811,2,2020,5115.74
1994115117386893056,1899,2,70811,3,2020,2683.03
1994115117386893056,1899,2,70811,4,2020,6059.72
1994115117386893056,1899,2,70811,5,2020,-272.85
1994115117386893056,1899,2,70811,6,2020,-1127.9
1994115117386893056,1899,2,70811,7,2020,504.38
1994115117386893056,1899,2,70811,8,2020,10748.78
1994115117386893056,1899,2,70811,9,2020,6209.44
1994115117386893056,1899,2,70811,10,2020,3927.92
1994115117386893056,1899,2,70811,11,2020,-281.09
1994115117386893056,1899,2,70811,12,2020,10831.52
1995365391521085184,5385,8,44716,1,2020,-161.43
1995365391521085184,5385,8,44716,2,2020,8684.4
1995365391521085184,5385,8,44716,3,2020,2190.75
1995365391521085184,5385,8,44716,4,2020,-10889.46
1995365391521085184,5385,8,44716,5,2020,-7992.86
1995365391521085184,5385,8,44716,6,2020,-9349.81
1995365391521085184,5385,8,44716,7,2020,-1363.55
1995365391521085184,5385,8,44716,8,2020,3565.97
1995365391521085184,5385,8,44716,9,2020,4015.78
1995365391521085184,5385,8,44716,10,2020,4305.17
1995365391521085184,5385,8,44716,11,2020,-1172.83
1995365391521085184,5385,8,44716,12,2020,-9565.49
1996719935708697600,4669,0,74626,1,2020,483.85
1996719935708697600,4669,0,74626,2,2020,3046.54
1996719935708697600,4669,0,74626,3,2020,3572.42
1996719935708697600,4669,0,74626,4,2020,5248.69
1996719935708697600,4669,0,74626,5,2020,9130.06
1996719935708697600,4669,0,74626,6,2020,12585.05
1996719935708697600,4669,0,74626,7,2020,1633.27
1996719935708697600,4669,0,74626,8,2020,9740.06
1996719935708697600,4669,0,74626,9,2020,3009.86
1996719935708697600,4669,0,74626,10,2020,3963.02
1996719935708697600,4669,0,74626,11,2020,4636.62
1996719935708697600,4669,0,74626,12,2020,3427.81
1997894109690595584,4197,7,70973,1,2020,-2503.95
1997894109690595584,4197,7,70973,2,2020,-2263.93
1997894109690595584,4197,7,70973,3,2020,-3799.06
1997894109690595584,4197,7,70973,4,2020,-2183.28
1997894109690595584,4197,7,70973,5,2020,-2305.84
1997894109690595584,4197,7,70973,6,2020,-1662.49
1997894109690595584,4197,7,70973,7,2020,-2941.73
1997894109690595584,4197,7,70973,8,2020,-863.43
1997894109690595584,4197,7,70973,9,2020,523.1
1997894109690595584,4197,7,70973,10,2020,-685.25
1997894109690595584,4197,7,70973,11,2020,-768.17
1997894109690595584,4197,7,70973,12,2020,-6074.91
199812129682424256,3948,8,38970,1,2020,-517.94
199812129682424256,3948,8,38970,2,2020,2869.46
199812129682424256,3948,8,38970,3,2020,4779.19
199812129682424256,3948,8,38970,4,2020,9131.66
199812129682424256,3948,8,38970,5,2020,8436.53
199812129682424256,3948,8,38970,6,2020,12134.93
199812129682424256,3948,8,38970,7,2020,7348.51
199812129682424256,3948,8,38970,8,2020,2139.87
199812129682424256,3948,8,38970,9,2020,-721.2
199812129682424256,3948,8,38970,10,2020,1442.02
199812129682424256,3948,8,38970,11,2020,3912.55
199812129682424256,3948,8,38970,12,2020,8454.12
1998939298966649600,9761,0,90846,1,2020,3031.99
1998939298966649600,9761,0,90846,2,2020,-1178.35
1998939298966649600,9761,0,90846,3,2020,4456.57
1998939298966649600,9761,0,90846,4,2020,8055.46
1998939298966649600,9761,0,90846,5,2020,8467.68
1998939298966649600,9761,0,90846,6,2020,9233.07
1998939298966649600,9761,0,90846,7,2020,7477.82
1998939298966649600,9761,0,90846,8,2020,7127.46
1998939298966649600,9761,0,90846,9,2020,7794.98
1998939298966649600,9761,0,90846,10,2020,7223.91
1998939298966649600,9761,0,90846,11,2020,9559.19
1998939298966649600,9761,0,90846,12,2020,9381.4
2000461829533284352,1901,5,30543,1,2020,-1826.95
2000461829533284352,1901,5,30543,2,2020,337.61
2000461829533284352,1901,5,30543,3,2020,-4231.66
2000461829533284352,1901,5,30543,4,2020,-396.74
2000461829533284352,1901,5,30543,5,2020,3489.56
2000461829533284352,1901,5,30543,6,2020,-3164.56
2000461829533284352,1901,5,30543,7,2020,5312.25
2000461829533284352,1901,5,30543,8,2020,9541.12
2000461829533284352,1901,5,30543,9,2020,10446.46
2000461829533284352,1901,5,30543,10,2020,7887.31
2000461829533284352,1901,5,30543,11,2020,3517.68
2000461829533284352,1901,5,30543,12,2020,5140.13
2000495358643262720,3534,3,35216,1,2020,-2241.97
2000495358643262720,3534,3,35216,2,2020,10070.85
2000495358643262720,3534,3,35216,3,2020,6437.7
2000495358643262720,3534,3,35216,4,2020,10757.11
2000495358643262720,3534,3,35216,5,2020,10966.53
2000495358643262720,3534,3,35216,6,2020,13502.91
2000495358643262720,3534,3,35216,7,2020,14691.89
2000495358643262720,3534,3,35216,8,2020,29003.53
2000495358643262720,3534,3,35216,9,2020,25568.15
2000495358643262720,3534,3,35216,10,2020,19854.18
2000495358643262720,3534,3,35216,11,2020,18811.08
2000495358643262720,3534,3,35216,12,2020,14280.51
2001177018013626112,898,0,3484,1,2020,-5860.33
2001177018013626112,898,0,3484,2,2020,-3666.32
2001177018013626112,898,0,3484,3,2020,-6166.71
2001177018013626112,898,0,3484,4,2020,-7805.41
2001177018013626112,898,0,3484,5,2020,-4310.02
2001177018013626112,898,0,3484,6,2020,-5309.39
2001177018013626112,898,0,3484,7,2020,-6236.43
2001177018013626112,898,0,3484,8,2020,-5351.37
2001177018013626112,898,0,3484,9,2020,-8114.45
2001177018013626112,898,0,3484,10,2020,-9245.08
2001177018013626112,898,0,3484,11,2020,-10049.69
2001177018013626112,898,0,3484,12,2020,-11222.1
2001933071017552640,9732,1,66046,1,2020,-1964.29
2001933071017552640,9732,1,66046,2,2020,-2842.66
2001933071017552640,9732,1,66046,3,2020,-10209.25
2001933071017552640,9732,1,66046,4,2020,-10763.97
2001933071017552640,9732,1,66046,5,2020,-9307.74
2001933071017552640,9732,1,66046,6,2020,-11499.26
2001933071017552640,9732,1,66046,7,2020,-14864.89
2001933071017552640,9732,1,66046,8,2020,-16960.3
2001933071017552640,9732,1,66046,9,2020,-10103.98
2001933071017552640,9732,1,66046,10,2020,-11322.33
2001933071017552640,9732,1,66046,11,2020,-15538.79
2001933071017552640,9732,1,66046,12,2020,-11989.13
2002074641305011456,4228,6,12490,1,2020,-1984.97
2002074641305011456,4228,6,12490,2,2020,-1863.64
2002074641305011456,4228,6,12490,3,2020,781.9
2002074641305011456,4228,6,12490,4,2020,790.09
2002074641305011456,4228,6,12490,5,2020,-2685.06
2002074641305011456,4228,6,12490,6,2020,-6279.28
2002074641305011456,4228,6,12490,7,2020,-6457.54
2002074641305011456,4228,6,12490,8,2020,-4797.58
2002074641305011456,4228,6,12490,9,2020,-5629.91
2002074641305011456,4228,6,12490,10,2020,-4602.47
2002074641305011456,4228,6,12490,11,2020,-3911.14
2002074641305011456,4228,6,12490,12,2020,-4498.15
200250322810066816,2580,6,14882,1,2020,-3636.23
200250322810066816,2580,6,14882,2,2020,-7103.87
200250322810066816,2580,6,14882,3,2020,-1392.37
200250322810066816,2580,6,14882,4,2020,-5849.21
200250322810066816,2580,6,14882,5,2020,-6805.3
200250322810066816,2580,6,14882,6,2020,-3242.07
200250322810066816,2580,6,14882,7,2020,-10146.95
200250322810066816,2580,6,14882,8,2020,-3692.97
200250322810066816,2580,6,14882,9,2020,-6281.23
200250322810066816,2580,6,14882,10,2020,2422.25
200250322810066816,2580,6,14882,11,2020,2723.04
200250322810066816,2580,6,14882,12,2020,-2837.57
2002707855059216640,6047,7,11581,1,2020,-286.2
2002707855059216640,6047,7,11581,2,2020,2472.72
2002707855059216640,6047,7,11581,3,2020,8397.88
2002707855059216640,6047,7,11581,4,2020,6143.48
2002707855059216640,6047,7,11581,5,2020,11293.39
2002707855059216640,6047,7,11581,6,2020,18191.66
2002707855059216640,6047,7,11581,7,2020,20210.3
2002707855059216640,6047,7,11581,8,2020,21326.71
2002707855059216640,6047,7,11581,9,2020,18321.37
2002707855059216640,6047,7,11581,10,2020,25792.91
2002707855059216640,6047,7,11581,11,2020,26240.41
2002707855059216640,6047,7,11581,12,2020,24416.39
200422473371757280,8390,8,18761,1,2020,-2519.01
200422473371757280,8390,8,18761,2,2020,-2271.61
200422473371757280,8390,8,18761,3,2020,-686.46
200422473371757280,8390,8,18761,4,2020,-238.2
200422473371757280,8390,8,18761,5,2020,-1930.99
200422473371757280,8390,8,18761,6,2020,-9945.0
200422473371757280,8390,8,18761,7,2020,-8083.88
200422473371757280,8390,8,18761,8,2020,-6402.98
200422473371757280,8390,8,18761,9,2020,-11678.19
200422473371757280,8390,8,18761,10,2020,-9639.35
200422473371757280,8390,8,18761,11,2020,-10440.51
200422473371757280,8390,8,18761,12,2020,-10541.23
2004553981532849408,9870,9,71481,1,2020,6050.71
2004553981532849408,9870,9,71481,2,2020,6236.91
2004553981532849408,9870,9,71481,3,2020,4180.13
2004553981532849408,9870,9,71481,4,2020,16986.64
2004553981532849408,9870,9,71481,5,2020,8357.58
2004553981532849408,9870,9,71481,6,2020,4845.67
2004553981532849408,9870,9,71481,7,2020,3373.23
2004553981532849408,9870,9,71481,8,2020,9161.4
2004553981532849408,9870,9,71481,9,2020,5463.84
2004553981532849408,9870,9,71481,10,2020,2665.08
2004553981532849408,9870,9,71481,11,2020,8114.77
2004553981532849408,9870,9,71481,12,2020,9162.48
2004669510233280768,5140,3,124,1,2020,5260.38
2004669510233280768,5140,3,124,2,2020,7308.03
2004669510233280768,5140,3,124,3,2020,8951.51
2004669510233280768,5140,3,124,4,2020,8092.76
2004669510233280768,5140,3,124,5,2020,3308.15
2004669510233280768,5140,3,124,6,2020,5796.55
2004669510233280768,5140,3,124,7,2020,2093.17
2004669510233280768,5140,3,124,8,2020,5532.61
2004669510233280768,5140,3,124,9,2020,5691.23
2004669510233280768,5140,3,124,10,2020,7752.11
2004669510233280768,5140,3,124,11,2020,6608.76
2004669510233280768,5140,3,124,12,2020,9407.17
2005384846770912512,6768,8,48657,1,2020,-5617.66
2005384846770912512,6768,8,48657,2,2020,-5263.76
2005384846770912512,6768,8,48657,3,2020,-5677.44
2005384846770912512,6768,8,48657,4,2020,-4563.17
2005384846770912512,6768,8,48657,5,2020,-6947.16
2005384846770912512,6768,8,48657,6,2020,-9277.58
2005384846770912512,6768,8,48657,7,2020,-7349.02
2005384846770912512,6768,8,48657,8,2020,-7495.4
2005384846770912512,6768,8,48657,9,2020,-10780.61
2005384846770912512,6768,8,48657,10,2020,-13953.04
2005384846770912512,6768,8,48657,11,2020,-13041.47
2005384846770912512,6768,8,48657,12,2020,-11417.03
2006085453385085184,3256,8,25424,1,2020,12.98
2006085453385085184,3256,8,25424,2,2020,1608.57
2006085453385085184,3256,8,25424,3,2020,497.11
2006085453385085184,3256,8,25424,4,2020,152.58
2006085453385085184,3256,8,25424,5,2020,5244.31
2006085453385085184,3256,8,25424,6,2020,8369.53
2006085453385085184,3256,8,25424,7,2020,8397.93
2006085453385085184,3256,8,25424,8,2020,8544.41
2006085453385085184,3256,8,25424,9,2020,3568.58
2006085453385085184,3256,8,25424,10,2020,6521.85
2006085453385085184,3256,8,25424,11,2020,6057.22
2006085453385085184,3256,8,25424,12,2020,5285.88
2006088453406509824,3361,8,48924,1,2020,2871.37
2006088453406509824,3361,8,48924,2,2020,-3256.33
2006088453406509824,3361,8,48924,3,2020,378.32
2006088453406509824,3361,8,48924,4,2020,-2256.54
2006088453406509824,3361,8,48924,5,2020,-1096.96
2006088453406509824,3361,8,48924,6,2020,-6095.84
2006088453406509824,3361,8,48924,7,2020,-2361.44
2006088453406509824,3361,8,48924,8,2020,-3970.7
2006088453406509824,3361,8,48924,9,2020,-4523.33
