229661046079442816,8901,0,29953,4,2020,12184.72
229661046079442816,8901,0,29953,5,2020,14211.13
229661046079442816,8901,0,29953,6,2020,18131.9
229661046079442816,8901,0,29953,7,2020,15432.6
229661046079442816,8901,0,29953,8,2020,17497.1
229661046079442816,8901,0,29953,9,2020,23956.81
229661046079442816,8901,0,29953,10,2020,24240.28
229661046079442816,8901,0,29953,11,2020,22082.66
229661046079442816,8901,0,29953,12,2020,24687.98
2296617043393408512,1914,8,80596,1,2020,0.0
2296617043393408512,1914,8,80596,2,2020,0.0
2296617043393408512,1914,8,80596,3,2020,0.0
2296617043393408512,1914,8,80596,4,2020,0.0
2296617043393408512,1914,8,80596,5,2020,0.0
2296617043393408512,1914,8,80596,6,2020,-644.11
2296617043393408512,1914,8,80596,7,2020,-644.11
2296617043393408512,1914,8,80596,8,2020,-644.11
2296617043393408512,1914,8,80596,9,2020,225.65
2296617043393408512,1914,8,80596,10,2020,225.65
2296617043393408512,1914,8,80596,11,2020,225.65
2296617043393408512,1914,8,80596,12,2020,225.65
229671953929727200,3743,6,27080,1,2020,-599.59
229671953929727200,3743,6,27080,2,2020,139.28
229671953929727200,3743,6,27080,3,2020,1020.83
229671953929727200,3743,6,27080,4,2020,6808.65
229671953929727200,3743,6,27080,5,2020,14603.22
229671953929727200,3743,6,27080,6,2020,15729.01
229671953929727200,3743,6,27080,7,2020,15739.14
229671953929727200,3743,6,27080,8,2020,15283.01
229671953929727200,3743,6,27080,9,2020,12141.3
229671953929727200,3743,6,27080,10,2020,12344.57
229671953929727200,3743,6,27080,11,2020,15804.02
229671953929727200,3743,6,27080,12,2020,10752.7
2297310400858012672,4417,3,24327,1,2020,3039.73
2297310400858012672,4417,3,24327,2,2020,1326.19
2297310400858012672,4417,3,24327,3,2020,2032.18
2297310400858012672,4417,3,24327,4,2020,1340.56
2297310400858012672,4417,3,24327,5,2020,-4.9
2297310400858012672,4417,3,24327,6,2020,1943.71
2297310400858012672,4417,3,24327,7,2020,1116.88
2297310400858012672,4417,3,24327,8,2020,1589.34
2297310400858012672,4417,3,24327,9,2020,-149.31
2297310400858012672,4417,3,24327,10,2020,-722.86
2297310400858012672,4417,3,24327,11,2020,2321.45
2297310400858012672,4417,3,24327,12,2020,4729.52
2297586590197551360,9991,7,6531,1,2020,0.0
2297586590197551360,9991,7,6531,2,2020,0.0
2297586590197551360,9991,7,6531,3,2020,0.0
2297586590197551360,9991,7,6531,4,2020,0.0
2297586590197551360,9991,7,6531,5,2020,0.0
2297586590197551360,9991,7,6531,6,2020,1478.12
2297586590197551360,9991,7,6531,7,2020,3025.23
2297586590197551360,9991,7,6531,8,2020,3025.23
2297586590197551360,9991,7,6531,9,2020,3025.23
2297586590197551360,9991,7,6531,10,2020,3025.23
2297586590197551360,9991,7,6531,11,2020,3025.23
2297586590197551360,9991,7,6531,12,2020,3025.23
2297613130231550208,7655,1,81849,1,2020,8627.31
2297613130231550208,7655,1,81849,2,2020,4157.6
2297613130231550208,7655,1,81849,3,2020,1933.33
2297613130231550208,7655,1,81849,4,2020,3071.48
2297613130231550208,7655,1,81849,5,2020,-308.89
2297613130231550208,7655,1,81849,6,2020,-4452.83
2297613130231550208,7655,1,81849,7,2020,-6517.88
2297613130231550208,7655,1,81849,8,2020,-5682.39
2297613130231550208,7655,1,81849,9,2020,-8921.77
2297613130231550208,7655,1,81849,10,2020,-14359.71
2297613130231550208,7655,1,81849,11,2020,-10307.31
2297613130231550208,7655,1,81849,12,2020,-4509.85
2299014478187109632,8138,4,17437,1,2020,1761.35
2299014478187109632,8138,4,17437,2,2020,7003.52
2299014478187109632,8138,4,17437,3,2020,6449.38
2299014478187109632,8138,4,17437,4,2020,4215.58
2299014478187109632,8138,4,17437,5,2020,8134.47
2299014478187109632,8138,4,17437,6,2020,19507.22
2299014478187109632,8138,4,17437,7,2020,20022.86
2299014478187109632,8138,4,17437,8,2020,15312.66
2299014478187109632,8138,4,17437,9,2020,19731.51
2299014478187109632,8138,4,17437,10,2020,20697.44
2299014478187109632,8138,4,17437,11,2020,22972.98
2299014478187109632,8138,4,17437,12,2020,19649.07
2299047513319516928,3888,8,92368,1,2020,2740.54
2299047513319516928,3888,8,92368,2,2020,1343.89
2299047513319516928,3888,8,92368,3,2020,-2677.92
2299047513319516928,3888,8,92368,4,2020,166.51
2299047513319516928,3888,8,92368,5,2020,2817.54
2299047513319516928,3888,8,92368,6,2020,-578.21
2299047513319516928,3888,8,92368,7,2020,-286.65
2299047513319516928,3888,8,92368,8,2020,-2661.71
2299047513319516928,3888,8,92368,9,2020,-5877.4
2299047513319516928,3888,8,92368,10,2020,-4193.73
2299047513319516928,3888,8,92368,11,2020,-6661.8
2299047513319516928,3888,8,92368,12,2020,-12527.61
2299331487127515904,6432,6,80868,1,2020,-50.95
2299331487127515904,6432,6,80868,2,2020,28.47
2299331487127515904,6432,6,80868,3,2020,4285.65
2299331487127515904,6432,6,80868,4,2020,3608.6
2299331487127515904,6432,6,80868,5,2020,734.31
2299331487127515904,6432,6,80868,6,2020,2919.78
2299331487127515904,6432,6,80868,7,2020,3979.88
2299331487127515904,6432,6,80868,8,2020,2063.09
2299331487127515904,6432,6,80868,9,2020,3297.69
2299331487127515904,6432,6,80868,10,2020,-1966.42
2299331487127515904,6432,6,80868,11,2020,929.78
2299331487127515904,6432,6,80868,12,2020,-164.97
2299915072135547136,4357,9,3281,1,2020,-1833.83
2299915072135547136,4357,9,3281,2,2020,144.09
2299915072135547136,4357,9,3281,3,2020,5487.09
2299915072135547136,4357,9,3281,4,2020,1310.0
2299915072135547136,4357,9,3281,5,2020,-118.18
2299915072135547136,4357,9,3281,6,2020,-8260.32
2299915072135547136,4357,9,3281,7,2020,-8547.01
2299915072135547136,4357,9,3281,8,2020,-7885.64
2299915072135547136,4357,9,3281,9,2020,-13413.55
2299915072135547136,4357,9,3281,10,2020,-16352.5
2299915072135547136,4357,9,3281,11,2020,-23116.69
2299915072135547136,4357,9,3281,12,2020,-18264.05
2299949173782468864,9586,4,63730,1,2020,-1849.74
2299949173782468864,9586,4,63730,2,2020,-9088.81
2299949173782468864,9586,4,63730,3,2020,-12726.14
2299949173782468864,9586,4,63730,4,2020,-6911.73
2299949173782468864,9586,4,63730,5,2020,-5977.78
2299949173782468864,9586,4,63730,6,2020,-7267.1
2299949173782468864,9586,4,63730,7,2020,-5784.09
2299949173782468864,9586,4,63730,8,2020,-4529.53
2299949173782468864,9586,4,63730,9,2020,-2644.65
2299949173782468864,9586,4,63730,10,2020,2264.45
2299949173782468864,9586,4,63730,11,2020,-264.51
2299949173782468864,9586,4,63730,12,2020,-64.73
2300550437634078208,1269,1,90975,1,2020,145.0
2300550437634078208,1269,1,90975,2,2020,3619.69
2300550437634078208,1269,1,90975,3,2020,-893.75
2300550437634078208,1269,1,90975,4,2020,-5197.17
2300550437634078208,1269,1,90975,5,2020,-1577.44
2300550437634078208,1269,1,90975,6,2020,4597.96
2300550437634078208,1269,1,90975,7,2020,4552.14
2300550437634078208,1269,1,90975,8,2020,-5132.73
2300550437634078208,1269,1,90975,9,2020,-8961.03
2300550437634078208,1269,1,90975,10,2020,-15475.37
2300550437634078208,1269,1,90975,11,2020,-18166.19
2300550437634078208,1269,1,90975,12,2020,-22088.44
230101691340016960,6828,7,53994,1,2020,6528.45
230101691340016960,6828,7,53994,2,2020,6863.31
230101691340016960,6828,7,53994,3,2020,8797.89
230101691340016960,6828,7,53994,4,2020,5974.74
230101691340016960,6828,7,53994,5,2020,1147.45
230101691340016960,6828,7,53994,6,2020,4477.49
230101691340016960,6828,7,53994,7,2020,4752.52
230101691340016960,6828,7,53994,8,2020,9582.14
230101691340016960,6828,7,53994,9,2020,16060.84
230101691340016960,6828,7,53994,10,2020,14205.41
230101691340016960,6828,7,53994,11,2020,17837.74
230101691340016960,6828,7,53994,12,2020,19465.49
2302004254620707840,7397,1,39209,1,2020,6128.6
2302004254620707840,7397,1,39209,2,2020,890.05
2302004254620707840,7397,1,39209,3,2020,2489.11
2302004254620707840,7397,1,39209,4,2020,1307.16
2302004254620707840,7397,1,39209,5,2020,-1670.65
2302004254620707840,7397,1,39209,6,2020,2086.79
2302004254620707840,7397,1,39209,7,2020,1555.36
2302004254620707840,7397,1,39209,8,2020,3203.49
2302004254620707840,7397,1,39209,9,2020,-725.3
2302004254620707840,7397,1,39209,10,2020,-300.95
2302004254620707840,7397,1,39209,11,2020,-3152.88
2302004254620707840,7397,1,39209,12,2020,-833.3
2303009149229497600,689,1,26093,1,2020,2544.74
2303009149229497600,689,1,26093,2,2020,4461.56
2303009149229497600,689,1,26093,3,2020,10124.06
2303009149229497600,689,1,26093,4,2020,11339.38
2303009149229497600,689,1,26093,5,2020,13260.56
2303009149229497600,689,1,26093,6,2020,14362.11
2303009149229497600,689,1,26093,7,2020,13598.75
2303009149229497600,689,1,26093,8,2020,8965.15
2303009149229497600,689,1,26093,9,2020,11314.91
2303009149229497600,689,1,26093,10,2020,13601.87
2303009149229497600,689,1,26093,11,2020,14460.75
2303009149229497600,689,1,26093,12,2020,15008.28
2303711202034298624,1085,2,41388,1,2020,-3600.49
2303711202034298624,1085,2,41388,2,2020,-6529.47
2303711202034298624,1085,2,41388,3,2020,-6727.31
2303711202034298624,1085,2,41388,4,2020,-11862.78
2303711202034298624,1085,2,41388,5,2020,-10567.56
2303711202034298624,1085,2,41388,6,2020,-12159.19
2303711202034298624,1085,2,41388,7,2020,-13201.14
2303711202034298624,1085,2,41388,8,2020,-14731.83
2303711202034298624,1085,2,41388,9,2020,-10592.22
2303711202034298624,1085,2,41388,10,2020,-8040.68
2303711202034298624,1085,2,41388,11,2020,2979.96
2303711202034298624,1085,2,41388,12,2020,4140.38
2306020857111734784,213,2,16510,1,2020,-5488.29
2306020857111734784,213,2,16510,2,2020,-6918.51
2306020857111734784,213,2,16510,3,2020,-9334.81
2306020857111734784,213,2,16510,4,2020,-9574.37
2306020857111734784,213,2,16510,5,2020,-13139.17
2306020857111734784,213,2,16510,6,2020,-17236.07
2306020857111734784,213,2,16510,7,2020,-19871.34
2306020857111734784,213,2,16510,8,2020,-24856.06
2306020857111734784,213,2,16510,9,2020,-26036.49
2306020857111734784,213,2,16510,10,2020,-26188.67
2306020857111734784,213,2,16510,11,2020,-29574.47
2306020857111734784,213,2,16510,12,2020,-18865.23
2306444016863822848,7326,9,99308,1,2020,2365.31
2306444016863822848,7326,9,99308,2,2020,2207.65
2306444016863822848,7326,9,99308,3,2020,2076.95
2306444016863822848,7326,9,99308,4,2020,4267.28
2306444016863822848,7326,9,99308,5,2020,-211.75
2306444016863822848,7326,9,99308,6,2020,-1669.69
2306444016863822848,7326,9,99308,7,2020,-3013.17
2306444016863822848,7326,9,99308,8,2020,-12.38
2306444016863822848,7326,9,99308,9,2020,-961.69
2306444016863822848,7326,9,99308,10,2020,-1659.94
2306444016863822848,7326,9,99308,11,2020,177.4
2306444016863822848,7326,9,99308,12,2020,2305.99
230758908637388224,6757,1,44176,1,2020,-3313.55
230758908637388224,6757,1,44176,2,2020,-4444.74
230758908637388224,6757,1,44176,3,2020,-5191.45
230758908637388224,6757,1,44176,4,2020,-4994.84
230758908637388224,6757,1,44176,5,2020,-3063.71
230758908637388224,6757,1,44176,6,2020,-5839.7
230758908637388224,6757,1,44176,7,2020,-9278.27
230758908637388224,6757,1,44176,8,2020,-11473.46
230758908637388224,6757,1,44176,9,2020,-10368.9
230758908637388224,6757,1,44176,10,2020,-11667.46
230758908637388224,6757,1,44176,11,2020,-12295.91
230758908637388224,6757,1,44176,12,2020,-10073.78
231005937382814688,1757,1,6748,1,2020,2007.14
231005937382814688,1757,1,6748,2,2020,-3394.81
231005937382814688,1757,1,6748,3,2020,-5140.49
231005937382814688,1757,1,6748,4,2020,-3205.52
231005937382814688,1757,1,6748,5,2020,-4547.49
231005937382814688,1757,1,6748,6,2020,-9466.65
231005937382814688,1757,1,6748,7,2020,-5448.04
231005937382814688,1757,1,6748,8,2020,-3421.37
231005937382814688,1757,1,6748,9,2020,-9949.92
231005937382814688,1757,1,6748,10,2020,-9794.32
231005937382814688,1757,1,6748,11,2020,-12196.14
231005937382814688,1757,1,6748,12,2020,-18605.09
2310401459574087680,1661,5,89627,1,2020,-1759.17
2310401459574087680,1661,5,89627,2,2020,-1195.51
