1106923490654134528,6241,6,87810,2,2020,1406.28
1106923490654134528,6241,6,87810,3,2020,3206.41
1106923490654134528,6241,6,87810,4,2020,4801.1
1106923490654134528,6241,6,87810,5,2020,3683.24
1106923490654134528,6241,6,87810,6,2020,-392.96
1106923490654134528,6241,6,87810,7,2020,-1296.42
1106923490654134528,6241,6,87810,8,2020,-57.82
1106923490654134528,6241,6,87810,9,2020,-442.54
1106923490654134528,6241,6,87810,10,2020,-2455.54
1106923490654134528,6241,6,87810,11,2020,-2186.04
1106923490654134528,6241,6,87810,12,2020,-2866.56
1107243470007172608,9383,8,60307,1,2020,847.32
1107243470007172608,9383,8,60307,2,2020,-2261.88
1107243470007172608,9383,8,60307,3,2020,-1337.38
1107243470007172608,9383,8,60307,4,2020,-5995.86
1107243470007172608,9383,8,60307,5,2020,-2580.62
1107243470007172608,9383,8,60307,6,2020,-2741.22
1107243470007172608,9383,8,60307,7,2020,3219.34
1107243470007172608,9383,8,60307,8,2020,6808.73
1107243470007172608,9383,8,60307,9,2020,11548.45
1107243470007172608,9383,8,60307,10,2020,13207.2
1107243470007172608,9383,8,60307,11,2020,13047.81
1107243470007172608,9383,8,60307,12,2020,12180.88
1107816695278406400,4079,9,35241,1,2020,0.0
1107816695278406400,4079,9,35241,2,2020,1622.21
1107816695278406400,4079,9,35241,3,2020,1622.21
1107816695278406400,4079,9,35241,4,2020,1622.21
1107816695278406400,4079,9,35241,5,2020,1070.01
1107816695278406400,4079,9,35241,6,2020,1070.01
1107816695278406400,4079,9,35241,7,2020,1070.01
1107816695278406400,4079,9,35241,8,2020,1070.01
1107816695278406400,4079,9,35241,9,2020,1070.01
1107816695278406400,4079,9,35241,10,2020,1070.01
1107816695278406400,4079,9,35241,11,2020,1070.01
1107816695278406400,4079,9,35241,12,2020,1070.01
1108879539719279360,2888,5,71567,1,2020,2451.75
1108879539719279360,2888,5,71567,2,2020,5754.32
1108879539719279360,2888,5,71567,3,2020,10159.86
1108879539719279360,2888,5,71567,4,2020,7773.16
1108879539719279360,2888,5,71567,5,2020,11696.81
1108879539719279360,2888,5,71567,6,2020,16508.1
1108879539719279360,2888,5,71567,7,2020,9923.86
1108879539719279360,2888,5,71567,8,2020,9784.75
1108879539719279360,2888,5,71567,9,2020,10205.49
1108879539719279360,2888,5,71567,10,2020,14686.56
1108879539719279360,2888,5,71567,11,2020,14482.07
1108879539719279360,2888,5,71567,12,2020,12591.01
1111170018453085952,600,6,35015,1,2020,1162.61
1111170018453085952,600,6,35015,2,2020,2013.93
1111170018453085952,600,6,35015,3,2020,1563.34
1111170018453085952,600,6,35015,4,2020,1887.36
1111170018453085952,600,6,35015,5,2020,-1647.35
1111170018453085952,600,6,35015,6,2020,-2035.55
1111170018453085952,600,6,35015,7,2020,-488.06
1111170018453085952,600,6,35015,8,2020,-1955.67
1111170018453085952,600,6,35015,9,2020,-491.29
1111170018453085952,600,6,35015,10,2020,-491.29
1111170018453085952,600,6,35015,11,2020,-464.46
1111170018453085952,600,6,35015,12,2020,-2267.83
1112219938301351424,201,0,95576,1,2020,-5653.06
1112219938301351424,201,0,95576,2,2020,-6003.4
1112219938301351424,201,0,95576,3,2020,-6653.08
1112219938301351424,201,0,95576,4,2020,-15762.66
1112219938301351424,201,0,95576,5,2020,-16609.9
1112219938301351424,201,0,95576,6,2020,-17601.58
1112219938301351424,201,0,95576,7,2020,-16759.35
1112219938301351424,201,0,95576,8,2020,-21269.98
1112219938301351424,201,0,95576,9,2020,-12943.46
1112219938301351424,201,0,95576,10,2020,-18799.51
1112219938301351424,201,0,95576,11,2020,-19010.11
1112219938301351424,201,0,95576,12,2020,-20506.23
1113070175220745984,5002,0,21891,1,2020,1914.98
1113070175220745984,5002,0,21891,2,2020,840.48
1113070175220745984,5002,0,21891,3,2020,2062.39
1113070175220745984,5002,0,21891,4,2020,8200.53
1113070175220745984,5002,0,21891,5,2020,8343.13
1113070175220745984,5002,0,21891,6,2020,12643.21
1113070175220745984,5002,0,21891,7,2020,16127.17
1113070175220745984,5002,0,21891,8,2020,14835.57
1113070175220745984,5002,0,21891,9,2020,3485.01
1113070175220745984,5002,0,21891,10,2020,2376.93
1113070175220745984,5002,0,21891,11,2020,963.5
1113070175220745984,5002,0,21891,12,2020,6044.31
1115214586714816000,2787,8,58259,1,2020,-1019.73
1115214586714816000,2787,8,58259,2,2020,-2733.24
1115214586714816000,2787,8,58259,3,2020,-2666.34
1115214586714816000,2787,8,58259,4,2020,4554.51
1115214586714816000,2787,8,58259,5,2020,697.79
1115214586714816000,2787,8,58259,6,2020,911.6
1115214586714816000,2787,8,58259,7,2020,897.39
1115214586714816000,2787,8,58259,8,2020,5490.95
1115214586714816000,2787,8,58259,9,2020,11395.24
1115214586714816000,2787,8,58259,10,2020,12415.66
1115214586714816000,2787,8,58259,11,2020,12696.65
1115214586714816000,2787,8,58259,12,2020,13280.27
1118860027953849728,728,5,22019,1,2020,-4499.66
1118860027953849728,728,5,22019,2,2020,-4541.0
1118860027953849728,728,5,22019,3,2020,-6004.11
1118860027953849728,728,5,22019,4,2020,-5264.74
1118860027953849728,728,5,22019,5,2020,-1075.77
1118860027953849728,728,5,22019,6,2020,-6385.76
1118860027953849728,728,5,22019,7,2020,-8012.22
1118860027953849728,728,5,22019,8,2020,-5937.96
1118860027953849728,728,5,22019,9,2020,-13179.67
1118860027953849728,728,5,22019,10,2020,-9388.73
1118860027953849728,728,5,22019,11,2020,-14164.88
1118860027953849728,728,5,22019,12,2020,-12455.2
1119030742660839936,4610,6,61562,1,2020,0.0
1119030742660839936,4610,6,61562,2,2020,0.0
1119030742660839936,4610,6,61562,3,2020,0.0
1119030742660839936,4610,6,61562,4,2020,102.05
1119030742660839936,4610,6,61562,5,2020,102.05
1119030742660839936,4610,6,61562,6,2020,102.05
1119030742660839936,4610,6,61562,7,2020,1356.99
1119030742660839936,4610,6,61562,8,2020,1356.99
1119030742660839936,4610,6,61562,9,2020,1356.99
1119030742660839936,4610,6,61562,10,2020,1356.99
1119030742660839936,4610,6,61562,11,2020,1356.99
1119030742660839936,4610,6,61562,12,2020,1356.99
1119894604203271424,5491,6,99274,1,2020,-296.26
1119894604203271424,5491,6,99274,2,2020,84.47
1119894604203271424,5491,6,99274,3,2020,74.24
1119894604203271424,5491,6,99274,4,2020,74.24
1119894604203271424,5491,6,99274,5,2020,74.24
1119894604203271424,5491,6,99274,6,2020,74.24
1119894604203271424,5491,6,99274,7,2020,74.24
1119894604203271424,5491,6,99274,8,2020,-1833.24
1119894604203271424,5491,6,99274,9,2020,-1833.24
1119894604203271424,5491,6,99274,10,2020,-2174.66
1119894604203271424,5491,6,99274,11,2020,-1416.33
1119894604203271424,5491,6,99274,12,2020,-1416.33
1120376209735889920,6770,9,39824,1,2020,-54.12
1120376209735889920,6770,9,39824,2,2020,-3581.52
1120376209735889920,6770,9,39824,3,2020,-5285.66
1120376209735889920,6770,9,39824,4,2020,-6614.57
1120376209735889920,6770,9,39824,5,2020,-7627.99
1120376209735889920,6770,9,39824,6,2020,-7817.37
1120376209735889920,6770,9,39824,7,2020,-7817.37
1120376209735889920,6770,9,39824,8,2020,-7022.63
1120376209735889920,6770,9,39824,9,2020,-7022.63
1120376209735889920,6770,9,39824,10,2020,-4623.93
1120376209735889920,6770,9,39824,11,2020,-3354.78
1120376209735889920,6770,9,39824,12,2020,549.21
1120392891982935936,6082,7,82040,1,2020,3849.91
1120392891982935936,6082,7,82040,2,2020,3849.91
1120392891982935936,6082,7,82040,3,2020,3849.91
1120392891982935936,6082,7,82040,4,2020,4828.39
1120392891982935936,6082,7,82040,5,2020,4851.46
1120392891982935936,6082,7,82040,6,2020,4851.46
1120392891982935936,6082,7,82040,7,2020,4197.53
1120392891982935936,6082,7,82040,8,2020,5628.21
1120392891982935936,6082,7,82040,9,2020,4060.45
1120392891982935936,6082,7,82040,10,2020,2715.5
1120392891982935936,6082,7,82040,11,2020,2715.5
1120392891982935936,6082,7,82040,12,2020,375.61
1120528120312688768,4481,8,1289,1,2020,539.0
1120528120312688768,4481,8,1289,2,2020,-599.79
1120528120312688768,4481,8,1289,3,2020,6711.65
1120528120312688768,4481,8,1289,4,2020,3292.7
1120528120312688768,4481,8,1289,5,2020,-1455.16
1120528120312688768,4481,8,1289,6,2020,-2110.95
1120528120312688768,4481,8,1289,7,2020,-7678.78
1120528120312688768,4481,8,1289,8,2020,-4483.47
1120528120312688768,4481,8,1289,9,2020,-5613.96
1120528120312688768,4481,8,1289,10,2020,-5902.52
1120528120312688768,4481,8,1289,11,2020,-5783.03
1120528120312688768,4481,8,1289,12,2020,-6822.84
1121044267411074560,5965,1,91849,1,2020,0.0
1121044267411074560,5965,1,91849,2,2020,0.0
1121044267411074560,5965,1,91849,3,2020,1622.27
1121044267411074560,5965,1,91849,4,2020,1162.07
1121044267411074560,5965,1,91849,5,2020,1162.07
1121044267411074560,5965,1,91849,6,2020,1162.07
1121044267411074560,5965,1,91849,7,2020,1162.07
1121044267411074560,5965,1,91849,8,2020,1162.07
1121044267411074560,5965,1,91849,9,2020,2999.84
1121044267411074560,5965,1,91849,10,2020,2999.84
1121044267411074560,5965,1,91849,11,2020,2999.84
1121044267411074560,5965,1,91849,12,2020,2999.84
1121476272623451520,8074,2,80924,1,2020,3340.63
1121476272623451520,8074,2,80924,2,2020,1590.69
1121476272623451520,8074,2,80924,3,2020,537.82
1121476272623451520,8074,2,80924,4,2020,819.96
1121476272623451520,8074,2,80924,5,2020,4192.85
1121476272623451520,8074,2,80924,6,2020,2047.98
1121476272623451520,8074,2,80924,7,2020,1381.1
1121476272623451520,8074,2,80924,8,2020,5112.01
1121476272623451520,8074,2,80924,9,2020,5655.71
1121476272623451520,8074,2,80924,10,2020,3719.37
1121476272623451520,8074,2,80924,11,2020,7158.55
1121476272623451520,8074,2,80924,12,2020,6515.81
1121557992960804480,7324,9,66445,1,2020,7318.63
1121557992960804480,7324,9,66445,2,2020,11375.44
1121557992960804480,7324,9,66445,3,2020,13391.59
1121557992960804480,7324,9,66445,4,2020,13648.89
1121557992960804480,7324,9,66445,5,2020,13003.3
1121557992960804480,7324,9,66445,6,2020,22063.04
1121557992960804480,7324,9,66445,7,2020,19209.34
1121557992960804480,7324,9,66445,8,2020,15757.07
1121557992960804480,7324,9,66445,9,2020,16813.87
1121557992960804480,7324,9,66445,10,2020,11001.51
1121557992960804480,7324,9,66445,11,2020,18723.95
1121557992960804480,7324,9,66445,12,2020,6915.81
1121750009062982912,2365,4,58008,1,2020,-2536.38
1121750009062982912,2365,4,58008,2,2020,-409.97
1121750009062982912,2365,4,58008,3,2020,-3347.9
1121750009062982912,2365,4,58008,4,2020,1075.5
1121750009062982912,2365,4,58008,5,2020,3819.84
1121750009062982912,2365,4,58008,6,2020,-3518.44
1121750009062982912,2365,4,58008,7,2020,-3943.09
1121750009062982912,2365,4,58008,8,2020,-7494.15
1121750009062982912,2365,4,58008,9,2020,-10764.93
1121750009062982912,2365,4,58008,10,2020,-9662.42
1121750009062982912,2365,4,58008,11,2020,-15994.28
1121750009062982912,2365,4,58008,12,2020,-11245.83
1122198613345153920,5812,4,50670,1,2020,0.0
1122198613345153920,5812,4,50670,2,2020,2687.74
1122198613345153920,5812,4,50670,3,2020,-252.92
1122198613345153920,5812,4,50670,4,2020,-1695.89
1122198613345153920,5812,4,50670,5,2020,1262.84
1122198613345153920,5812,4,50670,6,2020,2879.13
1122198613345153920,5812,4,50670,7,2020,4508.52
1122198613345153920,5812,4,50670,8,2020,4761.31
1122198613345153920,5812,4,50670,9,2020,4761.31
1122198613345153920,5812,4,50670,10,2020,5512.87
1122198613345153920,5812,4,50670,11,2020,4512.17
1122198613345153920,5812,4,50670,12,2020,6390.47
1123751729148116352,9960,7,27368,1,2020,-2282.84
1123751729148116352,9960,7,27368,2,2020,-5764.73
1123751729148116352,9960,7,27368,3,2020,-3927.05
1123751729148116352,9960,7,27368,4,2020,-2644.89
1123751729148116352,9960,7,27368,5,2020,-714.86
1123751729148116352,9960,7,27368,6,2020,744.48
1123751729148116352,9960,7,27368,7,2020,1358.08
1123751729148116352,9960,7,27368,8,2020,1123.98
1123751729148116352,9960,7,27368,9,2020,-1779.58
1123751729148116352,9960,7,27368,10,2020,279.78
1123751729148116352,9960,7,27368,11,2020,1224.64
1123751729148116352,9960,7,27368,12,2020,906.52
1124337722170793344,5379,0,34692,1,2020,-2946.84
1124337722170793344,5379,0,34692,2,2020,-2222.56
