175193282892667648,7106,2,13932,11,2020,-6433.95
175193282892667648,7106,2,13932,12,2020,-6045.3
1753655591116456960,5860,0,57685,1,2020,-1210.41
1753655591116456960,5860,0,57685,2,2020,-1889.52
1753655591116456960,5860,0,57685,3,2020,-5162.71
1753655591116456960,5860,0,57685,4,2020,-4819.78
1753655591116456960,5860,0,57685,5,2020,-10155.84
1753655591116456960,5860,0,57685,6,2020,-13129.34
1753655591116456960,5860,0,57685,7,2020,-12075.74
1753655591116456960,5860,0,57685,8,2020,-16657.48
1753655591116456960,5860,0,57685,9,2020,-19327.2
1753655591116456960,5860,0,57685,10,2020,-21617.55
1753655591116456960,5860,0,57685,11,2020,-20969.78
1753655591116456960,5860,0,57685,12,2020,-27302.39
1754115951623668224,6117,5,47938,1,2020,2323.78
1754115951623668224,6117,5,47938,2,2020,2009.56
1754115951623668224,6117,5,47938,3,2020,3713.51
1754115951623668224,6117,5,47938,4,2020,12426.25
1754115951623668224,6117,5,47938,5,2020,14833.97
1754115951623668224,6117,5,47938,6,2020,9414.27
1754115951623668224,6117,5,47938,7,2020,-821.38
1754115951623668224,6117,5,47938,8,2020,1492.95
1754115951623668224,6117,5,47938,9,2020,2340.63
1754115951623668224,6117,5,47938,10,2020,5570.78
1754115951623668224,6117,5,47938,11,2020,2675.01
1754115951623668224,6117,5,47938,12,2020,4322.18
1754131277713505792,4151,7,50017,1,2020,-7197.15
1754131277713505792,4151,7,50017,2,2020,-1962.0
1754131277713505792,4151,7,50017,3,2020,-5753.77
1754131277713505792,4151,7,50017,4,2020,-11806.26
1754131277713505792,4151,7,50017,5,2020,-17044.1
1754131277713505792,4151,7,50017,6,2020,-16074.51
1754131277713505792,4151,7,50017,7,2020,-10683.99
1754131277713505792,4151,7,50017,8,2020,-7112.77
1754131277713505792,4151,7,50017,9,2020,-9512.68
1754131277713505792,4151,7,50017,10,2020,-8514.13
1754131277713505792,4151,7,50017,11,2020,-23525.28
1754131277713505792,4151,7,50017,12,2020,-13973.88
1755049896116571136,3012,4,88737,1,2020,2419.36
1755049896116571136,3012,4,88737,2,2020,2419.36
1755049896116571136,3012,4,88737,3,2020,3148.6
1755049896116571136,3012,4,88737,4,2020,4634.42
1755049896116571136,3012,4,88737,5,2020,6509.1
1755049896116571136,3012,4,88737,6,2020,6051.17
1755049896116571136,3012,4,88737,7,2020,6261.19
1755049896116571136,3012,4,88737,8,2020,6261.19
1755049896116571136,3012,4,88737,9,2020,6999.1
1755049896116571136,3012,4,88737,10,2020,6999.1
1755049896116571136,3012,4,88737,11,2020,6538.92
1755049896116571136,3012,4,88737,12,2020,8005.49
1755209879373216256,5758,3,56819,1,2020,3768.09
1755209879373216256,5758,3,56819,2,2020,5319.16
1755209879373216256,5758,3,56819,3,2020,6859.53
1755209879373216256,5758,3,56819,4,2020,5866.76
1755209879373216256,5758,3,56819,5,2020,2524.14
1755209879373216256,5758,3,56819,6,2020,1328.76
1755209879373216256,5758,3,56819,7,2020,2263.13
1755209879373216256,5758,3,56819,8,2020,3581.14
1755209879373216256,5758,3,56819,9,2020,8177.85
1755209879373216256,5758,3,56819,10,2020,9030.37
1755209879373216256,5758,3,56819,11,2020,3762.66
1755209879373216256,5758,3,56819,12,2020,9736.58
1755294718441232640,1641,2,83718,1,2020,11004.11
1755294718441232640,1641,2,83718,2,2020,10978.23
1755294718441232640,1641,2,83718,3,2020,7428.4
1755294718441232640,1641,2,83718,4,2020,10077.96
1755294718441232640,1641,2,83718,5,2020,7707.32
1755294718441232640,1641,2,83718,6,2020,4673.24
1755294718441232640,1641,2,83718,7,2020,10903.0
1755294718441232640,1641,2,83718,8,2020,12156.93
1755294718441232640,1641,2,83718,9,2020,10002.57
1755294718441232640,1641,2,83718,10,2020,15328.61
1755294718441232640,1641,2,83718,11,2020,14041.72
1755294718441232640,1641,2,83718,12,2020,11263.52
1755527718336775168,148,3,39817,1,2020,297.2
1755527718336775168,148,3,39817,2,2020,-7439.77
1755527718336775168,148,3,39817,3,2020,-17254.85
1755527718336775168,148,3,39817,4,2020,-17466.46
1755527718336775168,148,3,39817,5,2020,-16064.1
1755527718336775168,148,3,39817,6,2020,-22870.63
1755527718336775168,148,3,39817,7,2020,-27929.01
1755527718336775168,148,3,39817,8,2020,-29104.32
1755527718336775168,148,3,39817,9,2020,-28661.32
1755527718336775168,148,3,39817,10,2020,-34487.15
1755527718336775168,148,3,39817,11,2020,-29117.05
1755527718336775168,148,3,39817,12,2020,-30331.45
1755719736031012096,8868,8,6592,1,2020,-1761.36
1755719736031012096,8868,8,6592,2,2020,-1880.72
1755719736031012096,8868,8,6592,3,2020,1070.3
1755719736031012096,8868,8,6592,4,2020,3256.47
1755719736031012096,8868,8,6592,5,2020,9453.82
1755719736031012096,8868,8,6592,6,2020,9179.04
1755719736031012096,8868,8,6592,7,2020,10401.39
1755719736031012096,8868,8,6592,8,2020,16014.03
1755719736031012096,8868,8,6592,9,2020,15220.95
1755719736031012096,8868,8,6592,10,2020,13202.1
1755719736031012096,8868,8,6592,11,2020,13583.63
1755719736031012096,8868,8,6592,12,2020,21997.77
1758283568065946368,1197,7,40755,1,2020,-3436.2
1758283568065946368,1197,7,40755,2,2020,-1447.32
1758283568065946368,1197,7,40755,3,2020,-713.85
1758283568065946368,1197,7,40755,4,2020,-1255.92
1758283568065946368,1197,7,40755,5,2020,-2169.25
1758283568065946368,1197,7,40755,6,2020,-281.17
1758283568065946368,1197,7,40755,7,2020,1611.69
1758283568065946368,1197,7,40755,8,2020,2451.41
1758283568065946368,1197,7,40755,9,2020,2376.17
1758283568065946368,1197,7,40755,10,2020,1852.03
1758283568065946368,1197,7,40755,11,2020,-1922.48
1758283568065946368,1197,7,40755,12,2020,-373.3
1758397808882312448,5726,4,46248,1,2020,-467.66
1758397808882312448,5726,4,46248,2,2020,2949.39
1758397808882312448,5726,4,46248,3,2020,6249.97
1758397808882312448,5726,4,46248,4,2020,7284.91
1758397808882312448,5726,4,46248,5,2020,-1630.52
1758397808882312448,5726,4,46248,6,2020,-609.68
1758397808882312448,5726,4,46248,7,2020,3358.91
1758397808882312448,5726,4,46248,8,2020,-4208.35
1758397808882312448,5726,4,46248,9,2020,-12135.15
1758397808882312448,5726,4,46248,10,2020,-11550.98
1758397808882312448,5726,4,46248,11,2020,-13446.3
1758397808882312448,5726,4,46248,12,2020,-18233.45
1758807994521277696,5293,2,51051,1,2020,-404.13
1758807994521277696,5293,2,51051,2,2020,-498.77
1758807994521277696,5293,2,51051,3,2020,-5536.91
1758807994521277696,5293,2,51051,4,2020,-8061.35
1758807994521277696,5293,2,51051,5,2020,-7184.11
1758807994521277696,5293,2,51051,6,2020,-2429.5
1758807994521277696,5293,2,51051,7,2020,-2362.56
1758807994521277696,5293,2,51051,8,2020,-7863.67
1758807994521277696,5293,2,51051,9,2020,-6300.04
1758807994521277696,5293,2,51051,10,2020,-4775.15
1758807994521277696,5293,2,51051,11,2020,-3000.85
1758807994521277696,5293,2,51051,12,2020,-5266.3
1759171070698684160,4078,4,29400,1,2020,-664.85
1759171070698684160,4078,4,29400,2,2020,-79.79
1759171070698684160,4078,4,29400,3,2020,-1612.47
1759171070698684160,4078,4,29400,4,2020,-524.19
1759171070698684160,4078,4,29400,5,2020,-723.28
1759171070698684160,4078,4,29400,6,2020,-3048.82
1759171070698684160,4078,4,29400,7,2020,-5931.56
1759171070698684160,4078,4,29400,8,2020,-5989.9
1759171070698684160,4078,4,29400,9,2020,-3851.26
1759171070698684160,4078,4,29400,10,2020,-6222.91
1759171070698684160,4078,4,29400,11,2020,-11407.71
1759171070698684160,4078,4,29400,12,2020,-9808.43
1759728273319568640,2819,2,20736,1,2020,-5908.14
1759728273319568640,2819,2,20736,2,2020,-2602.51
1759728273319568640,2819,2,20736,3,2020,1377.29
1759728273319568640,2819,2,20736,4,2020,6033.6
1759728273319568640,2819,2,20736,5,2020,3225.2
1759728273319568640,2819,2,20736,6,2020,3055.44
1759728273319568640,2819,2,20736,7,2020,1106.62
1759728273319568640,2819,2,20736,8,2020,4848.85
1759728273319568640,2819,2,20736,9,2020,3450.89
1759728273319568640,2819,2,20736,10,2020,1429.4
1759728273319568640,2819,2,20736,11,2020,8454.19
1759728273319568640,2819,2,20736,12,2020,9112.0
1760535883202685440,523,7,27158,1,2020,318.71
1760535883202685440,523,7,27158,2,2020,5020.43
1760535883202685440,523,7,27158,3,2020,4861.47
1760535883202685440,523,7,27158,4,2020,4707.51
1760535883202685440,523,7,27158,5,2020,3227.52
1760535883202685440,523,7,27158,6,2020,6690.43
1760535883202685440,523,7,27158,7,2020,5082.81
1760535883202685440,523,7,27158,8,2020,7281.51
1760535883202685440,523,7,27158,9,2020,12110.1
1760535883202685440,523,7,27158,10,2020,14388.65
1760535883202685440,523,7,27158,11,2020,17688.55
1760535883202685440,523,7,27158,12,2020,18362.87
1760937913741533696,6275,4,15286,1,2020,1315.09
1760937913741533696,6275,4,15286,2,2020,1252.61
1760937913741533696,6275,4,15286,3,2020,3250.56
1760937913741533696,6275,4,15286,4,2020,1729.78
1760937913741533696,6275,4,15286,5,2020,3092.91
1760937913741533696,6275,4,15286,6,2020,3092.91
1760937913741533696,6275,4,15286,7,2020,3337.64
1760937913741533696,6275,4,15286,8,2020,3337.64
1760937913741533696,6275,4,15286,9,2020,3715.68
1760937913741533696,6275,4,15286,10,2020,2832.24
1760937913741533696,6275,4,15286,11,2020,2832.24
1760937913741533696,6275,4,15286,12,2020,1507.68
1762419973560762880,8647,3,24675,1,2020,3748.68
1762419973560762880,8647,3,24675,2,2020,-841.32
1762419973560762880,8647,3,24675,3,2020,-567.66
1762419973560762880,8647,3,24675,4,2020,-6201.92
1762419973560762880,8647,3,24675,5,2020,-7293.61
1762419973560762880,8647,3,24675,6,2020,-14146.3
1762419973560762880,8647,3,24675,7,2020,-19441.39
1762419973560762880,8647,3,24675,8,2020,-23628.41
1762419973560762880,8647,3,24675,9,2020,-17588.27
1762419973560762880,8647,3,24675,10,2020,-11951.64
1762419973560762880,8647,3,24675,11,2020,-9664.76
1762419973560762880,8647,3,24675,12,2020,-8598.46
1762747164268334080,1812,4,12924,1,2020,3659.1
1762747164268334080,1812,4,12924,2,2020,5165.82
1762747164268334080,1812,4,12924,3,2020,4510.56
1762747164268334080,1812,4,12924,4,2020,7429.72
1762747164268334080,1812,4,12924,5,2020,5522.88
1762747164268334080,1812,4,12924,6,2020,2249.98
1762747164268334080,1812,4,12924,7,2020,2023.66
1762747164268334080,1812,4,12924,8,2020,2295.61
1762747164268334080,1812,4,12924,9,2020,3786.1
1762747164268334080,1812,4,12924,10,2020,3130.16
1762747164268334080,1812,4,12924,11,2020,2403.57
1762747164268334080,1812,4,12924,12,2020,4129.4
1763424800134423296,9455,6,16446,1,2020,-4432.5
1763424800134423296,9455,6,16446,2,2020,-4646.85
1763424800134423296,9455,6,16446,3,2020,-3731.82
1763424800134423296,9455,6,16446,4,2020,2661.78
1763424800134423296,9455,6,16446,5,2020,2381.91
1763424800134423296,9455,6,16446,6,2020,-90.63
1763424800134423296,9455,6,16446,7,2020,-966.51
1763424800134423296,9455,6,16446,8,2020,-761.59
1763424800134423296,9455,6,16446,9,2020,630.72
1763424800134423296,9455,6,16446,10,2020,1138.03
1763424800134423296,9455,6,16446,11,2020,1275.07
1763424800134423296,9455,6,16446,12,2020,-2324.65
1763918304063438336,9658,4,47732,1,2020,-431.84
1763918304063438336,9658,4,47732,2,2020,-431.84
1763918304063438336,9658,4,47732,3,2020,-431.84
1763918304063438336,9658,4,47732,4,2020,-1489.8
1763918304063438336,9658,4,47732,5,2020,-78.7
1763918304063438336,9658,4,47732,6,2020,-78.7
1763918304063438336,9658,4,47732,7,2020,-78.7
1763918304063438336,9658,4,47732,8,2020,-78.7
1763918304063438336,9658,4,47732,9,2020,-78.7
1763918304063438336,9658,4,47732,10,2020,-78.7
1763918304063438336,9658,4,47732,11,2020,-78.7
1763918304063438336,9658,4,47732,12,2020,-78.7
176399836325055008,8159,1,2013,1,2020,-5921.85
176399836325055008,8159,1,2013,2,2020,-7508.26
176399836325055008,8159,1,2013,3,2020,-7482.42
176399836325055008,8159,1,2013,4,2020,-8993.2
176399836325055008,8159,1,2013,5,2020,-9576.66
176399836325055008,8159,1,2013,6,2020,-13801.0
176399836325055008,8159,1,2013,7,2020,-13681.67
176399836325055008,8159,1,2013,8,2020,-16882.44
176399836325055008,8159,1,2013,9,2020,-20655.97
176399836325055008,8159,1,2013,10,2020,-18836.11
176399836325055008,8159,1,2013,11,2020,-21940.22
176399836325055008,8159,1,2013,12,2020,-25543.55
