2174406698764919296,2233,2,58201,6,2020,332.34
2174406698764919296,2233,2,58201,7,2020,-3375.67
2174406698764919296,2233,2,58201,8,2020,-4864.01
2174406698764919296,2233,2,58201,9,2020,-925.87
2174406698764919296,2233,2,58201,10,2020,-3941.51
2174406698764919296,2233,2,58201,11,2020,-2340.08
2174406698764919296,2233,2,58201,12,2020,-1504.42
217445039957996384,424,0,10019,1,2020,7276.79
217445039957996384,424,0,10019,2,2020,-387.06
217445039957996384,424,0,10019,3,2020,2270.32
217445039957996384,424,0,10019,4,2020,7996.88
217445039957996384,424,0,10019,5,2020,4472.92
217445039957996384,424,0,10019,6,2020,4946.45
217445039957996384,424,0,10019,7,2020,-4141.56
217445039957996384,424,0,10019,8,2020,-6902.23
217445039957996384,424,0,10019,9,2020,-16636.69
217445039957996384,424,0,10019,10,2020,-11591.29
217445039957996384,424,0,10019,11,2020,-7405.37
217445039957996384,424,0,10019,12,2020,-14308.73
2174685535848514048,9827,4,91345,1,2020,-442.19
2174685535848514048,9827,4,91345,2,2020,-538.01
2174685535848514048,9827,4,91345,3,2020,4092.1
2174685535848514048,9827,4,91345,4,2020,12719.24
2174685535848514048,9827,4,91345,5,2020,15882.92
2174685535848514048,9827,4,91345,6,2020,13793.38
2174685535848514048,9827,4,91345,7,2020,9081.41
2174685535848514048,9827,4,91345,8,2020,5761.43
2174685535848514048,9827,4,91345,9,2020,12880.72
2174685535848514048,9827,4,91345,10,2020,11666.37
2174685535848514048,9827,4,91345,11,2020,17376.2
2174685535848514048,9827,4,91345,12,2020,12533.79
2175445186977619200,6880,8,10843,1,2020,5863.42
2175445186977619200,6880,8,10843,2,2020,6144.7
2175445186977619200,6880,8,10843,3,2020,15252.54
2175445186977619200,6880,8,10843,4,2020,8597.71
2175445186977619200,6880,8,10843,5,2020,3617.32
2175445186977619200,6880,8,10843,6,2020,3972.27
2175445186977619200,6880,8,10843,7,2020,5604.51
2175445186977619200,6880,8,10843,8,2020,9261.61
2175445186977619200,6880,8,10843,9,2020,15462.82
2175445186977619200,6880,8,10843,10,2020,12485.23
2175445186977619200,6880,8,10843,11,2020,12753.96
2175445186977619200,6880,8,10843,12,2020,13757.14
2175491447602674176,4015,1,76789,1,2020,3647.44
2175491447602674176,4015,1,76789,2,2020,7685.67
2175491447602674176,4015,1,76789,3,2020,6466.97
2175491447602674176,4015,1,76789,4,2020,7745.89
2175491447602674176,4015,1,76789,5,2020,10777.89
2175491447602674176,4015,1,76789,6,2020,8535.4
2175491447602674176,4015,1,76789,7,2020,6387.16
2175491447602674176,4015,1,76789,8,2020,8877.15
2175491447602674176,4015,1,76789,9,2020,5529.58
2175491447602674176,4015,1,76789,10,2020,5824.18
2175491447602674176,4015,1,76789,11,2020,7179.07
2175491447602674176,4015,1,76789,12,2020,7026.56
2176014399913735424,4353,6,34358,1,2020,-151.85
2176014399913735424,4353,6,34358,2,2020,-217.73
2176014399913735424,4353,6,34358,3,2020,-3984.75
2176014399913735424,4353,6,34358,4,2020,-2735.59
2176014399913735424,4353,6,34358,5,2020,-4166.57
2176014399913735424,4353,6,34358,6,2020,-5713.98
2176014399913735424,4353,6,34358,7,2020,-4691.88
2176014399913735424,4353,6,34358,8,2020,-6516.51
2176014399913735424,4353,6,34358,9,2020,-5807.25
2176014399913735424,4353,6,34358,10,2020,-10719.23
2176014399913735424,4353,6,34358,11,2020,-13983.19
2176014399913735424,4353,6,34358,12,2020,-16989.96
2176894684252415744,9564,9,81144,1,2020,920.69
2176894684252415744,9564,9,81144,2,2020,2715.27
2176894684252415744,9564,9,81144,3,2020,3384.23
2176894684252415744,9564,9,81144,4,2020,3036.4
2176894684252415744,9564,9,81144,5,2020,4817.73
2176894684252415744,9564,9,81144,6,2020,5919.7
2176894684252415744,9564,9,81144,7,2020,4468.73
2176894684252415744,9564,9,81144,8,2020,2453.32
2176894684252415744,9564,9,81144,9,2020,3533.42
2176894684252415744,9564,9,81144,10,2020,7552.91
2176894684252415744,9564,9,81144,11,2020,8623.55
2176894684252415744,9564,9,81144,12,2020,9098.32
2177279922667199488,695,5,25153,1,2020,2849.78
2177279922667199488,695,5,25153,2,2020,4959.66
2177279922667199488,695,5,25153,3,2020,5191.84
2177279922667199488,695,5,25153,4,2020,4689.18
2177279922667199488,695,5,25153,5,2020,4567.58
2177279922667199488,695,5,25153,6,2020,4079.82
2177279922667199488,695,5,25153,7,2020,4646.23
2177279922667199488,695,5,25153,8,2020,5628.37
2177279922667199488,695,5,25153,9,2020,4807.45
2177279922667199488,695,5,25153,10,2020,6966.98
2177279922667199488,695,5,25153,11,2020,9650.22
2177279922667199488,695,5,25153,12,2020,13662.81
2177613971516443136,1696,4,69807,1,2020,1072.0
2177613971516443136,1696,4,69807,2,2020,-433.04
2177613971516443136,1696,4,69807,3,2020,-2156.54
2177613971516443136,1696,4,69807,4,2020,-3530.05
2177613971516443136,1696,4,69807,5,2020,-366.13
2177613971516443136,1696,4,69807,6,2020,-4003.61
2177613971516443136,1696,4,69807,7,2020,-4353.73
2177613971516443136,1696,4,69807,8,2020,-7399.88
2177613971516443136,1696,4,69807,9,2020,-5401.27
2177613971516443136,1696,4,69807,10,2020,-6718.47
2177613971516443136,1696,4,69807,11,2020,-3048.87
2177613971516443136,1696,4,69807,12,2020,252.92
2178348783045746176,6413,4,53930,1,2020,-6228.54
2178348783045746176,6413,4,53930,2,2020,-12962.37
2178348783045746176,6413,4,53930,3,2020,-17539.23
2178348783045746176,6413,4,53930,4,2020,-21577.05
2178348783045746176,6413,4,53930,5,2020,-20055.42
2178348783045746176,6413,4,53930,6,2020,-16335.6
2178348783045746176,6413,4,53930,7,2020,-20673.71
2178348783045746176,6413,4,53930,8,2020,-22376.5
2178348783045746176,6413,4,53930,9,2020,-25183.65
2178348783045746176,6413,4,53930,10,2020,-18754.56
2178348783045746176,6413,4,53930,11,2020,-18341.0
2178348783045746176,6413,4,53930,12,2020,-15300.13
2178456108685749248,831,9,56345,1,2020,-8026.65
2178456108685749248,831,9,56345,2,2020,-8781.29
2178456108685749248,831,9,56345,3,2020,-1403.38
2178456108685749248,831,9,56345,4,2020,8543.44
2178456108685749248,831,9,56345,5,2020,4421.83
2178456108685749248,831,9,56345,6,2020,3601.87
2178456108685749248,831,9,56345,7,2020,1887.23
2178456108685749248,831,9,56345,8,2020,916.12
2178456108685749248,831,9,56345,9,2020,6068.68
2178456108685749248,831,9,56345,10,2020,8639.13
2178456108685749248,831,9,56345,11,2020,8429.32
2178456108685749248,831,9,56345,12,2020,380.99
2179408729947238912,992,3,1257,1,2020,-316.81
2179408729947238912,992,3,1257,2,2020,-316.81
2179408729947238912,992,3,1257,3,2020,-3840.35
2179408729947238912,992,3,1257,4,2020,-2912.89
2179408729947238912,992,3,1257,5,2020,-2115.25
2179408729947238912,992,3,1257,6,2020,-2173.26
2179408729947238912,992,3,1257,7,2020,77.9
2179408729947238912,992,3,1257,8,2020,-2775.77
2179408729947238912,992,3,1257,9,2020,-4566.5
2179408729947238912,992,3,1257,10,2020,-4162.65
2179408729947238912,992,3,1257,11,2020,-5764.61
2179408729947238912,992,3,1257,12,2020,-5389.91
2179851978812523776,1134,2,31536,1,2020,735.84
2179851978812523776,1134,2,31536,2,2020,1755.35
2179851978812523776,1134,2,31536,3,2020,5058.36
2179851978812523776,1134,2,31536,4,2020,3122.16
2179851978812523776,1134,2,31536,5,2020,-1885.92
2179851978812523776,1134,2,31536,6,2020,-6450.73
2179851978812523776,1134,2,31536,7,2020,933.17
2179851978812523776,1134,2,31536,8,2020,-7365.53
2179851978812523776,1134,2,31536,9,2020,-9741.82
2179851978812523776,1134,2,31536,10,2020,-7792.19
2179851978812523776,1134,2,31536,11,2020,-10948.95
2179851978812523776,1134,2,31536,12,2020,-7838.4
2180705141345506304,1153,5,31067,1,2020,-1905.38
2180705141345506304,1153,5,31067,2,2020,-2746.74
2180705141345506304,1153,5,31067,3,2020,-1000.79
2180705141345506304,1153,5,31067,4,2020,-1957.55
2180705141345506304,1153,5,31067,5,2020,-986.22
2180705141345506304,1153,5,31067,6,2020,961.76
2180705141345506304,1153,5,31067,7,2020,-3336.88
2180705141345506304,1153,5,31067,8,2020,-1418.66
2180705141345506304,1153,5,31067,9,2020,-1307.71
2180705141345506304,1153,5,31067,10,2020,-3090.45
2180705141345506304,1153,5,31067,11,2020,-1612.01
2180705141345506304,1153,5,31067,12,2020,-5812.79
2180792389472233216,4052,9,26333,1,2020,1465.64
2180792389472233216,4052,9,26333,2,2020,2661.26
2180792389472233216,4052,9,26333,3,2020,2661.26
2180792389472233216,4052,9,26333,4,2020,4421.33
2180792389472233216,4052,9,26333,5,2020,4421.33
2180792389472233216,4052,9,26333,6,2020,2904.97
2180792389472233216,4052,9,26333,7,2020,1564.39
2180792389472233216,4052,9,26333,8,2020,501.87
2180792389472233216,4052,9,26333,9,2020,3035.43
2180792389472233216,4052,9,26333,10,2020,1085.25
2180792389472233216,4052,9,26333,11,2020,254.45
2180792389472233216,4052,9,26333,12,2020,-3411.84
2182665767758091520,847,4,15949,1,2020,14263.09
2182665767758091520,847,4,15949,2,2020,22237.51
2182665767758091520,847,4,15949,3,2020,12471.31
2182665767758091520,847,4,15949,4,2020,9844.86
2182665767758091520,847,4,15949,5,2020,8726.31
2182665767758091520,847,4,15949,6,2020,8038.96
2182665767758091520,847,4,15949,7,2020,13096.67
2182665767758091520,847,4,15949,8,2020,9904.71
2182665767758091520,847,4,15949,9,2020,6294.55
2182665767758091520,847,4,15949,10,2020,6968.12
2182665767758091520,847,4,15949,11,2020,8106.34
2182665767758091520,847,4,15949,12,2020,8383.67
2183238034761822720,1379,4,14343,1,2020,3017.0
2183238034761822720,1379,4,14343,2,2020,1894.81
2183238034761822720,1379,4,14343,3,2020,-438.65
2183238034761822720,1379,4,14343,4,2020,-383.52
2183238034761822720,1379,4,14343,5,2020,-136.11
2183238034761822720,1379,4,14343,6,2020,-1088.35
2183238034761822720,1379,4,14343,7,2020,-653.23
2183238034761822720,1379,4,14343,8,2020,-1261.68
2183238034761822720,1379,4,14343,9,2020,657.62
2183238034761822720,1379,4,14343,10,2020,2859.41
2183238034761822720,1379,4,14343,11,2020,4237.55
2183238034761822720,1379,4,14343,12,2020,569.71
2184138415809222912,8101,4,82918,1,2020,-272.98
2184138415809222912,8101,4,82918,2,2020,-32.91
2184138415809222912,8101,4,82918,3,2020,-612.17
2184138415809222912,8101,4,82918,4,2020,1389.05
2184138415809222912,8101,4,82918,5,2020,1589.64
2184138415809222912,8101,4,82918,6,2020,2049.72
2184138415809222912,8101,4,82918,7,2020,3289.38
2184138415809222912,8101,4,82918,8,2020,289.66
2184138415809222912,8101,4,82918,9,2020,872.11
2184138415809222912,8101,4,82918,10,2020,1407.43
2184138415809222912,8101,4,82918,11,2020,-1252.89
2184138415809222912,8101,4,82918,12,2020,-1252.89
2184249283009685248,6713,7,88046,1,2020,512.84
2184249283009685248,6713,7,88046,2,2020,-3598.82
2184249283009685248,6713,7,88046,3,2020,-6819.7
2184249283009685248,6713,7,88046,4,2020,-6864.44
2184249283009685248,6713,7,88046,5,2020,-8523.02
2184249283009685248,6713,7,88046,6,2020,-5005.85
2184249283009685248,6713,7,88046,7,2020,-10279.55
2184249283009685248,6713,7,88046,8,2020,-8337.03
2184249283009685248,6713,7,88046,9,2020,-11707.52
2184249283009685248,6713,7,88046,10,2020,-9550.4
2184249283009685248,6713,7,88046,11,2020,-2463.37
2184249283009685248,6713,7,88046,12,2020,-8435.48
2185640567566135552,2794,6,76258,1,2020,-3156.37
2185640567566135552,2794,6,76258,2,2020,-2465.53
2185640567566135552,2794,6,76258,3,2020,-14587.59
2185640567566135552,2794,6,76258,4,2020,-17994.06
2185640567566135552,2794,6,76258,5,2020,-19411.25
2185640567566135552,2794,6,76258,6,2020,-19841.37
2185640567566135552,2794,6,76258,7,2020,-25928.02
2185640567566135552,2794,6,76258,8,2020,-29030.7
2185640567566135552,2794,6,76258,9,2020,-38808.44
2185640567566135552,2794,6,76258,10,2020,-43080.4
2185640567566135552,2794,6,76258,11,2020,-44819.23
2185640567566135552,2794,6,76258,12,2020,-46066.77
218577931722332640,1370,3,62691,1,2020,31.83
218577931722332640,1370,3,62691,2,2020,5106.94
218577931722332640,1370,3,62691,3,2020,6295.9
