2090463485711459840,8957,2,43879,10,2020,5810.03
2090463485711459840,8957,2,43879,11,2020,12407.45
2090463485711459840,8957,2,43879,12,2020,11527.18
2091110936989152768,902,9,38015,1,2020,504.37
2091110936989152768,902,9,38015,2,2020,6377.85
2091110936989152768,902,9,38015,3,2020,7467.86
2091110936989152768,902,9,38015,4,2020,16550.85
2091110936989152768,902,9,38015,5,2020,14079.65
2091110936989152768,902,9,38015,6,2020,17377.72
2091110936989152768,902,9,38015,7,2020,17113.69
2091110936989152768,902,9,38015,8,2020,19035.71
2091110936989152768,902,9,38015,9,2020,19691.57
2091110936989152768,902,9,38015,10,2020,19447.3
2091110936989152768,902,9,38015,11,2020,20750.58
2091110936989152768,902,9,38015,12,2020,22320.56
2092188111489217024,9159,6,15594,1,2020,-5931.2
2092188111489217024,9159,6,15594,2,2020,-5345.14
2092188111489217024,9159,6,15594,3,2020,-6010.17
2092188111489217024,9159,6,15594,4,2020,-8669.49
2092188111489217024,9159,6,15594,5,2020,-11413.11
2092188111489217024,9159,6,15594,6,2020,-9925.52
2092188111489217024,9159,6,15594,7,2020,-10022.39
2092188111489217024,9159,6,15594,8,2020,-10139.59
2092188111489217024,9159,6,15594,9,2020,-11357.49
2092188111489217024,9159,6,15594,10,2020,-15169.9
2092188111489217024,9159,6,15594,11,2020,-14107.25
2092188111489217024,9159,6,15594,12,2020,-2952.83
2092502286399757824,2302,0,39397,1,2020,1602.09
2092502286399757824,2302,0,39397,2,2020,2472.4
2092502286399757824,2302,0,39397,3,2020,4290.38
2092502286399757824,2302,0,39397,4,2020,2525.63
2092502286399757824,2302,0,39397,5,2020,-1144.46
2092502286399757824,2302,0,39397,6,2020,5399.15
2092502286399757824,2302,0,39397,7,2020,13421.75
2092502286399757824,2302,0,39397,8,2020,9438.17
2092502286399757824,2302,0,39397,9,2020,4323.97
2092502286399757824,2302,0,39397,10,2020,-1946.2
2092502286399757824,2302,0,39397,11,2020,-946.84
2092502286399757824,2302,0,39397,12,2020,-571.75
2092892264188531968,820,6,30022,1,2020,-315.35
2092892264188531968,820,6,30022,2,2020,-1773.39
2092892264188531968,820,6,30022,3,2020,-2210.6
2092892264188531968,820,6,30022,4,2020,4655.24
2092892264188531968,820,6,30022,5,2020,3319.42
2092892264188531968,820,6,30022,6,2020,1300.88
2092892264188531968,820,6,30022,7,2020,1347.69
2092892264188531968,820,6,30022,8,2020,-1652.17
2092892264188531968,820,6,30022,9,2020,-2194.82
2092892264188531968,820,6,30022,10,2020,-5370.79
2092892264188531968,820,6,30022,11,2020,-9514.79
2092892264188531968,820,6,30022,12,2020,-5639.21
209464810249267840,8298,3,59328,1,2020,534.38
209464810249267840,8298,3,59328,2,2020,-803.29
209464810249267840,8298,3,59328,3,2020,279.96
209464810249267840,8298,3,59328,4,2020,-1238.26
209464810249267840,8298,3,59328,5,2020,-1073.89
209464810249267840,8298,3,59328,6,2020,-1547.11
209464810249267840,8298,3,59328,7,2020,399.64
209464810249267840,8298,3,59328,8,2020,399.64
209464810249267840,8298,3,59328,9,2020,-1183.07
209464810249267840,8298,3,59328,10,2020,-2897.29
209464810249267840,8298,3,59328,11,2020,-9439.72
209464810249267840,8298,3,59328,12,2020,-9599.25
2095358230394345472,4082,4,6638,1,2020,-3032.82
2095358230394345472,4082,4,6638,2,2020,-8977.82
2095358230394345472,4082,4,6638,3,2020,-9191.55
2095358230394345472,4082,4,6638,4,2020,-14874.74
2095358230394345472,4082,4,6638,5,2020,-23266.85
2095358230394345472,4082,4,6638,6,2020,-22043.97
2095358230394345472,4082,4,6638,7,2020,-24217.27
2095358230394345472,4082,4,6638,8,2020,-20911.88
2095358230394345472,4082,4,6638,9,2020,-19125.7
2095358230394345472,4082,4,6638,10,2020,-18678.26
2095358230394345472,4082,4,6638,11,2020,-21800.16
2095358230394345472,4082,4,6638,12,2020,-25096.26
209650390266219264,9038,4,88601,1,2020,-4470.57
209650390266219264,9038,4,88601,2,2020,-3797.56
209650390266219264,9038,4,88601,3,2020,-2016.87
209650390266219264,9038,4,88601,4,2020,2115.51
209650390266219264,9038,4,88601,5,2020,5072.47
209650390266219264,9038,4,88601,6,2020,7774.65
209650390266219264,9038,4,88601,7,2020,5294.51
209650390266219264,9038,4,88601,8,2020,2422.65
209650390266219264,9038,4,88601,9,2020,-2185.85
209650390266219264,9038,4,88601,10,2020,-10048.62
209650390266219264,9038,4,88601,11,2020,-4266.58
209650390266219264,9038,4,88601,12,2020,-5150.05
2096729095791190784,1664,4,48456,1,2020,-80.24
2096729095791190784,1664,4,48456,2,2020,-534.46
2096729095791190784,1664,4,48456,3,2020,-534.46
2096729095791190784,1664,4,48456,4,2020,1072.62
2096729095791190784,1664,4,48456,5,2020,3409.33
2096729095791190784,1664,4,48456,6,2020,5797.13
2096729095791190784,1664,4,48456,7,2020,3094.07
2096729095791190784,1664,4,48456,8,2020,1414.15
2096729095791190784,1664,4,48456,9,2020,2040.18
2096729095791190784,1664,4,48456,10,2020,4778.13
2096729095791190784,1664,4,48456,11,2020,6494.58
2096729095791190784,1664,4,48456,12,2020,6499.08
2101209412311426560,7885,1,96741,1,2020,2763.47
2101209412311426560,7885,1,96741,2,2020,9153.3
2101209412311426560,7885,1,96741,3,2020,4011.47
2101209412311426560,7885,1,96741,4,2020,7262.83
2101209412311426560,7885,1,96741,5,2020,10701.26
2101209412311426560,7885,1,96741,6,2020,10875.64
2101209412311426560,7885,1,96741,7,2020,12753.15
2101209412311426560,7885,1,96741,8,2020,15924.06
2101209412311426560,7885,1,96741,9,2020,11184.22
2101209412311426560,7885,1,96741,10,2020,15888.98
2101209412311426560,7885,1,96741,11,2020,11421.13
2101209412311426560,7885,1,96741,12,2020,15793.41
2101300711846212096,6015,5,67984,1,2020,-7480.72
2101300711846212096,6015,5,67984,2,2020,-9947.55
2101300711846212096,6015,5,67984,3,2020,-7660.63
2101300711846212096,6015,5,67984,4,2020,-6228.53
2101300711846212096,6015,5,67984,5,2020,-5110.29
2101300711846212096,6015,5,67984,6,2020,-4190.78
2101300711846212096,6015,5,67984,7,2020,-5281.48
2101300711846212096,6015,5,67984,8,2020,-1362.41
2101300711846212096,6015,5,67984,9,2020,685.49
2101300711846212096,6015,5,67984,10,2020,1516.41
2101300711846212096,6015,5,67984,11,2020,3669.63
2101300711846212096,6015,5,67984,12,2020,3669.63
2103557650791018752,9357,8,40726,1,2020,6999.4
2103557650791018752,9357,8,40726,2,2020,13116.77
2103557650791018752,9357,8,40726,3,2020,20680.09
2103557650791018752,9357,8,40726,4,2020,32025.77
2103557650791018752,9357,8,40726,5,2020,31646.48
2103557650791018752,9357,8,40726,6,2020,32454.51
2103557650791018752,9357,8,40726,7,2020,23866.24
2103557650791018752,9357,8,40726,8,2020,34893.96
2103557650791018752,9357,8,40726,9,2020,36242.5
2103557650791018752,9357,8,40726,10,2020,25551.68
2103557650791018752,9357,8,40726,11,2020,28670.13
2103557650791018752,9357,8,40726,12,2020,33152.57
2104006221885589248,8777,9,31819,1,2020,4631.66
2104006221885589248,8777,9,31819,2,2020,5370.53
2104006221885589248,8777,9,31819,3,2020,7758.68
2104006221885589248,8777,9,31819,4,2020,-970.09
2104006221885589248,8777,9,31819,5,2020,-15995.88
2104006221885589248,8777,9,31819,6,2020,-14692.26
2104006221885589248,8777,9,31819,7,2020,-20396.95
2104006221885589248,8777,9,31819,8,2020,-23106.27
2104006221885589248,8777,9,31819,9,2020,-14564.42
2104006221885589248,8777,9,31819,10,2020,-15280.92
2104006221885589248,8777,9,31819,11,2020,-13470.57
2104006221885589248,8777,9,31819,12,2020,-18615.17
2104202613301350656,4314,5,42686,1,2020,-1183.27
2104202613301350656,4314,5,42686,2,2020,977.2
2104202613301350656,4314,5,42686,3,2020,684.5
2104202613301350656,4314,5,42686,4,2020,684.5
2104202613301350656,4314,5,42686,5,2020,684.5
2104202613301350656,4314,5,42686,6,2020,1082.02
2104202613301350656,4314,5,42686,7,2020,3449.12
2104202613301350656,4314,5,42686,8,2020,3527.8
2104202613301350656,4314,5,42686,9,2020,5170.62
2104202613301350656,4314,5,42686,10,2020,6342.95
2104202613301350656,4314,5,42686,11,2020,3114.26
2104202613301350656,4314,5,42686,12,2020,4876.01
2104416999779767296,8745,5,69774,1,2020,4846.67
2104416999779767296,8745,5,69774,2,2020,9764.51
2104416999779767296,8745,5,69774,3,2020,9363.39
2104416999779767296,8745,5,69774,4,2020,5416.32
2104416999779767296,8745,5,69774,5,2020,12648.23
2104416999779767296,8745,5,69774,6,2020,11441.03
2104416999779767296,8745,5,69774,7,2020,11600.86
2104416999779767296,8745,5,69774,8,2020,13358.6
2104416999779767296,8745,5,69774,9,2020,14635.97
2104416999779767296,8745,5,69774,10,2020,18252.18
2104416999779767296,8745,5,69774,11,2020,18291.77
2104416999779767296,8745,5,69774,12,2020,20459.52
2105811096104644608,5706,0,29949,1,2020,-1163.22
2105811096104644608,5706,0,29949,2,2020,-6257.53
2105811096104644608,5706,0,29949,3,2020,-6257.53
2105811096104644608,5706,0,29949,4,2020,-9111.86
2105811096104644608,5706,0,29949,5,2020,-10165.08
2105811096104644608,5706,0,29949,6,2020,-9191.59
2105811096104644608,5706,0,29949,7,2020,-9401.54
2105811096104644608,5706,0,29949,8,2020,-8716.57
2105811096104644608,5706,0,29949,9,2020,-14641.92
2105811096104644608,5706,0,29949,10,2020,-11605.22
2105811096104644608,5706,0,29949,11,2020,-8644.64
2105811096104644608,5706,0,29949,12,2020,-8644.64
2108328106406789120,1053,1,85113,1,2020,-37.69
2108328106406789120,1053,1,85113,2,2020,-380.55
2108328106406789120,1053,1,85113,3,2020,-7165.07
2108328106406789120,1053,1,85113,4,2020,-6344.74
2108328106406789120,1053,1,85113,5,2020,-2396.34
2108328106406789120,1053,1,85113,6,2020,-739.03
2108328106406789120,1053,1,85113,7,2020,510.01
2108328106406789120,1053,1,85113,8,2020,-3089.67
2108328106406789120,1053,1,85113,9,2020,9430.22
2108328106406789120,1053,1,85113,10,2020,11193.13
2108328106406789120,1053,1,85113,11,2020,18058.16
2108328106406789120,1053,1,85113,12,2020,21582.1
2108470597943052288,772,9,21259,1,2020,-1355.42
2108470597943052288,772,9,21259,2,2020,-359.24
2108470597943052288,772,9,21259,3,2020,-1943.97
2108470597943052288,772,9,21259,4,2020,-259.13
2108470597943052288,772,9,21259,5,2020,1385.37
2108470597943052288,772,9,21259,6,2020,2357.83
2108470597943052288,772,9,21259,7,2020,3413.03
2108470597943052288,772,9,21259,8,2020,3900.28
2108470597943052288,772,9,21259,9,2020,3343.54
2108470597943052288,772,9,21259,10,2020,6845.77
2108470597943052288,772,9,21259,11,2020,6196.66
2108470597943052288,772,9,21259,12,2020,2910.4
2110297837544323072,5969,1,43529,1,2020,-806.11
2110297837544323072,5969,1,43529,2,2020,-5066.94
2110297837544323072,5969,1,43529,3,2020,-7048.07
2110297837544323072,5969,1,43529,4,2020,-2181.19
2110297837544323072,5969,1,43529,5,2020,298.71
2110297837544323072,5969,1,43529,6,2020,-8038.8
2110297837544323072,5969,1,43529,7,2020,-10183.85
2110297837544323072,5969,1,43529,8,2020,-10208.11
2110297837544323072,5969,1,43529,9,2020,-6979.58
2110297837544323072,5969,1,43529,10,2020,-5246.15
2110297837544323072,5969,1,43529,11,2020,-8791.52
2110297837544323072,5969,1,43529,12,2020,-5763.72
2111943103932638976,1354,5,91585,1,2020,0.0
2111943103932638976,1354,5,91585,2,2020,-953.16
2111943103932638976,1354,5,91585,3,2020,3762.86
2111943103932638976,1354,5,91585,4,2020,5218.59
2111943103932638976,1354,5,91585,5,2020,5218.59
2111943103932638976,1354,5,91585,6,2020,5587.36
2111943103932638976,1354,5,91585,7,2020,6053.12
2111943103932638976,1354,5,91585,8,2020,4483.4
2111943103932638976,1354,5,91585,9,2020,6102.47
2111943103932638976,1354,5,91585,10,2020,6863.42
2111943103932638976,1354,5,91585,11,2020,6863.42
2111943103932638976,1354,5,91585,12,2020,8688.87
2112039096815940608,7777,9,94208,1,2020,-2267.61
2112039096815940608,7777,9,94208,2,2020,-1783.17
2112039096815940608,7777,9,94208,3,2020,-3239.15
2112039096815940608,7777,9,94208,4,2020,-2571.4
2112039096815940608,7777,9,94208,5,2020,-2677.18
2112039096815940608,7777,9,94208,6,2020,-5977.09
2112039096815940608,7777,9,94208,7,2020,-5431.79
2112039096815940608,7777,9,94208,8,2020,-8084.2
