1638582747813087488,6561,9,2306,5,2020,5300.29
1638582747813087488,6561,9,2306,6,2020,6984.59
1638582747813087488,6561,9,2306,7,2020,7976.71
1638582747813087488,6561,9,2306,8,2020,7214.15
1638582747813087488,6561,9,2306,9,2020,2539.4
1638582747813087488,6561,9,2306,10,2020,4919.91
1638582747813087488,6561,9,2306,11,2020,4504.85
1638582747813087488,6561,9,2306,12,2020,6031.04
163895212718469664,4867,6,51619,1,2020,-1835.22
163895212718469664,4867,6,51619,2,2020,-1599.54
163895212718469664,4867,6,51619,3,2020,-637.31
163895212718469664,4867,6,51619,4,2020,-2416.83
163895212718469664,4867,6,51619,5,2020,-1080.98
163895212718469664,4867,6,51619,6,2020,1577.05
163895212718469664,4867,6,51619,7,2020,4076.83
163895212718469664,4867,6,51619,8,2020,2901.5
163895212718469664,4867,6,51619,9,2020,1191.26
163895212718469664,4867,6,51619,10,2020,-2475.87
163895212718469664,4867,6,51619,11,2020,-2376.36
163895212718469664,4867,6,51619,12,2020,1419.94
1639062140018044928,9618,1,7201,1,2020,407.05
1639062140018044928,9618,1,7201,2,2020,-512.85
1639062140018044928,9618,1,7201,3,2020,-7572.31
1639062140018044928,9618,1,7201,4,2020,-7047.93
1639062140018044928,9618,1,7201,5,2020,-2302.17
1639062140018044928,9618,1,7201,6,2020,-1839.18
1639062140018044928,9618,1,7201,7,2020,-3124.82
1639062140018044928,9618,1,7201,8,2020,-2119.26
1639062140018044928,9618,1,7201,9,2020,58.25
1639062140018044928,9618,1,7201,10,2020,-2372.83
1639062140018044928,9618,1,7201,11,2020,-1810.3
1639062140018044928,9618,1,7201,12,2020,-1169.67
164155288488882784,5316,5,33471,1,2020,1629.85
164155288488882784,5316,5,33471,2,2020,1629.85
164155288488882784,5316,5,33471,3,2020,1629.85
164155288488882784,5316,5,33471,4,2020,1629.85
164155288488882784,5316,5,33471,5,2020,2395.3
164155288488882784,5316,5,33471,6,2020,1687.59
164155288488882784,5316,5,33471,7,2020,5789.8
164155288488882784,5316,5,33471,8,2020,5789.8
164155288488882784,5316,5,33471,9,2020,5687.63
164155288488882784,5316,5,33471,10,2020,4763.32
164155288488882784,5316,5,33471,11,2020,3843.6
164155288488882784,5316,5,33471,12,2020,3843.6
1641827773504012800,5722,8,17401,1,2020,-5760.13
1641827773504012800,5722,8,17401,2,2020,-13093.55
1641827773504012800,5722,8,17401,3,2020,-15631.24
1641827773504012800,5722,8,17401,4,2020,-11262.97
1641827773504012800,5722,8,17401,5,2020,-13091.07
1641827773504012800,5722,8,17401,6,2020,-12139.53
1641827773504012800,5722,8,17401,7,2020,-5911.17
1641827773504012800,5722,8,17401,8,2020,-2486.5
1641827773504012800,5722,8,17401,9,2020,-5684.29
1641827773504012800,5722,8,17401,10,2020,-10093.52
1641827773504012800,5722,8,17401,11,2020,-9590.47
1641827773504012800,5722,8,17401,12,2020,-6189.77
1642387143382910464,7618,4,86060,1,2020,0.0
1642387143382910464,7618,4,86060,2,2020,65.74
1642387143382910464,7618,4,86060,3,2020,65.74
1642387143382910464,7618,4,86060,4,2020,1777.87
1642387143382910464,7618,4,86060,5,2020,1777.87
1642387143382910464,7618,4,86060,6,2020,1970.4
1642387143382910464,7618,4,86060,7,2020,1970.4
1642387143382910464,7618,4,86060,8,2020,559.64
1642387143382910464,7618,4,86060,9,2020,-797.03
1642387143382910464,7618,4,86060,10,2020,-165.42
1642387143382910464,7618,4,86060,11,2020,-628.59
1642387143382910464,7618,4,86060,12,2020,-628.59
1643449868997907968,6107,4,55882,1,2020,-162.07
1643449868997907968,6107,4,55882,2,2020,1094.73
1643449868997907968,6107,4,55882,3,2020,969.01
1643449868997907968,6107,4,55882,4,2020,-195.08
1643449868997907968,6107,4,55882,5,2020,-1756.8
1643449868997907968,6107,4,55882,6,2020,-2048.83
1643449868997907968,6107,4,55882,7,2020,-3048.33
1643449868997907968,6107,4,55882,8,2020,-1550.88
1643449868997907968,6107,4,55882,9,2020,-3627.92
1643449868997907968,6107,4,55882,10,2020,-5714.05
1643449868997907968,6107,4,55882,11,2020,-10182.6
1643449868997907968,6107,4,55882,12,2020,-7043.8
1643479381885310976,3290,7,25385,1,2020,-2651.05
1643479381885310976,3290,7,25385,2,2020,-5715.34
1643479381885310976,3290,7,25385,3,2020,-4655.35
1643479381885310976,3290,7,25385,4,2020,-12681.44
1643479381885310976,3290,7,25385,5,2020,-15203.79
1643479381885310976,3290,7,25385,6,2020,-11521.32
1643479381885310976,3290,7,25385,7,2020,-10657.42
1643479381885310976,3290,7,25385,8,2020,-12265.35
1643479381885310976,3290,7,25385,9,2020,-13886.73
1643479381885310976,3290,7,25385,10,2020,-9941.13
1643479381885310976,3290,7,25385,11,2020,-11596.53
1643479381885310976,3290,7,25385,12,2020,-15208.2
1644012141860209408,6116,9,17170,1,2020,-592.58
1644012141860209408,6116,9,17170,2,2020,78.79
1644012141860209408,6116,9,17170,3,2020,-3396.24
1644012141860209408,6116,9,17170,4,2020,-5060.77
1644012141860209408,6116,9,17170,5,2020,-4838.9
1644012141860209408,6116,9,17170,6,2020,-2118.31
1644012141860209408,6116,9,17170,7,2020,421.55
1644012141860209408,6116,9,17170,8,2020,4341.34
1644012141860209408,6116,9,17170,9,2020,8624.37
1644012141860209408,6116,9,17170,10,2020,11334.7
1644012141860209408,6116,9,17170,11,2020,16724.7
1644012141860209408,6116,9,17170,12,2020,17597.7
1644243482972157184,9455,2,46048,1,2020,-4948.61
1644243482972157184,9455,2,46048,2,2020,-5333.28
1644243482972157184,9455,2,46048,3,2020,-573.14
1644243482972157184,9455,2,46048,4,2020,-3610.5
1644243482972157184,9455,2,46048,5,2020,-5499.06
1644243482972157184,9455,2,46048,6,2020,-5547.82
1644243482972157184,9455,2,46048,7,2020,-4512.79
1644243482972157184,9455,2,46048,8,2020,-3606.31
1644243482972157184,9455,2,46048,9,2020,-2726.24
1644243482972157184,9455,2,46048,10,2020,-3110.3
1644243482972157184,9455,2,46048,11,2020,-8220.94
1644243482972157184,9455,2,46048,12,2020,-1482.78
1644645675533880320,9166,5,96195,1,2020,-946.2
1644645675533880320,9166,5,96195,2,2020,796.27
1644645675533880320,9166,5,96195,3,2020,1866.59
1644645675533880320,9166,5,96195,4,2020,1377.08
1644645675533880320,9166,5,96195,5,2020,5029.28
1644645675533880320,9166,5,96195,6,2020,8880.01
1644645675533880320,9166,5,96195,7,2020,7971.08
1644645675533880320,9166,5,96195,8,2020,9611.24
1644645675533880320,9166,5,96195,9,2020,8227.72
1644645675533880320,9166,5,96195,10,2020,7932.39
1644645675533880320,9166,5,96195,11,2020,6812.65
1644645675533880320,9166,5,96195,12,2020,5511.12
1645572043076990976,9341,4,2162,1,2020,3603.78
1645572043076990976,9341,4,2162,2,2020,-8626.34
1645572043076990976,9341,4,2162,3,2020,-10111.72
1645572043076990976,9341,4,2162,4,2020,-4106.04
1645572043076990976,9341,4,2162,5,2020,-11758.82
1645572043076990976,9341,4,2162,6,2020,-4438.87
1645572043076990976,9341,4,2162,7,2020,-2157.58
1645572043076990976,9341,4,2162,8,2020,-1706.68
1645572043076990976,9341,4,2162,9,2020,-4754.59
1645572043076990976,9341,4,2162,10,2020,-11422.22
1645572043076990976,9341,4,2162,11,2020,-10947.64
1645572043076990976,9341,4,2162,12,2020,-15709.07
1645650370242893056,717,6,34329,1,2020,-3918.27
1645650370242893056,717,6,34329,2,2020,-9449.36
1645650370242893056,717,6,34329,3,2020,-4882.32
1645650370242893056,717,6,34329,4,2020,-16625.55
1645650370242893056,717,6,34329,5,2020,-13412.32
1645650370242893056,717,6,34329,6,2020,-13954.28
1645650370242893056,717,6,34329,7,2020,-16811.8
1645650370242893056,717,6,34329,8,2020,-25532.62
1645650370242893056,717,6,34329,9,2020,-29167.74
1645650370242893056,717,6,34329,10,2020,-26408.16
1645650370242893056,717,6,34329,11,2020,-27753.47
1645650370242893056,717,6,34329,12,2020,-18144.7
1645830177468174336,9711,9,79503,1,2020,-1558.28
1645830177468174336,9711,9,79503,2,2020,-1558.28
1645830177468174336,9711,9,79503,3,2020,-1558.28
1645830177468174336,9711,9,79503,4,2020,-1558.28
1645830177468174336,9711,9,79503,5,2020,432.96
1645830177468174336,9711,9,79503,6,2020,461.78
1645830177468174336,9711,9,79503,7,2020,461.78
1645830177468174336,9711,9,79503,8,2020,461.78
1645830177468174336,9711,9,79503,9,2020,-326.26
1645830177468174336,9711,9,79503,10,2020,270.36
1645830177468174336,9711,9,79503,11,2020,41.12
1645830177468174336,9711,9,79503,12,2020,41.12
1646149824927976448,9867,8,90304,1,2020,985.41
1646149824927976448,9867,8,90304,2,2020,284.43
1646149824927976448,9867,8,90304,3,2020,284.43
1646149824927976448,9867,8,90304,4,2020,-1031.97
1646149824927976448,9867,8,90304,5,2020,-1688.08
1646149824927976448,9867,8,90304,6,2020,-1378.61
1646149824927976448,9867,8,90304,7,2020,1562.63
1646149824927976448,9867,8,90304,8,2020,1562.63
1646149824927976448,9867,8,90304,9,2020,1150.25
1646149824927976448,9867,8,90304,10,2020,-332.44
1646149824927976448,9867,8,90304,11,2020,-2237.83
1646149824927976448,9867,8,90304,12,2020,-4419.52
1646150358646614528,141,9,25300,1,2020,-13109.74
1646150358646614528,141,9,25300,2,2020,-17488.11
1646150358646614528,141,9,25300,3,2020,-15898.52
1646150358646614528,141,9,25300,4,2020,-20122.9
1646150358646614528,141,9,25300,5,2020,-17522.49
1646150358646614528,141,9,25300,6,2020,-18663.29
1646150358646614528,141,9,25300,7,2020,-18266.01
1646150358646614528,141,9,25300,8,2020,-13856.03
1646150358646614528,141,9,25300,9,2020,-8524.76
1646150358646614528,141,9,25300,10,2020,-7711.29
1646150358646614528,141,9,25300,11,2020,-10432.73
1646150358646614528,141,9,25300,12,2020,-13125.12
1646964640369660416,1213,6,1151,1,2020,1987.4
1646964640369660416,1213,6,1151,2,2020,3909.23
1646964640369660416,1213,6,1151,3,2020,1945.19
1646964640369660416,1213,6,1151,4,2020,1945.19
1646964640369660416,1213,6,1151,5,2020,1945.19
1646964640369660416,1213,6,1151,6,2020,1945.19
1646964640369660416,1213,6,1151,7,2020,3361.93
1646964640369660416,1213,6,1151,8,2020,3545.19
1646964640369660416,1213,6,1151,9,2020,3545.19
1646964640369660416,1213,6,1151,10,2020,3545.19
1646964640369660416,1213,6,1151,11,2020,4111.82
1646964640369660416,1213,6,1151,12,2020,4111.82
1647365790657982976,5529,4,99291,1,2020,1878.43
1647365790657982976,5529,4,99291,2,2020,2545.25
1647365790657982976,5529,4,99291,3,2020,3155.56
1647365790657982976,5529,4,99291,4,2020,-114.03
1647365790657982976,5529,4,99291,5,2020,-875.56
1647365790657982976,5529,4,99291,6,2020,-3183.1
1647365790657982976,5529,4,99291,7,2020,-5055.99
1647365790657982976,5529,4,99291,8,2020,-8890.83
1647365790657982976,5529,4,99291,9,2020,-4353.03
1647365790657982976,5529,4,99291,10,2020,-6382.94
1647365790657982976,5529,4,99291,11,2020,-5500.51
1647365790657982976,5529,4,99291,12,2020,-6995.71
1648027624998188288,412,1,16463,1,2020,-288.51
1648027624998188288,412,1,16463,2,2020,-202.54
1648027624998188288,412,1,16463,3,2020,-1179.62
1648027624998188288,412,1,16463,4,2020,360.21
1648027624998188288,412,1,16463,5,2020,353.22
1648027624998188288,412,1,16463,6,2020,1925.33
1648027624998188288,412,1,16463,7,2020,-372.18
1648027624998188288,412,1,16463,8,2020,-2341.14
1648027624998188288,412,1,16463,9,2020,-3019.87
1648027624998188288,412,1,16463,10,2020,-1612.28
1648027624998188288,412,1,16463,11,2020,-10727.22
1648027624998188288,412,1,16463,12,2020,-8713.8
1648198184827443456,1705,7,98144,1,2020,-6294.31
1648198184827443456,1705,7,98144,2,2020,-6906.96
1648198184827443456,1705,7,98144,3,2020,-4361.12
1648198184827443456,1705,7,98144,4,2020,-3215.26
1648198184827443456,1705,7,98144,5,2020,-1648.26
1648198184827443456,1705,7,98144,6,2020,2621.01
1648198184827443456,1705,7,98144,7,2020,3165.12
1648198184827443456,1705,7,98144,8,2020,1486.85
1648198184827443456,1705,7,98144,9,2020,7546.59
1648198184827443456,1705,7,98144,10,2020,5845.09
1648198184827443456,1705,7,98144,11,2020,1206.07
1648198184827443456,1705,7,98144,12,2020,-220.73
16488801170250194,3705,7,30067,1,2020,1382.95
16488801170250194,3705,7,30067,2,2020,1765.22
16488801170250194,3705,7,30067,3,2020,1500.18
16488801170250194,3705,7,30067,4,2020,97.18
