2046511439346471936,6531,0,41892,8,2020,2375.11
2046511439346471936,6531,0,41892,9,2020,1960.75
2046511439346471936,6531,0,41892,10,2020,3471.94
2046511439346471936,6531,0,41892,11,2020,3471.94
2046511439346471936,6531,0,41892,12,2020,1195.19
2046626656805807616,9563,9,84862,1,2020,-925.34
2046626656805807616,9563,9,84862,2,2020,423.25
2046626656805807616,9563,9,84862,3,2020,-2501.86
2046626656805807616,9563,9,84862,4,2020,1937.85
2046626656805807616,9563,9,84862,5,2020,-136.91
2046626656805807616,9563,9,84862,6,2020,468.44
2046626656805807616,9563,9,84862,7,2020,919.01
2046626656805807616,9563,9,84862,8,2020,355.5
2046626656805807616,9563,9,84862,9,2020,-2461.27
2046626656805807616,9563,9,84862,10,2020,1342.93
2046626656805807616,9563,9,84862,11,2020,3200.81
2046626656805807616,9563,9,84862,12,2020,3107.66
204702936577853984,3986,2,77523,1,2020,0.0
204702936577853984,3986,2,77523,2,2020,1785.37
204702936577853984,3986,2,77523,3,2020,2365.65
204702936577853984,3986,2,77523,4,2020,2173.49
204702936577853984,3986,2,77523,5,2020,4041.23
204702936577853984,3986,2,77523,6,2020,2492.89
204702936577853984,3986,2,77523,7,2020,2492.89
204702936577853984,3986,2,77523,8,2020,2492.89
204702936577853984,3986,2,77523,9,2020,2492.89
204702936577853984,3986,2,77523,10,2020,2492.89
204702936577853984,3986,2,77523,11,2020,2492.89
204702936577853984,3986,2,77523,12,2020,2492.89
2047133178778858240,6020,4,89668,1,2020,-1011.46
2047133178778858240,6020,4,89668,2,2020,-1251.02
2047133178778858240,6020,4,89668,3,2020,-3308.02
2047133178778858240,6020,4,89668,4,2020,-3555.59
2047133178778858240,6020,4,89668,5,2020,88.2
2047133178778858240,6020,4,89668,6,2020,-1007.18
2047133178778858240,6020,4,89668,7,2020,-3072.16
2047133178778858240,6020,4,89668,8,2020,-905.25
2047133178778858240,6020,4,89668,9,2020,-1501.62
2047133178778858240,6020,4,89668,10,2020,-3166.86
2047133178778858240,6020,4,89668,11,2020,858.81
2047133178778858240,6020,4,89668,12,2020,-2257.61
2047335626149273856,1553,9,43185,1,2020,-3104.44
2047335626149273856,1553,9,43185,2,2020,-5658.62
2047335626149273856,1553,9,43185,3,2020,-85.72
2047335626149273856,1553,9,43185,4,2020,-7720.17
2047335626149273856,1553,9,43185,5,2020,-8181.34
2047335626149273856,1553,9,43185,6,2020,1224.59
2047335626149273856,1553,9,43185,7,2020,5682.9
2047335626149273856,1553,9,43185,8,2020,-1402.68
2047335626149273856,1553,9,43185,9,2020,-7202.41
2047335626149273856,1553,9,43185,10,2020,-8403.36
2047335626149273856,1553,9,43185,11,2020,-8532.92
2047335626149273856,1553,9,43185,12,2020,-10455.51
2048815951131058432,907,3,6032,1,2020,6499.51
2048815951131058432,907,3,6032,2,2020,8759.04
2048815951131058432,907,3,6032,3,2020,15657.38
2048815951131058432,907,3,6032,4,2020,10571.57
2048815951131058432,907,3,6032,5,2020,17301.15
2048815951131058432,907,3,6032,6,2020,21837.67
2048815951131058432,907,3,6032,7,2020,8883.5
2048815951131058432,907,3,6032,8,2020,9373.37
2048815951131058432,907,3,6032,9,2020,6654.69
2048815951131058432,907,3,6032,10,2020,-2657.54
2048815951131058432,907,3,6032,11,2020,-10105.91
2048815951131058432,907,3,6032,12,2020,-5884.15
2049726589355841280,8390,0,44041,1,2020,5348.0
2049726589355841280,8390,0,44041,2,2020,10124.46
2049726589355841280,8390,0,44041,3,2020,11251.54
2049726589355841280,8390,0,44041,4,2020,12866.79
2049726589355841280,8390,0,44041,5,2020,9572.01
2049726589355841280,8390,0,44041,6,2020,16087.04
2049726589355841280,8390,0,44041,7,2020,16454.95
2049726589355841280,8390,0,44041,8,2020,16851.06
2049726589355841280,8390,0,44041,9,2020,16919.02
2049726589355841280,8390,0,44041,10,2020,24268.56
2049726589355841280,8390,0,44041,11,2020,24355.03
2049726589355841280,8390,0,44041,12,2020,21557.39
2050253362215924736,6075,3,62721,1,2020,-3436.01
2050253362215924736,6075,3,62721,2,2020,2220.57
2050253362215924736,6075,3,62721,3,2020,7754.23
2050253362215924736,6075,3,62721,4,2020,4106.85
2050253362215924736,6075,3,62721,5,2020,8168.82
2050253362215924736,6075,3,62721,6,2020,11283.18
2050253362215924736,6075,3,62721,7,2020,14621.68
2050253362215924736,6075,3,62721,8,2020,9424.93
2050253362215924736,6075,3,62721,9,2020,11970.38
2050253362215924736,6075,3,62721,10,2020,7830.18
2050253362215924736,6075,3,62721,11,2020,12087.63
2050253362215924736,6075,3,62721,12,2020,9218.24
2054018529606849024,8509,2,70359,1,2020,-5285.23
2054018529606849024,8509,2,70359,2,2020,-3627.33
2054018529606849024,8509,2,70359,3,2020,-2961.06
2054018529606849024,8509,2,70359,4,2020,-7954.51
2054018529606849024,8509,2,70359,5,2020,-1324.37
2054018529606849024,8509,2,70359,6,2020,-1662.38
2054018529606849024,8509,2,70359,7,2020,-3244.54
2054018529606849024,8509,2,70359,8,2020,1579.58
2054018529606849024,8509,2,70359,9,2020,3998.13
2054018529606849024,8509,2,70359,10,2020,-254.2
2054018529606849024,8509,2,70359,11,2020,-213.11
2054018529606849024,8509,2,70359,12,2020,3975.79
2054314717949179904,9129,7,74156,1,2020,-3513.39
2054314717949179904,9129,7,74156,2,2020,-1828.1
2054314717949179904,9129,7,74156,3,2020,-2524.82
2054314717949179904,9129,7,74156,4,2020,-3849.6
2054314717949179904,9129,7,74156,5,2020,-15354.69
2054314717949179904,9129,7,74156,6,2020,-18086.34
2054314717949179904,9129,7,74156,7,2020,-27261.36
2054314717949179904,9129,7,74156,8,2020,-26391.85
2054314717949179904,9129,7,74156,9,2020,-21892.0
2054314717949179904,9129,7,74156,10,2020,-10835.49
2054314717949179904,9129,7,74156,11,2020,-14838.84
2054314717949179904,9129,7,74156,12,2020,-5101.52
2055680165065854720,6934,2,46170,1,2020,977.69
2055680165065854720,6934,2,46170,2,2020,-1134.97
2055680165065854720,6934,2,46170,3,2020,-2668.01
2055680165065854720,6934,2,46170,4,2020,856.05
2055680165065854720,6934,2,46170,5,2020,-5775.61
2055680165065854720,6934,2,46170,6,2020,-3896.54
2055680165065854720,6934,2,46170,7,2020,-5100.09
2055680165065854720,6934,2,46170,8,2020,3905.09
2055680165065854720,6934,2,46170,9,2020,5118.64
2055680165065854720,6934,2,46170,10,2020,4289.19
2055680165065854720,6934,2,46170,11,2020,1737.38
2055680165065854720,6934,2,46170,12,2020,6767.13
2056115200409852160,8834,0,45274,1,2020,4597.24
2056115200409852160,8834,0,45274,2,2020,5889.99
2056115200409852160,8834,0,45274,3,2020,5311.6
2056115200409852160,8834,0,45274,4,2020,7792.76
2056115200409852160,8834,0,45274,5,2020,9238.58
2056115200409852160,8834,0,45274,6,2020,4741.72
2056115200409852160,8834,0,45274,7,2020,3670.52
2056115200409852160,8834,0,45274,8,2020,7967.57
2056115200409852160,8834,0,45274,9,2020,8485.74
2056115200409852160,8834,0,45274,10,2020,6954.01
2056115200409852160,8834,0,45274,11,2020,7229.61
2056115200409852160,8834,0,45274,12,2020,5766.75
2056254715589038592,663,9,87921,1,2020,-8366.75
2056254715589038592,663,9,87921,2,2020,-992.82
2056254715589038592,663,9,87921,3,2020,-213.11
2056254715589038592,663,9,87921,4,2020,-6417.16
2056254715589038592,663,9,87921,5,2020,-11070.91
2056254715589038592,663,9,87921,6,2020,-7749.09
2056254715589038592,663,9,87921,7,2020,-9012.29
2056254715589038592,663,9,87921,8,2020,-12427.71
2056254715589038592,663,9,87921,9,2020,-12608.68
2056254715589038592,663,9,87921,10,2020,-6631.79
2056254715589038592,663,9,87921,11,2020,-9464.15
2056254715589038592,663,9,87921,12,2020,-11647.01
2056321530289638912,3332,0,52271,1,2020,1612.19
2056321530289638912,3332,0,52271,2,2020,1612.19
2056321530289638912,3332,0,52271,3,2020,2726.24
2056321530289638912,3332,0,52271,4,2020,32.58
2056321530289638912,3332,0,52271,5,2020,33.63
2056321530289638912,3332,0,52271,6,2020,-617.82
2056321530289638912,3332,0,52271,7,2020,-17.67
2056321530289638912,3332,0,52271,8,2020,3501.24
2056321530289638912,3332,0,52271,9,2020,4916.6
2056321530289638912,3332,0,52271,10,2020,7178.25
2056321530289638912,3332,0,52271,11,2020,8035.03
2056321530289638912,3332,0,52271,12,2020,8118.28
2057842135790398720,9025,7,61450,1,2020,-218.58
2057842135790398720,9025,7,61450,2,2020,-1538.73
2057842135790398720,9025,7,61450,3,2020,-1538.73
2057842135790398720,9025,7,61450,4,2020,-2421.98
2057842135790398720,9025,7,61450,5,2020,-2029.61
2057842135790398720,9025,7,61450,6,2020,-2029.61
2057842135790398720,9025,7,61450,7,2020,-4349.95
2057842135790398720,9025,7,61450,8,2020,-6848.28
2057842135790398720,9025,7,61450,9,2020,-8620.92
2057842135790398720,9025,7,61450,10,2020,-5418.69
2057842135790398720,9025,7,61450,11,2020,-8298.08
2057842135790398720,9025,7,61450,12,2020,-7173.12
2058104580466501376,4651,1,87115,1,2020,-742.5
2058104580466501376,4651,1,87115,2,2020,1815.58
2058104580466501376,4651,1,87115,3,2020,1815.58
2058104580466501376,4651,1,87115,4,2020,1250.9
2058104580466501376,4651,1,87115,5,2020,1250.9
2058104580466501376,4651,1,87115,6,2020,1250.9
2058104580466501376,4651,1,87115,7,2020,1250.9
2058104580466501376,4651,1,87115,8,2020,846.31
2058104580466501376,4651,1,87115,9,2020,846.31
2058104580466501376,4651,1,87115,10,2020,846.31
2058104580466501376,4651,1,87115,11,2020,-1105.02
2058104580466501376,4651,1,87115,12,2020,-1105.02
2058712633918416640,9196,1,45750,1,2020,-2443.78
2058712633918416640,9196,1,45750,2,2020,4796.21
2058712633918416640,9196,1,45750,3,2020,9164.9
2058712633918416640,9196,1,45750,4,2020,6107.36
2058712633918416640,9196,1,45750,5,2020,-2332.26
2058712633918416640,9196,1,45750,6,2020,-2267.47
2058712633918416640,9196,1,45750,7,2020,-1285.02
2058712633918416640,9196,1,45750,8,2020,-2174.86
2058712633918416640,9196,1,45750,9,2020,-758.02
2058712633918416640,9196,1,45750,10,2020,-5869.08
2058712633918416640,9196,1,45750,11,2020,-6493.15
2058712633918416640,9196,1,45750,12,2020,-8180.27
2058780867809096960,4411,4,27958,1,2020,-980.79
2058780867809096960,4411,4,27958,2,2020,1386.06
2058780867809096960,4411,4,27958,3,2020,1181.71
2058780867809096960,4411,4,27958,4,2020,2992.53
2058780867809096960,4411,4,27958,5,2020,-717.95
2058780867809096960,4411,4,27958,6,2020,-5831.17
2058780867809096960,4411,4,27958,7,2020,-14626.28
2058780867809096960,4411,4,27958,8,2020,-3167.85
2058780867809096960,4411,4,27958,9,2020,-2097.92
2058780867809096960,4411,4,27958,10,2020,-4445.28
2058780867809096960,4411,4,27958,11,2020,-6138.67
2058780867809096960,4411,4,27958,12,2020,-7410.16
2058896826933046784,1266,3,67606,1,2020,-2900.81
2058896826933046784,1266,3,67606,2,2020,-3086.55
2058896826933046784,1266,3,67606,3,2020,-5238.57
2058896826933046784,1266,3,67606,4,2020,-3250.01
2058896826933046784,1266,3,67606,5,2020,1663.53
2058896826933046784,1266,3,67606,6,2020,3574.05
2058896826933046784,1266,3,67606,7,2020,4907.83
2058896826933046784,1266,3,67606,8,2020,6404.57
2058896826933046784,1266,3,67606,9,2020,4271.61
2058896826933046784,1266,3,67606,10,2020,7767.46
2058896826933046784,1266,3,67606,11,2020,6735.97
2058896826933046784,1266,3,67606,12,2020,5894.64
2060497792918060544,2135,5,88485,1,2020,-10369.99
2060497792918060544,2135,5,88485,2,2020,-9222.85
2060497792918060544,2135,5,88485,3,2020,-6471.29
2060497792918060544,2135,5,88485,4,2020,-2302.35
2060497792918060544,2135,5,88485,5,2020,2072.09
2060497792918060544,2135,5,88485,6,2020,-3596.83
2060497792918060544,2135,5,88485,7,2020,8019.85
2060497792918060544,2135,5,88485,8,2020,6512.55
2060497792918060544,2135,5,88485,9,2020,-328.61
2060497792918060544,2135,5,88485,10,2020,7137.47
2060497792918060544,2135,5,88485,11,2020,7853.06
2060497792918060544,2135,5,88485,12,2020,4604.99
206127305156916512,1425,1,83103,1,2020,2250.69
206127305156916512,1425,1,83103,2,2020,2364.11
206127305156916512,1425,1,83103,3,2020,613.08
206127305156916512,1425,1,83103,4,2020,2207.6
206127305156916512,1425,1,83103,5,2020,3721.86
206127305156916512,1425,1,83103,6,2020,3248.7
206127305156916512,1425,1,83103,7,2020,2617.94
