1587472372264482816,8301,7,53532,9,2020,-10077.85
1587472372264482816,8301,7,53532,10,2020,-7343.7
1587472372264482816,8301,7,53532,11,2020,-8709.08
1587472372264482816,8301,7,53532,12,2020,-11178.1
1587632235553229312,7896,9,26024,1,2020,1287.27
1587632235553229312,7896,9,26024,2,2020,-4125.92
1587632235553229312,7896,9,26024,3,2020,1120.86
1587632235553229312,7896,9,26024,4,2020,-3574.28
1587632235553229312,7896,9,26024,5,2020,1958.62
1587632235553229312,7896,9,26024,6,2020,1798.4
1587632235553229312,7896,9,26024,7,2020,516.48
1587632235553229312,7896,9,26024,8,2020,-538.6
1587632235553229312,7896,9,26024,9,2020,8073.75
1587632235553229312,7896,9,26024,10,2020,6966.18
1587632235553229312,7896,9,26024,11,2020,10813.71
1587632235553229312,7896,9,26024,12,2020,7466.84
1587840003691253248,9396,8,96169,1,2020,5757.76
1587840003691253248,9396,8,96169,2,2020,4278.57
1587840003691253248,9396,8,96169,3,2020,-4484.5
1587840003691253248,9396,8,96169,4,2020,-2526.42
1587840003691253248,9396,8,96169,5,2020,-6045.86
1587840003691253248,9396,8,96169,6,2020,-4616.16
1587840003691253248,9396,8,96169,7,2020,-6386.68
1587840003691253248,9396,8,96169,8,2020,-7458.33
1587840003691253248,9396,8,96169,9,2020,-14909.31
1587840003691253248,9396,8,96169,10,2020,-11966.54
1587840003691253248,9396,8,96169,11,2020,-13588.37
1587840003691253248,9396,8,96169,12,2020,-15243.63
1588432889662089472,7269,0,87129,1,2020,6502.4
1588432889662089472,7269,0,87129,2,2020,16272.12
1588432889662089472,7269,0,87129,3,2020,14203.34
1588432889662089472,7269,0,87129,4,2020,7706.96
1588432889662089472,7269,0,87129,5,2020,-4296.06
1588432889662089472,7269,0,87129,6,2020,2930.69
1588432889662089472,7269,0,87129,7,2020,2163.12
1588432889662089472,7269,0,87129,8,2020,-1773.13
1588432889662089472,7269,0,87129,9,2020,-4657.8
1588432889662089472,7269,0,87129,10,2020,4669.12
1588432889662089472,7269,0,87129,11,2020,5165.15
1588432889662089472,7269,0,87129,12,2020,7899.63
1588737007283431680,1870,5,610,1,2020,1119.96
1588737007283431680,1870,5,610,2,2020,603.01
1588737007283431680,1870,5,610,3,2020,606.32
1588737007283431680,1870,5,610,4,2020,1758.53
1588737007283431680,1870,5,610,5,2020,2077.54
1588737007283431680,1870,5,610,6,2020,3604.54
1588737007283431680,1870,5,610,7,2020,2672.78
1588737007283431680,1870,5,610,8,2020,3100.74
1588737007283431680,1870,5,610,9,2020,-761.91
1588737007283431680,1870,5,610,10,2020,816.29
1588737007283431680,1870,5,610,11,2020,3627.74
1588737007283431680,1870,5,610,12,2020,3734.62
1590261147564764928,426,2,15768,1,2020,2903.38
1590261147564764928,426,2,15768,2,2020,-555.47
1590261147564764928,426,2,15768,3,2020,-1212.48
1590261147564764928,426,2,15768,4,2020,3947.46
1590261147564764928,426,2,15768,5,2020,7676.3
1590261147564764928,426,2,15768,6,2020,20825.27
1590261147564764928,426,2,15768,7,2020,25812.34
1590261147564764928,426,2,15768,8,2020,21378.21
1590261147564764928,426,2,15768,9,2020,18563.47
1590261147564764928,426,2,15768,10,2020,22203.63
1590261147564764928,426,2,15768,11,2020,24236.35
1590261147564764928,426,2,15768,12,2020,24965.73
159029138477976544,1769,4,49349,1,2020,-3818.97
159029138477976544,1769,4,49349,2,2020,-2185.62
159029138477976544,1769,4,49349,3,2020,-804.67
159029138477976544,1769,4,49349,4,2020,-804.67
159029138477976544,1769,4,49349,5,2020,-603.1
159029138477976544,1769,4,49349,6,2020,-537.3
159029138477976544,1769,4,49349,7,2020,1909.47
159029138477976544,1769,4,49349,8,2020,-1546.3
159029138477976544,1769,4,49349,9,2020,-1546.3
159029138477976544,1769,4,49349,10,2020,-1934.76
159029138477976544,1769,4,49349,11,2020,-5196.26
159029138477976544,1769,4,49349,12,2020,-9776.37
1590957861809131776,1789,2,24588,1,2020,-6230.87
1590957861809131776,1789,2,24588,2,2020,-12002.73
1590957861809131776,1789,2,24588,3,2020,-1974.23
1590957861809131776,1789,2,24588,4,2020,1501.21
1590957861809131776,1789,2,24588,5,2020,-1120.62
1590957861809131776,1789,2,24588,6,2020,-1095.34
1590957861809131776,1789,2,24588,7,2020,1117.61
1590957861809131776,1789,2,24588,8,2020,3430.58
1590957861809131776,1789,2,24588,9,2020,7568.37
1590957861809131776,1789,2,24588,10,2020,10182.88
1590957861809131776,1789,2,24588,11,2020,13946.39
1590957861809131776,1789,2,24588,12,2020,12869.84
1592095518710828032,8158,1,98477,1,2020,402.12
1592095518710828032,8158,1,98477,2,2020,402.12
1592095518710828032,8158,1,98477,3,2020,-1473.63
1592095518710828032,8158,1,98477,4,2020,-4586.67
1592095518710828032,8158,1,98477,5,2020,-2960.99
1592095518710828032,8158,1,98477,6,2020,-4967.75
1592095518710828032,8158,1,98477,7,2020,-5315.81
1592095518710828032,8158,1,98477,8,2020,-5105.09
1592095518710828032,8158,1,98477,9,2020,-3387.1
1592095518710828032,8158,1,98477,10,2020,-1341.74
1592095518710828032,8158,1,98477,11,2020,299.39
1592095518710828032,8158,1,98477,12,2020,544.12
1592788141998928384,2653,0,60529,1,2020,-465.89
1592788141998928384,2653,0,60529,2,2020,5959.98
1592788141998928384,2653,0,60529,3,2020,8628.53
1592788141998928384,2653,0,60529,4,2020,7920.51
1592788141998928384,2653,0,60529,5,2020,3926.72
1592788141998928384,2653,0,60529,6,2020,5708.82
1592788141998928384,2653,0,60529,7,2020,10384.02
1592788141998928384,2653,0,60529,8,2020,11388.54
1592788141998928384,2653,0,60529,9,2020,10408.72
1592788141998928384,2653,0,60529,10,2020,16253.25
1592788141998928384,2653,0,60529,11,2020,17251.17
1592788141998928384,2653,0,60529,12,2020,21783.03
1593227984108449280,8278,5,50565,1,2020,6118.55
1593227984108449280,8278,5,50565,2,2020,2940.96
1593227984108449280,8278,5,50565,3,2020,-3497.94
1593227984108449280,8278,5,50565,4,2020,-5516.7
1593227984108449280,8278,5,50565,5,2020,-2371.47
1593227984108449280,8278,5,50565,6,2020,-11772.19
1593227984108449280,8278,5,50565,7,2020,-11040.17
1593227984108449280,8278,5,50565,8,2020,-15118.95
1593227984108449280,8278,5,50565,9,2020,-20683.73
1593227984108449280,8278,5,50565,10,2020,-15810.62
1593227984108449280,8278,5,50565,11,2020,-15274.67
1593227984108449280,8278,5,50565,12,2020,-19524.25
1594046871995956480,1781,4,40976,1,2020,4501.08
1594046871995956480,1781,4,40976,2,2020,6040.58
1594046871995956480,1781,4,40976,3,2020,5307.99
1594046871995956480,1781,4,40976,4,2020,6028.27
1594046871995956480,1781,4,40976,5,2020,3734.16
1594046871995956480,1781,4,40976,6,2020,-1654.65
1594046871995956480,1781,4,40976,7,2020,-517.26
1594046871995956480,1781,4,40976,8,2020,-3749.27
1594046871995956480,1781,4,40976,9,2020,-1171.61
1594046871995956480,1781,4,40976,10,2020,1575.45
1594046871995956480,1781,4,40976,11,2020,353.38
1594046871995956480,1781,4,40976,12,2020,-2118.57
1594941700622676224,5324,5,98883,1,2020,-691.46
1594941700622676224,5324,5,98883,2,2020,-2435.75
1594941700622676224,5324,5,98883,3,2020,-1953.89
1594941700622676224,5324,5,98883,4,2020,-1756.25
1594941700622676224,5324,5,98883,5,2020,-1756.25
1594941700622676224,5324,5,98883,6,2020,-444.58
1594941700622676224,5324,5,98883,7,2020,861.35
1594941700622676224,5324,5,98883,8,2020,3492.35
1594941700622676224,5324,5,98883,9,2020,3492.35
1594941700622676224,5324,5,98883,10,2020,2659.16
1594941700622676224,5324,5,98883,11,2020,4514.32
1594941700622676224,5324,5,98883,12,2020,2487.9
159535050014766624,193,8,97391,1,2020,10703.19
159535050014766624,193,8,97391,2,2020,18394.24
159535050014766624,193,8,97391,3,2020,14114.6
159535050014766624,193,8,97391,4,2020,15345.15
159535050014766624,193,8,97391,5,2020,19428.2
159535050014766624,193,8,97391,6,2020,20749.58
159535050014766624,193,8,97391,7,2020,16076.44
159535050014766624,193,8,97391,8,2020,12374.54
159535050014766624,193,8,97391,9,2020,20074.83
159535050014766624,193,8,97391,10,2020,13876.99
159535050014766624,193,8,97391,11,2020,16534.89
159535050014766624,193,8,97391,12,2020,15486.34
1596390988488103424,5996,8,95692,1,2020,2439.39
1596390988488103424,5996,8,95692,2,2020,64.35
1596390988488103424,5996,8,95692,3,2020,4534.37
1596390988488103424,5996,8,95692,4,2020,7238.94
1596390988488103424,5996,8,95692,5,2020,9985.25
1596390988488103424,5996,8,95692,6,2020,13121.42
1596390988488103424,5996,8,95692,7,2020,18092.67
1596390988488103424,5996,8,95692,8,2020,17508.02
1596390988488103424,5996,8,95692,9,2020,19243.46
1596390988488103424,5996,8,95692,10,2020,23003.1
1596390988488103424,5996,8,95692,11,2020,18211.29
1596390988488103424,5996,8,95692,12,2020,25620.77
1597260396957785088,6785,2,94848,1,2020,-7478.83
1597260396957785088,6785,2,94848,2,2020,-9504.83
1597260396957785088,6785,2,94848,3,2020,-17988.11
1597260396957785088,6785,2,94848,4,2020,-15574.82
1597260396957785088,6785,2,94848,5,2020,-16408.68
1597260396957785088,6785,2,94848,6,2020,-22012.11
1597260396957785088,6785,2,94848,7,2020,-22461.64
1597260396957785088,6785,2,94848,8,2020,-25637.16
1597260396957785088,6785,2,94848,9,2020,-26753.33
1597260396957785088,6785,2,94848,10,2020,-29261.02
1597260396957785088,6785,2,94848,11,2020,-29380.31
1597260396957785088,6785,2,94848,12,2020,-35137.81
1597332995188690176,137,9,99891,1,2020,2442.1
1597332995188690176,137,9,99891,2,2020,2035.82
1597332995188690176,137,9,99891,3,2020,-557.07
1597332995188690176,137,9,99891,4,2020,-2002.19
1597332995188690176,137,9,99891,5,2020,963.58
1597332995188690176,137,9,99891,6,2020,9676.92
1597332995188690176,137,9,99891,7,2020,4973.79
1597332995188690176,137,9,99891,8,2020,4005.64
1597332995188690176,137,9,99891,9,2020,1672.49
1597332995188690176,137,9,99891,10,2020,3002.21
1597332995188690176,137,9,99891,11,2020,3591.2
1597332995188690176,137,9,99891,12,2020,5618.41
1598292961600159232,6730,7,18474,1,2020,131.56
1598292961600159232,6730,7,18474,2,2020,2646.13
1598292961600159232,6730,7,18474,3,2020,4093.71
1598292961600159232,6730,7,18474,4,2020,2541.75
1598292961600159232,6730,7,18474,5,2020,3623.33
1598292961600159232,6730,7,18474,6,2020,2928.99
1598292961600159232,6730,7,18474,7,2020,3916.75
1598292961600159232,6730,7,18474,8,2020,1751.77
1598292961600159232,6730,7,18474,9,2020,6523.68
1598292961600159232,6730,7,18474,10,2020,7767.33
1598292961600159232,6730,7,18474,11,2020,8803.16
1598292961600159232,6730,7,18474,12,2020,9059.46
1599426422163561984,5305,6,83491,1,2020,-3450.87
1599426422163561984,5305,6,83491,2,2020,-6200.2
1599426422163561984,5305,6,83491,3,2020,1727.38
1599426422163561984,5305,6,83491,4,2020,-787.26
1599426422163561984,5305,6,83491,5,2020,-4607.66
1599426422163561984,5305,6,83491,6,2020,-3370.56
1599426422163561984,5305,6,83491,7,2020,-5896.63
1599426422163561984,5305,6,83491,8,2020,2197.94
1599426422163561984,5305,6,83491,9,2020,4856.77
1599426422163561984,5305,6,83491,10,2020,8626.46
1599426422163561984,5305,6,83491,11,2020,11344.8
1599426422163561984,5305,6,83491,12,2020,16191.01
1599684542009929216,894,7,89741,1,2020,-2804.6
1599684542009929216,894,7,89741,2,2020,-88.0
1599684542009929216,894,7,89741,3,2020,1897.74
1599684542009929216,894,7,89741,4,2020,6502.0
1599684542009929216,894,7,89741,5,2020,6224.91
1599684542009929216,894,7,89741,6,2020,5877.81
1599684542009929216,894,7,89741,7,2020,7537.95
1599684542009929216,894,7,89741,8,2020,5873.59
1599684542009929216,894,7,89741,9,2020,8067.77
1599684542009929216,894,7,89741,10,2020,11073.39
1599684542009929216,894,7,89741,11,2020,17810.21
1599684542009929216,894,7,89741,12,2020,21358.66
1600478822880115456,2132,1,73379,1,2020,7810.17
1600478822880115456,2132,1,73379,2,2020,1123.62
1600478822880115456,2132,1,73379,3,2020,832.39
1600478822880115456,2132,1,73379,4,2020,7226.71
