105718477657994000,9332,3,38801,2,2020,1079.57
105718477657994000,9332,3,38801,3,2020,10610.15
105718477657994000,9332,3,38801,4,2020,10861.7
105718477657994000,9332,3,38801,5,2020,11439.41
105718477657994000,9332,3,38801,6,2020,12399.83
105718477657994000,9332,3,38801,7,2020,10701.88
105718477657994000,9332,3,38801,8,2020,10024.26
105718477657994000,9332,3,38801,9,2020,10470.81
105718477657994000,9332,3,38801,10,2020,7528.4
105718477657994000,9332,3,38801,11,2020,8889.03
105718477657994000,9332,3,38801,12,2020,8597.97
1058768528638427904,6075,2,48008,1,2020,2996.8
1058768528638427904,6075,2,48008,2,2020,5774.19
1058768528638427904,6075,2,48008,3,2020,16731.28
1058768528638427904,6075,2,48008,4,2020,16923.25
1058768528638427904,6075,2,48008,5,2020,9070.29
1058768528638427904,6075,2,48008,6,2020,7487.7
1058768528638427904,6075,2,48008,7,2020,5504.39
1058768528638427904,6075,2,48008,8,2020,13080.46
1058768528638427904,6075,2,48008,9,2020,15536.82
1058768528638427904,6075,2,48008,10,2020,15844.42
1058768528638427904,6075,2,48008,11,2020,14846.67
1058768528638427904,6075,2,48008,12,2020,12296.18
1058841458592980352,5579,6,22291,1,2020,2813.96
1058841458592980352,5579,6,22291,2,2020,517.36
1058841458592980352,5579,6,22291,3,2020,177.3
1058841458592980352,5579,6,22291,4,2020,1104.32
1058841458592980352,5579,6,22291,5,2020,-2159.78
1058841458592980352,5579,6,22291,6,2020,-3478.44
1058841458592980352,5579,6,22291,7,2020,-1582.36
1058841458592980352,5579,6,22291,8,2020,-2428.16
1058841458592980352,5579,6,22291,9,2020,-6954.14
1058841458592980352,5579,6,22291,10,2020,-9264.42
1058841458592980352,5579,6,22291,11,2020,-8277.54
1058841458592980352,5579,6,22291,12,2020,-8902.49
1059751551406962560,350,1,19697,1,2020,593.65
1059751551406962560,350,1,19697,2,2020,8760.64
1059751551406962560,350,1,19697,3,2020,7036.28
1059751551406962560,350,1,19697,4,2020,10461.83
1059751551406962560,350,1,19697,5,2020,6631.38
1059751551406962560,350,1,19697,6,2020,7561.29
1059751551406962560,350,1,19697,7,2020,8029.12
1059751551406962560,350,1,19697,8,2020,2634.6
1059751551406962560,350,1,19697,9,2020,9491.31
1059751551406962560,350,1,19697,10,2020,9076.28
1059751551406962560,350,1,19697,11,2020,4807.7
1059751551406962560,350,1,19697,12,2020,8315.31
1061424623487906048,2011,9,66105,1,2020,-2356.74
1061424623487906048,2011,9,66105,2,2020,-3013.23
1061424623487906048,2011,9,66105,3,2020,-561.44
1061424623487906048,2011,9,66105,4,2020,-510.55
1061424623487906048,2011,9,66105,5,2020,-1046.18
1061424623487906048,2011,9,66105,6,2020,-4308.53
1061424623487906048,2011,9,66105,7,2020,-5413.95
1061424623487906048,2011,9,66105,8,2020,-3612.46
1061424623487906048,2011,9,66105,9,2020,-7283.2
1061424623487906048,2011,9,66105,10,2020,-7200.81
1061424623487906048,2011,9,66105,11,2020,-4778.42
1061424623487906048,2011,9,66105,12,2020,-4930.98
1061616519000785792,5811,1,63089,1,2020,-8797.83
1061616519000785792,5811,1,63089,2,2020,-9855.5
1061616519000785792,5811,1,63089,3,2020,-14900.69
1061616519000785792,5811,1,63089,4,2020,-19341.74
1061616519000785792,5811,1,63089,5,2020,-22067.92
1061616519000785792,5811,1,63089,6,2020,-23497.82
1061616519000785792,5811,1,63089,7,2020,-23920.43
1061616519000785792,5811,1,63089,8,2020,-19982.43
1061616519000785792,5811,1,63089,9,2020,-24513.02
1061616519000785792,5811,1,63089,10,2020,-19255.28
1061616519000785792,5811,1,63089,11,2020,-19964.23
1061616519000785792,5811,1,63089,12,2020,-21851.27
1061715139067239936,3692,2,11492,1,2020,-2309.42
1061715139067239936,3692,2,11492,2,2020,-2340.16
1061715139067239936,3692,2,11492,3,2020,-4509.04
1061715139067239936,3692,2,11492,4,2020,-8495.88
1061715139067239936,3692,2,11492,5,2020,-13929.97
1061715139067239936,3692,2,11492,6,2020,-16271.68
1061715139067239936,3692,2,11492,7,2020,-14856.79
1061715139067239936,3692,2,11492,8,2020,-17820.96
1061715139067239936,3692,2,11492,9,2020,-13115.5
1061715139067239936,3692,2,11492,10,2020,-16131.79
1061715139067239936,3692,2,11492,11,2020,-15413.89
1061715139067239936,3692,2,11492,12,2020,-13738.5
1062775455097222144,8226,6,67801,1,2020,-8450.12
1062775455097222144,8226,6,67801,2,2020,-6149.5
1062775455097222144,8226,6,67801,3,2020,-3341.66
1062775455097222144,8226,6,67801,4,2020,-1584.9
1062775455097222144,8226,6,67801,5,2020,-11325.89
1062775455097222144,8226,6,67801,6,2020,-16396.07
1062775455097222144,8226,6,67801,7,2020,-15150.66
1062775455097222144,8226,6,67801,8,2020,-6484.61
1062775455097222144,8226,6,67801,9,2020,-14546.83
1062775455097222144,8226,6,67801,10,2020,-20452.27
1062775455097222144,8226,6,67801,11,2020,-15907.14
1062775455097222144,8226,6,67801,12,2020,-21579.78
1062923926654286976,6952,5,33964,1,2020,-755.94
1062923926654286976,6952,5,33964,2,2020,844.64
1062923926654286976,6952,5,33964,3,2020,-156.1
1062923926654286976,6952,5,33964,4,2020,-601.84
1062923926654286976,6952,5,33964,5,2020,-5661.74
1062923926654286976,6952,5,33964,6,2020,947.2
1062923926654286976,6952,5,33964,7,2020,750.46
1062923926654286976,6952,5,33964,8,2020,-924.93
1062923926654286976,6952,5,33964,9,2020,-5365.91
1062923926654286976,6952,5,33964,10,2020,-4223.2
1062923926654286976,6952,5,33964,11,2020,-195.1
1062923926654286976,6952,5,33964,12,2020,1624.46
1063879325979690624,332,5,95392,1,2020,0.0
1063879325979690624,332,5,95392,2,2020,1612.19
1063879325979690624,332,5,95392,3,2020,1612.19
1063879325979690624,332,5,95392,4,2020,1612.19
1063879325979690624,332,5,95392,5,2020,1612.19
1063879325979690624,332,5,95392,6,2020,3530.78
1063879325979690624,332,5,95392,7,2020,3464.2
1063879325979690624,332,5,95392,8,2020,4486.81
1063879325979690624,332,5,95392,9,2020,4486.81
1063879325979690624,332,5,95392,10,2020,3458.9
1063879325979690624,332,5,95392,11,2020,-326.67
1063879325979690624,332,5,95392,12,2020,-1577.67
1065081690375671936,8723,7,45926,1,2020,-9965.38
1065081690375671936,8723,7,45926,2,2020,-7085.45
1065081690375671936,8723,7,45926,3,2020,-15274.3
1065081690375671936,8723,7,45926,4,2020,-21071.34
1065081690375671936,8723,7,45926,5,2020,-10847.73
1065081690375671936,8723,7,45926,6,2020,-16621.43
1065081690375671936,8723,7,45926,7,2020,-27412.32
1065081690375671936,8723,7,45926,8,2020,-25519.12
1065081690375671936,8723,7,45926,9,2020,-18909.84
1065081690375671936,8723,7,45926,10,2020,-16482.07
1065081690375671936,8723,7,45926,11,2020,-24464.01
1065081690375671936,8723,7,45926,12,2020,-29249.67
106544141261801168,6908,8,55531,1,2020,-440.11
106544141261801168,6908,8,55531,2,2020,7057.58
106544141261801168,6908,8,55531,3,2020,9453.94
106544141261801168,6908,8,55531,4,2020,18430.4
106544141261801168,6908,8,55531,5,2020,9292.04
106544141261801168,6908,8,55531,6,2020,13808.82
106544141261801168,6908,8,55531,7,2020,14213.0
106544141261801168,6908,8,55531,8,2020,16860.94
106544141261801168,6908,8,55531,9,2020,11549.34
106544141261801168,6908,8,55531,10,2020,9595.59
106544141261801168,6908,8,55531,11,2020,5450.65
106544141261801168,6908,8,55531,12,2020,12325.32
1065646671525179136,3418,2,35358,1,2020,-1282.78
1065646671525179136,3418,2,35358,2,2020,-3962.37
1065646671525179136,3418,2,35358,3,2020,-4146.53
1065646671525179136,3418,2,35358,4,2020,-2769.49
1065646671525179136,3418,2,35358,5,2020,-2288.61
1065646671525179136,3418,2,35358,6,2020,-5602.44
1065646671525179136,3418,2,35358,7,2020,-5626.72
1065646671525179136,3418,2,35358,8,2020,-4132.82
1065646671525179136,3418,2,35358,9,2020,5820.96
1065646671525179136,3418,2,35358,10,2020,5660.41
1065646671525179136,3418,2,35358,11,2020,2254.97
1065646671525179136,3418,2,35358,12,2020,6123.43
1065732023454816512,5466,2,56233,1,2020,558.6
1065732023454816512,5466,2,56233,2,2020,4943.96
1065732023454816512,5466,2,56233,3,2020,6991.16
1065732023454816512,5466,2,56233,4,2020,8934.81
1065732023454816512,5466,2,56233,5,2020,7813.35
1065732023454816512,5466,2,56233,6,2020,5595.47
1065732023454816512,5466,2,56233,7,2020,4853.97
1065732023454816512,5466,2,56233,8,2020,4195.04
1065732023454816512,5466,2,56233,9,2020,5608.33
1065732023454816512,5466,2,56233,10,2020,10295.6
1065732023454816512,5466,2,56233,11,2020,12054.28
1065732023454816512,5466,2,56233,12,2020,8041.63
1066510723390785536,3524,4,52077,1,2020,-33.91
1066510723390785536,3524,4,52077,2,2020,2176.21
1066510723390785536,3524,4,52077,3,2020,2100.77
1066510723390785536,3524,4,52077,4,2020,2100.77
1066510723390785536,3524,4,52077,5,2020,2100.77
1066510723390785536,3524,4,52077,6,2020,101.08
1066510723390785536,3524,4,52077,7,2020,101.08
1066510723390785536,3524,4,52077,8,2020,1020.22
1066510723390785536,3524,4,52077,9,2020,1020.22
1066510723390785536,3524,4,52077,10,2020,2805.47
1066510723390785536,3524,4,52077,11,2020,4537.32
1066510723390785536,3524,4,52077,12,2020,3996.18
106655959055214096,6764,6,8182,1,2020,1484.54
106655959055214096,6764,6,8182,2,2020,1702.06
106655959055214096,6764,6,8182,3,2020,1983.18
106655959055214096,6764,6,8182,4,2020,2020.16
106655959055214096,6764,6,8182,5,2020,2020.16
106655959055214096,6764,6,8182,6,2020,2752.28
106655959055214096,6764,6,8182,7,2020,1946.72
106655959055214096,6764,6,8182,8,2020,1981.88
106655959055214096,6764,6,8182,9,2020,4843.1
106655959055214096,6764,6,8182,10,2020,6773.46
106655959055214096,6764,6,8182,11,2020,6040.43
106655959055214096,6764,6,8182,12,2020,9934.57
1067346043103692544,2100,5,47432,1,2020,-6045.73
1067346043103692544,2100,5,47432,2,2020,-12681.06
1067346043103692544,2100,5,47432,3,2020,-20927.61
1067346043103692544,2100,5,47432,4,2020,-34804.08
1067346043103692544,2100,5,47432,5,2020,-24960.84
1067346043103692544,2100,5,47432,6,2020,-20235.99
1067346043103692544,2100,5,47432,7,2020,-16942.48
1067346043103692544,2100,5,47432,8,2020,-15119.38
1067346043103692544,2100,5,47432,9,2020,-24076.7
1067346043103692544,2100,5,47432,10,2020,-22765.26
1067346043103692544,2100,5,47432,11,2020,-33895.44
1067346043103692544,2100,5,47432,12,2020,-34511.28
1067525834984586752,5805,3,49343,1,2020,-2367.25
1067525834984586752,5805,3,49343,2,2020,642.58
1067525834984586752,5805,3,49343,3,2020,-947.88
1067525834984586752,5805,3,49343,4,2020,-4188.32
1067525834984586752,5805,3,49343,5,2020,-4650.88
1067525834984586752,5805,3,49343,6,2020,-9515.55
1067525834984586752,5805,3,49343,7,2020,-12498.86
1067525834984586752,5805,3,49343,8,2020,-11561.46
1067525834984586752,5805,3,49343,9,2020,-14766.75
1067525834984586752,5805,3,49343,10,2020,-3429.9
1067525834984586752,5805,3,49343,11,2020,-6728.79
1067525834984586752,5805,3,49343,12,2020,-5496.19
1067792234832692224,190,3,95986,1,2020,3037.72
1067792234832692224,190,3,95986,2,2020,4924.73
1067792234832692224,190,3,95986,3,2020,12182.1
1067792234832692224,190,3,95986,4,2020,11496.47
1067792234832692224,190,3,95986,5,2020,14086.08
1067792234832692224,190,3,95986,6,2020,9816.53
1067792234832692224,190,3,95986,7,2020,3425.65
1067792234832692224,190,3,95986,8,2020,3825.94
1067792234832692224,190,3,95986,9,2020,2954.21
1067792234832692224,190,3,95986,10,2020,3279.61
1067792234832692224,190,3,95986,11,2020,4945.64
1067792234832692224,190,3,95986,12,2020,2421.16
1070040381294951168,2834,0,44826,1,2020,-8553.47
1070040381294951168,2834,0,44826,2,2020,-12858.58
1070040381294951168,2834,0,44826,3,2020,-7061.43
1070040381294951168,2834,0,44826,4,2020,-4841.86
1070040381294951168,2834,0,44826,5,2020,-3401.65
1070040381294951168,2834,0,44826,6,2020,-652.58
1070040381294951168,2834,0,44826,7,2020,-1503.07
1070040381294951168,2834,0,44826,8,2020,-4003.2
1070040381294951168,2834,0,44826,9,2020,-60.72
