1886226600050881280,1551,1,69480,4,2020,-172.78
1886226600050881280,1551,1,69480,5,2020,613.72
1886226600050881280,1551,1,69480,6,2020,2514.97
1886226600050881280,1551,1,69480,7,2020,-650.89
1886226600050881280,1551,1,69480,8,2020,-8166.43
1886226600050881280,1551,1,69480,9,2020,-7415.15
1886226600050881280,1551,1,69480,10,2020,-10002.12
1886226600050881280,1551,1,69480,11,2020,-10833.31
1886226600050881280,1551,1,69480,12,2020,-8711.35
1886822725596943360,7630,7,29654,1,2020,0.0
1886822725596943360,7630,7,29654,2,2020,-351.71
1886822725596943360,7630,7,29654,3,2020,-351.71
1886822725596943360,7630,7,29654,4,2020,-351.71
1886822725596943360,7630,7,29654,5,2020,-351.71
1886822725596943360,7630,7,29654,6,2020,-1014.83
1886822725596943360,7630,7,29654,7,2020,657.15
1886822725596943360,7630,7,29654,8,2020,-301.45
1886822725596943360,7630,7,29654,9,2020,-301.45
1886822725596943360,7630,7,29654,10,2020,-301.45
1886822725596943360,7630,7,29654,11,2020,1520.07
1886822725596943360,7630,7,29654,12,2020,1520.07
1890131345816453888,1065,6,6921,1,2020,1953.04
1890131345816453888,1065,6,6921,2,2020,1414.77
1890131345816453888,1065,6,6921,3,2020,43.56
1890131345816453888,1065,6,6921,4,2020,1006.41
1890131345816453888,1065,6,6921,5,2020,-3887.48
1890131345816453888,1065,6,6921,6,2020,3635.14
1890131345816453888,1065,6,6921,7,2020,-93.08
1890131345816453888,1065,6,6921,8,2020,5185.65
1890131345816453888,1065,6,6921,9,2020,5056.77
1890131345816453888,1065,6,6921,10,2020,-648.18
1890131345816453888,1065,6,6921,11,2020,-4539.77
1890131345816453888,1065,6,6921,12,2020,-9283.65
1890318034344927744,7538,4,9242,1,2020,7559.89
1890318034344927744,7538,4,9242,2,2020,935.94
1890318034344927744,7538,4,9242,3,2020,5010.73
1890318034344927744,7538,4,9242,4,2020,2536.34
1890318034344927744,7538,4,9242,5,2020,724.53
1890318034344927744,7538,4,9242,6,2020,-949.26
1890318034344927744,7538,4,9242,7,2020,2277.73
1890318034344927744,7538,4,9242,8,2020,-2473.83
1890318034344927744,7538,4,9242,9,2020,-10282.17
1890318034344927744,7538,4,9242,10,2020,-10256.91
1890318034344927744,7538,4,9242,11,2020,-11547.1
1890318034344927744,7538,4,9242,12,2020,-9063.95
1890825910254450944,8690,1,46399,1,2020,-1368.06
1890825910254450944,8690,1,46399,2,2020,-1256.69
1890825910254450944,8690,1,46399,3,2020,16.95
1890825910254450944,8690,1,46399,4,2020,2006.89
1890825910254450944,8690,1,46399,5,2020,3090.39
1890825910254450944,8690,1,46399,6,2020,-5307.8
1890825910254450944,8690,1,46399,7,2020,-3708.43
1890825910254450944,8690,1,46399,8,2020,-218.15
1890825910254450944,8690,1,46399,9,2020,4027.34
1890825910254450944,8690,1,46399,10,2020,1732.03
1890825910254450944,8690,1,46399,11,2020,-3105.63
1890825910254450944,8690,1,46399,12,2020,-6517.56
1890918654285785600,8292,6,52807,1,2020,-3807.96
1890918654285785600,8292,6,52807,2,2020,2266.65
1890918654285785600,8292,6,52807,3,2020,863.25
1890918654285785600,8292,6,52807,4,2020,6075.5
1890918654285785600,8292,6,52807,5,2020,8930.72
1890918654285785600,8292,6,52807,6,2020,8265.45
1890918654285785600,8292,6,52807,7,2020,7623.22
1890918654285785600,8292,6,52807,8,2020,263.05
1890918654285785600,8292,6,52807,9,2020,2091.65
1890918654285785600,8292,6,52807,10,2020,-2353.02
1890918654285785600,8292,6,52807,11,2020,-5478.17
1890918654285785600,8292,6,52807,12,2020,-9162.68
189107285063750336,4749,0,43763,1,2020,2078.41
189107285063750336,4749,0,43763,2,2020,5066.78
189107285063750336,4749,0,43763,3,2020,11410.79
189107285063750336,4749,0,43763,4,2020,8066.04
189107285063750336,4749,0,43763,5,2020,4079.1
189107285063750336,4749,0,43763,6,2020,6001.32
189107285063750336,4749,0,43763,7,2020,304.17
189107285063750336,4749,0,43763,8,2020,3786.4
189107285063750336,4749,0,43763,9,2020,6126.07
189107285063750336,4749,0,43763,10,2020,6070.21
189107285063750336,4749,0,43763,11,2020,2153.1
189107285063750336,4749,0,43763,12,2020,4689.69
1893084371016102400,7277,5,36502,1,2020,-7194.28
1893084371016102400,7277,5,36502,2,2020,-11489.04
1893084371016102400,7277,5,36502,3,2020,-7803.58
1893084371016102400,7277,5,36502,4,2020,1877.0
1893084371016102400,7277,5,36502,5,2020,8615.63
1893084371016102400,7277,5,36502,6,2020,10188.64
1893084371016102400,7277,5,36502,7,2020,2188.12
1893084371016102400,7277,5,36502,8,2020,-4481.31
1893084371016102400,7277,5,36502,9,2020,-3358.01
1893084371016102400,7277,5,36502,10,2020,3838.24
1893084371016102400,7277,5,36502,11,2020,10953.45
1893084371016102400,7277,5,36502,12,2020,13175.46
1893093348520915200,8794,5,91216,1,2020,7489.34
1893093348520915200,8794,5,91216,2,2020,4868.58
1893093348520915200,8794,5,91216,3,2020,10.0
1893093348520915200,8794,5,91216,4,2020,147.71
1893093348520915200,8794,5,91216,5,2020,2795.13
1893093348520915200,8794,5,91216,6,2020,-3377.16
1893093348520915200,8794,5,91216,7,2020,-3700.32
1893093348520915200,8794,5,91216,8,2020,-6239.96
1893093348520915200,8794,5,91216,9,2020,-8592.64
1893093348520915200,8794,5,91216,10,2020,-12596.8
1893093348520915200,8794,5,91216,11,2020,-17108.18
1893093348520915200,8794,5,91216,12,2020,-16504.01
1893675621527886592,3141,9,66693,1,2020,-4390.45
1893675621527886592,3141,9,66693,2,2020,-3670.7
1893675621527886592,3141,9,66693,3,2020,-4790.01
1893675621527886592,3141,9,66693,4,2020,1654.16
1893675621527886592,3141,9,66693,5,2020,5210.62
1893675621527886592,3141,9,66693,6,2020,5808.79
1893675621527886592,3141,9,66693,7,2020,1460.02
1893675621527886592,3141,9,66693,8,2020,3826.12
1893675621527886592,3141,9,66693,9,2020,4209.98
1893675621527886592,3141,9,66693,10,2020,-2733.09
1893675621527886592,3141,9,66693,11,2020,-6087.76
1893675621527886592,3141,9,66693,12,2020,-9744.66
1896067648869633536,6945,4,14773,1,2020,0.0
1896067648869633536,6945,4,14773,2,2020,0.0
1896067648869633536,6945,4,14773,3,2020,251.65
1896067648869633536,6945,4,14773,4,2020,-838.43
1896067648869633536,6945,4,14773,5,2020,-1214.18
1896067648869633536,6945,4,14773,6,2020,-1214.18
1896067648869633536,6945,4,14773,7,2020,-2183.77
1896067648869633536,6945,4,14773,8,2020,-2183.77
1896067648869633536,6945,4,14773,9,2020,-1337.68
1896067648869633536,6945,4,14773,10,2020,-1337.68
1896067648869633536,6945,4,14773,11,2020,-1337.68
1896067648869633536,6945,4,14773,12,2020,-753.02
1897396107800082432,783,6,81583,1,2020,6283.6
1897396107800082432,783,6,81583,2,2020,5085.98
1897396107800082432,783,6,81583,3,2020,21968.48
1897396107800082432,783,6,81583,4,2020,22119.51
1897396107800082432,783,6,81583,5,2020,15179.69
1897396107800082432,783,6,81583,6,2020,23752.13
1897396107800082432,783,6,81583,7,2020,23453.32
1897396107800082432,783,6,81583,8,2020,18719.65
1897396107800082432,783,6,81583,9,2020,18852.69
1897396107800082432,783,6,81583,10,2020,22306.06
1897396107800082432,783,6,81583,11,2020,17586.32
1897396107800082432,783,6,81583,12,2020,26439.01
1897723756149448192,2983,3,52628,1,2020,-731.67
1897723756149448192,2983,3,52628,2,2020,-1620.04
1897723756149448192,2983,3,52628,3,2020,-2451.28
1897723756149448192,2983,3,52628,4,2020,-3849.14
1897723756149448192,2983,3,52628,5,2020,-3098.41
1897723756149448192,2983,3,52628,6,2020,-1226.3
1897723756149448192,2983,3,52628,7,2020,1860.12
1897723756149448192,2983,3,52628,8,2020,4582.3
1897723756149448192,2983,3,52628,9,2020,5907.89
1897723756149448192,2983,3,52628,10,2020,6507.89
1897723756149448192,2983,3,52628,11,2020,5936.21
1897723756149448192,2983,3,52628,12,2020,5547.67
1898411792739272448,9714,7,93435,1,2020,-7781.85
1898411792739272448,9714,7,93435,2,2020,-9879.8
1898411792739272448,9714,7,93435,3,2020,-10213.75
1898411792739272448,9714,7,93435,4,2020,-11176.95
1898411792739272448,9714,7,93435,5,2020,-8546.66
1898411792739272448,9714,7,93435,6,2020,-10727.83
1898411792739272448,9714,7,93435,7,2020,-11715.69
1898411792739272448,9714,7,93435,8,2020,-14938.54
1898411792739272448,9714,7,93435,9,2020,-16522.59
1898411792739272448,9714,7,93435,10,2020,-20063.77
1898411792739272448,9714,7,93435,11,2020,-23204.03
1898411792739272448,9714,7,93435,12,2020,-24156.87
189909787472602368,3196,0,22604,1,2020,2174.59
189909787472602368,3196,0,22604,2,2020,-844.27
189909787472602368,3196,0,22604,3,2020,-530.01
189909787472602368,3196,0,22604,4,2020,-4754.29
189909787472602368,3196,0,22604,5,2020,8487.37
189909787472602368,3196,0,22604,6,2020,7665.22
189909787472602368,3196,0,22604,7,2020,6111.09
189909787472602368,3196,0,22604,8,2020,-1154.97
189909787472602368,3196,0,22604,9,2020,346.71
189909787472602368,3196,0,22604,10,2020,-4051.63
189909787472602368,3196,0,22604,11,2020,-1238.93
189909787472602368,3196,0,22604,12,2020,-4082.7
1899508429274744576,9267,2,72765,1,2020,-410.3
1899508429274744576,9267,2,72765,2,2020,3801.9
1899508429274744576,9267,2,72765,3,2020,1402.57
1899508429274744576,9267,2,72765,4,2020,3139.31
1899508429274744576,9267,2,72765,5,2020,-1011.98
1899508429274744576,9267,2,72765,6,2020,-5280.88
1899508429274744576,9267,2,72765,7,2020,-8656.68
1899508429274744576,9267,2,72765,8,2020,-4072.97
1899508429274744576,9267,2,72765,9,2020,36.11
1899508429274744576,9267,2,72765,10,2020,2671.98
1899508429274744576,9267,2,72765,11,2020,2623.2
1899508429274744576,9267,2,72765,12,2020,6693.98
1901228823300455680,2963,5,1394,1,2020,1415.74
1901228823300455680,2963,5,1394,2,2020,-2092.86
1901228823300455680,2963,5,1394,3,2020,-7672.45
1901228823300455680,2963,5,1394,4,2020,-9821.69
1901228823300455680,2963,5,1394,5,2020,-13620.61
1901228823300455680,2963,5,1394,6,2020,-9094.19
1901228823300455680,2963,5,1394,7,2020,-953.15
1901228823300455680,2963,5,1394,8,2020,-4808.99
1901228823300455680,2963,5,1394,9,2020,-4761.26
1901228823300455680,2963,5,1394,10,2020,-3741.74
1901228823300455680,2963,5,1394,11,2020,518.24
1901228823300455680,2963,5,1394,12,2020,-6459.43
1901534349752326400,5001,4,2431,1,2020,-3832.92
1901534349752326400,5001,4,2431,2,2020,-4154.92
1901534349752326400,5001,4,2431,3,2020,-453.0
1901534349752326400,5001,4,2431,4,2020,-35.59
1901534349752326400,5001,4,2431,5,2020,-11069.42
1901534349752326400,5001,4,2431,6,2020,-5572.24
1901534349752326400,5001,4,2431,7,2020,-8542.0
1901534349752326400,5001,4,2431,8,2020,-2495.34
1901534349752326400,5001,4,2431,9,2020,5536.86
1901534349752326400,5001,4,2431,10,2020,9696.88
1901534349752326400,5001,4,2431,11,2020,10984.76
1901534349752326400,5001,4,2431,12,2020,17889.11
1902603130831384832,4306,8,40876,1,2020,-5030.45
1902603130831384832,4306,8,40876,2,2020,-7009.76
1902603130831384832,4306,8,40876,3,2020,-7928.08
1902603130831384832,4306,8,40876,4,2020,-13030.12
1902603130831384832,4306,8,40876,5,2020,-11988.49
1902603130831384832,4306,8,40876,6,2020,-5226.2
1902603130831384832,4306,8,40876,7,2020,4475.28
1902603130831384832,4306,8,40876,8,2020,6548.34
1902603130831384832,4306,8,40876,9,2020,5638.24
1902603130831384832,4306,8,40876,10,2020,5782.14
1902603130831384832,4306,8,40876,11,2020,10480.24
1902603130831384832,4306,8,40876,12,2020,3910.02
1903143830159793152,9140,9,15051,1,2020,-314.35
1903143830159793152,9140,9,15051,2,2020,2886.51
1903143830159793152,9140,9,15051,3,2020,1837.11
1903143830159793152,9140,9,15051,4,2020,5932.67
1903143830159793152,9140,9,15051,5,2020,2664.89
1903143830159793152,9140,9,15051,6,2020,14845.43
1903143830159793152,9140,9,15051,7,2020,11013.3
1903143830159793152,9140,9,15051,8,2020,15728.35
1903143830159793152,9140,9,15051,9,2020,18251.69
1903143830159793152,9140,9,15051,10,2020,31047.35
1903143830159793152,9140,9,15051,11,2020,37732.06
1903143830159793152,9140,9,15051,12,2020,32530.68
