1980690092896733184,3281,3,54112,12,2020,-464.29
198221860505019424,4875,1,69498,1,2020,2083.48
198221860505019424,4875,1,69498,2,2020,3903.81
198221860505019424,4875,1,69498,3,2020,2463.53
198221860505019424,4875,1,69498,4,2020,4807.75
198221860505019424,4875,1,69498,5,2020,426.69
198221860505019424,4875,1,69498,6,2020,524.08
198221860505019424,4875,1,69498,7,2020,4111.67
198221860505019424,4875,1,69498,8,2020,6303.77
198221860505019424,4875,1,69498,9,2020,5971.96
198221860505019424,4875,1,69498,10,2020,3498.6
198221860505019424,4875,1,69498,11,2020,2582.66
198221860505019424,4875,1,69498,12,2020,5447.07
1982323845610591488,8501,0,93631,1,2020,-218.01
1982323845610591488,8501,0,93631,2,2020,2271.51
1982323845610591488,8501,0,93631,3,2020,5373.76
1982323845610591488,8501,0,93631,4,2020,-108.4
1982323845610591488,8501,0,93631,5,2020,1644.68
1982323845610591488,8501,0,93631,6,2020,457.55
1982323845610591488,8501,0,93631,7,2020,10643.48
1982323845610591488,8501,0,93631,8,2020,11067.04
1982323845610591488,8501,0,93631,9,2020,8685.18
1982323845610591488,8501,0,93631,10,2020,6561.58
1982323845610591488,8501,0,93631,11,2020,3439.57
1982323845610591488,8501,0,93631,12,2020,60.91
1983209911800934144,5224,1,71430,1,2020,464.93
1983209911800934144,5224,1,71430,2,2020,3500.05
1983209911800934144,5224,1,71430,3,2020,3891.68
1983209911800934144,5224,1,71430,4,2020,5457.6
1983209911800934144,5224,1,71430,5,2020,5457.6
1983209911800934144,5224,1,71430,6,2020,6572.7
1983209911800934144,5224,1,71430,7,2020,6572.7
1983209911800934144,5224,1,71430,8,2020,4735.87
1983209911800934144,5224,1,71430,9,2020,3042.78
1983209911800934144,5224,1,71430,10,2020,3419.32
1983209911800934144,5224,1,71430,11,2020,3419.32
1983209911800934144,5224,1,71430,12,2020,7382.18
1983547629793632000,3383,8,62253,1,2020,-3188.38
1983547629793632000,3383,8,62253,2,2020,-6097.65
1983547629793632000,3383,8,62253,3,2020,-3359.51
1983547629793632000,3383,8,62253,4,2020,-4137.45
1983547629793632000,3383,8,62253,5,2020,-5568.58
1983547629793632000,3383,8,62253,6,2020,-2303.66
1983547629793632000,3383,8,62253,7,2020,-2873.72
1983547629793632000,3383,8,62253,8,2020,-2986.49
1983547629793632000,3383,8,62253,9,2020,-2594.56
1983547629793632000,3383,8,62253,10,2020,1631.33
1983547629793632000,3383,8,62253,11,2020,570.55
1983547629793632000,3383,8,62253,12,2020,-4074.66
1984504363953657600,6135,0,3359,1,2020,3468.82
1984504363953657600,6135,0,3359,2,2020,6338.12
1984504363953657600,6135,0,3359,3,2020,11242.01
1984504363953657600,6135,0,3359,4,2020,12280.76
1984504363953657600,6135,0,3359,5,2020,14740.85
1984504363953657600,6135,0,3359,6,2020,16832.17
1984504363953657600,6135,0,3359,7,2020,15030.82
1984504363953657600,6135,0,3359,8,2020,11194.75
1984504363953657600,6135,0,3359,9,2020,14547.6
1984504363953657600,6135,0,3359,10,2020,12323.27
1984504363953657600,6135,0,3359,11,2020,10167.93
1984504363953657600,6135,0,3359,12,2020,5763.84
1985813703260410368,5584,5,4610,1,2020,3564.89
1985813703260410368,5584,5,4610,2,2020,11296.43
1985813703260410368,5584,5,4610,3,2020,874.99
1985813703260410368,5584,5,4610,4,2020,5275.89
1985813703260410368,5584,5,4610,5,2020,12064.73
1985813703260410368,5584,5,4610,6,2020,8652.57
1985813703260410368,5584,5,4610,7,2020,-929.81
1985813703260410368,5584,5,4610,8,2020,669.74
1985813703260410368,5584,5,4610,9,2020,-3400.23
1985813703260410368,5584,5,4610,10,2020,3712.9
1985813703260410368,5584,5,4610,11,2020,4162.92
1985813703260410368,5584,5,4610,12,2020,-2002.07
1985849640285794304,2368,2,1719,1,2020,0.0
1985849640285794304,2368,2,1719,2,2020,-1892.94
1985849640285794304,2368,2,1719,3,2020,-1892.94
1985849640285794304,2368,2,1719,4,2020,-1422.67
1985849640285794304,2368,2,1719,5,2020,2785.93
1985849640285794304,2368,2,1719,6,2020,-1009.39
1985849640285794304,2368,2,1719,7,2020,2416.42
1985849640285794304,2368,2,1719,8,2020,1056.35
1985849640285794304,2368,2,1719,9,2020,576.75
1985849640285794304,2368,2,1719,10,2020,1457.46
1985849640285794304,2368,2,1719,11,2020,1839.7
1985849640285794304,2368,2,1719,12,2020,1052.37
1985983604725807104,3418,9,84164,1,2020,2208.03
1985983604725807104,3418,9,84164,2,2020,1445.82
1985983604725807104,3418,9,84164,3,2020,1594.42
1985983604725807104,3418,9,84164,4,2020,-330.69
1985983604725807104,3418,9,84164,5,2020,-586.28
1985983604725807104,3418,9,84164,6,2020,-2650.45
1985983604725807104,3418,9,84164,7,2020,3148.44
1985983604725807104,3418,9,84164,8,2020,1246.86
1985983604725807104,3418,9,84164,9,2020,3388.94
1985983604725807104,3418,9,84164,10,2020,6618.74
1985983604725807104,3418,9,84164,11,2020,4367.45
1985983604725807104,3418,9,84164,12,2020,9285.97
1986050916277486080,1341,3,63641,1,2020,-321.84
1986050916277486080,1341,3,63641,2,2020,-3387.29
1986050916277486080,1341,3,63641,3,2020,-4954.41
1986050916277486080,1341,3,63641,4,2020,-8154.96
1986050916277486080,1341,3,63641,5,2020,-11657.28
1986050916277486080,1341,3,63641,6,2020,-7155.47
1986050916277486080,1341,3,63641,7,2020,-9995.16
1986050916277486080,1341,3,63641,8,2020,-5099.61
1986050916277486080,1341,3,63641,9,2020,-9726.17
1986050916277486080,1341,3,63641,10,2020,-10897.7
1986050916277486080,1341,3,63641,11,2020,-11218.37
1986050916277486080,1341,3,63641,12,2020,-6448.0
1986867237076998144,9930,4,33106,1,2020,-1496.47
1986867237076998144,9930,4,33106,2,2020,-6408.34
1986867237076998144,9930,4,33106,3,2020,-7766.84
1986867237076998144,9930,4,33106,4,2020,-894.81
1986867237076998144,9930,4,33106,5,2020,-1807.46
1986867237076998144,9930,4,33106,6,2020,-4927.19
1986867237076998144,9930,4,33106,7,2020,-7907.87
1986867237076998144,9930,4,33106,8,2020,-11485.57
1986867237076998144,9930,4,33106,9,2020,-10335.15
1986867237076998144,9930,4,33106,10,2020,-8736.38
1986867237076998144,9930,4,33106,11,2020,-12973.3
1986867237076998144,9930,4,33106,12,2020,-12412.86
1987066060481299712,2344,5,57453,1,2020,1458.68
1987066060481299712,2344,5,57453,2,2020,1863.65
1987066060481299712,2344,5,57453,3,2020,706.04
1987066060481299712,2344,5,57453,4,2020,2207.42
1987066060481299712,2344,5,57453,5,2020,4725.51
1987066060481299712,2344,5,57453,6,2020,2161.98
1987066060481299712,2344,5,57453,7,2020,-138.5
1987066060481299712,2344,5,57453,8,2020,-2692.63
1987066060481299712,2344,5,57453,9,2020,-2692.63
1987066060481299712,2344,5,57453,10,2020,-5452.82
1987066060481299712,2344,5,57453,11,2020,-5452.82
1987066060481299712,2344,5,57453,12,2020,-3224.56
1987250928101839872,1886,8,90160,1,2020,-1311.08
1987250928101839872,1886,8,90160,2,2020,60.47
1987250928101839872,1886,8,90160,3,2020,-6768.96
1987250928101839872,1886,8,90160,4,2020,-7702.54
1987250928101839872,1886,8,90160,5,2020,-5209.26
1987250928101839872,1886,8,90160,6,2020,-108.05
1987250928101839872,1886,8,90160,7,2020,-2988.87
1987250928101839872,1886,8,90160,8,2020,-1178.17
1987250928101839872,1886,8,90160,9,2020,-127.49
1987250928101839872,1886,8,90160,10,2020,-5108.75
1987250928101839872,1886,8,90160,11,2020,-7943.95
1987250928101839872,1886,8,90160,12,2020,-6996.0
1987852744476106240,912,6,97428,1,2020,6541.59
1987852744476106240,912,6,97428,2,2020,7480.73
1987852744476106240,912,6,97428,3,2020,4688.16
1987852744476106240,912,6,97428,4,2020,7154.39
1987852744476106240,912,6,97428,5,2020,7453.61
1987852744476106240,912,6,97428,6,2020,15135.47
1987852744476106240,912,6,97428,7,2020,7700.21
1987852744476106240,912,6,97428,8,2020,8367.14
1987852744476106240,912,6,97428,9,2020,16217.13
1987852744476106240,912,6,97428,10,2020,14661.78
1987852744476106240,912,6,97428,11,2020,13897.65
1987852744476106240,912,6,97428,12,2020,20528.47
1990137957645979392,3038,2,2771,1,2020,1119.15
1990137957645979392,3038,2,2771,2,2020,-2034.32
1990137957645979392,3038,2,2771,3,2020,-5099.09
1990137957645979392,3038,2,2771,4,2020,-2282.72
1990137957645979392,3038,2,2771,5,2020,-2176.93
1990137957645979392,3038,2,2771,6,2020,-833.18
1990137957645979392,3038,2,2771,7,2020,2897.1
1990137957645979392,3038,2,2771,8,2020,4323.64
1990137957645979392,3038,2,2771,9,2020,719.75
1990137957645979392,3038,2,2771,10,2020,1096.43
1990137957645979392,3038,2,2771,11,2020,-792.72
1990137957645979392,3038,2,2771,12,2020,942.8
1990424655106801664,7076,9,85134,1,2020,1493.34
1990424655106801664,7076,9,85134,2,2020,3115.33
1990424655106801664,7076,9,85134,3,2020,5239.45
1990424655106801664,7076,9,85134,4,2020,5239.45
1990424655106801664,7076,9,85134,5,2020,5357.91
1990424655106801664,7076,9,85134,6,2020,5783.89
1990424655106801664,7076,9,85134,7,2020,7037.69
1990424655106801664,7076,9,85134,8,2020,7926.19
1990424655106801664,7076,9,85134,9,2020,9206.41
1990424655106801664,7076,9,85134,10,2020,8337.32
1990424655106801664,7076,9,85134,11,2020,6566.53
1990424655106801664,7076,9,85134,12,2020,4688.82
1990792314671320320,7099,9,10006,1,2020,1692.92
1990792314671320320,7099,9,10006,2,2020,1499.17
1990792314671320320,7099,9,10006,3,2020,-1567.55
1990792314671320320,7099,9,10006,4,2020,-5408.09
1990792314671320320,7099,9,10006,5,2020,-5052.02
1990792314671320320,7099,9,10006,6,2020,-4066.15
1990792314671320320,7099,9,10006,7,2020,1426.04
1990792314671320320,7099,9,10006,8,2020,2183.48
1990792314671320320,7099,9,10006,9,2020,-2685.52
1990792314671320320,7099,9,10006,10,2020,-2572.43
1990792314671320320,7099,9,10006,11,2020,-2600.12
1990792314671320320,7099,9,10006,12,2020,-5238.48
1991824557053180416,9044,4,90693,1,2020,1072.17
1991824557053180416,9044,4,90693,2,2020,-6453.12
1991824557053180416,9044,4,90693,3,2020,-9161.99
1991824557053180416,9044,4,90693,4,2020,-9437.94
1991824557053180416,9044,4,90693,5,2020,-13728.12
1991824557053180416,9044,4,90693,6,2020,175.44
1991824557053180416,9044,4,90693,7,2020,-1882.99
1991824557053180416,9044,4,90693,8,2020,963.22
1991824557053180416,9044,4,90693,9,2020,3988.35
1991824557053180416,9044,4,90693,10,2020,985.5
1991824557053180416,9044,4,90693,11,2020,-933.57
1991824557053180416,9044,4,90693,12,2020,7605.12
1992590115851488768,5461,6,68625,1,2020,-1289.42
1992590115851488768,5461,6,68625,2,2020,3336.74
1992590115851488768,5461,6,68625,3,2020,-1565.29
1992590115851488768,5461,6,68625,4,2020,-1569.84
1992590115851488768,5461,6,68625,5,2020,-242.27
1992590115851488768,5461,6,68625,6,2020,1788.91
1992590115851488768,5461,6,68625,7,2020,-2912.87
1992590115851488768,5461,6,68625,8,2020,-12036.12
1992590115851488768,5461,6,68625,9,2020,2246.55
1992590115851488768,5461,6,68625,10,2020,4843.59
1992590115851488768,5461,6,68625,11,2020,9049.82
1992590115851488768,5461,6,68625,12,2020,10806.86
1992787575733068800,2352,3,18374,1,2020,2591.44
1992787575733068800,2352,3,18374,2,2020,-1943.37
1992787575733068800,2352,3,18374,3,2020,-2483.72
1992787575733068800,2352,3,18374,4,2020,-8226.2
1992787575733068800,2352,3,18374,5,2020,-12482.28
1992787575733068800,2352,3,18374,6,2020,-13938.47
1992787575733068800,2352,3,18374,7,2020,-2908.38
1992787575733068800,2352,3,18374,8,2020,3404.07
1992787575733068800,2352,3,18374,9,2020,5726.97
1992787575733068800,2352,3,18374,10,2020,-2049.82
1992787575733068800,2352,3,18374,11,2020,6515.47
1992787575733068800,2352,3,18374,12,2020,4985.28
1993441619698147072,7855,4,1975,1,2020,-1900.45
1993441619698147072,7855,4,1975,2,2020,-8839.21
1993441619698147072,7855,4,1975,3,2020,-8121.13
1993441619698147072,7855,4,1975,4,2020,-3422.24
1993441619698147072,7855,4,1975,5,2020,3831.95
1993441619698147072,7855,4,1975,6,2020,-4979.98
1993441619698147072,7855,4,1975,7,2020,-10674.87
1993441619698147072,7855,4,1975,8,2020,-11757.86
1993441619698147072,7855,4,1975,9,2020,-15491.01
