1183986025740465408,4043,4,72201,5,2020,1017.71
1183986025740465408,4043,4,72201,6,2020,1457.15
1183986025740465408,4043,4,72201,7,2020,1457.15
1183986025740465408,4043,4,72201,8,2020,3023.09
1183986025740465408,4043,4,72201,9,2020,4947.56
1183986025740465408,4043,4,72201,10,2020,6820.33
1183986025740465408,4043,4,72201,11,2020,6820.33
1183986025740465408,4043,4,72201,12,2020,6820.33
1184201848651400192,3426,7,16457,1,2020,821.39
1184201848651400192,3426,7,16457,2,2020,1087.47
1184201848651400192,3426,7,16457,3,2020,-40.25
1184201848651400192,3426,7,16457,4,2020,-1053.83
1184201848651400192,3426,7,16457,5,2020,3223.11
1184201848651400192,3426,7,16457,6,2020,2306.93
1184201848651400192,3426,7,16457,7,2020,11154.99
1184201848651400192,3426,7,16457,8,2020,20919.1
1184201848651400192,3426,7,16457,9,2020,19826.95
1184201848651400192,3426,7,16457,10,2020,25725.65
1184201848651400192,3426,7,16457,11,2020,27220.66
1184201848651400192,3426,7,16457,12,2020,22891.85
1184997338439076352,7784,5,36299,1,2020,1038.24
1184997338439076352,7784,5,36299,2,2020,4007.38
1184997338439076352,7784,5,36299,3,2020,4137.13
1184997338439076352,7784,5,36299,4,2020,7420.27
1184997338439076352,7784,5,36299,5,2020,8105.54
1184997338439076352,7784,5,36299,6,2020,1802.38
1184997338439076352,7784,5,36299,7,2020,-944.44
1184997338439076352,7784,5,36299,8,2020,-4072.87
1184997338439076352,7784,5,36299,9,2020,-7540.9
1184997338439076352,7784,5,36299,10,2020,-3195.63
1184997338439076352,7784,5,36299,11,2020,-2227.78
1184997338439076352,7784,5,36299,12,2020,-2994.65
1185001353883719936,156,1,21964,1,2020,3280.51
1185001353883719936,156,1,21964,2,2020,8220.15
1185001353883719936,156,1,21964,3,2020,5472.87
1185001353883719936,156,1,21964,4,2020,11191.83
1185001353883719936,156,1,21964,5,2020,19148.09
1185001353883719936,156,1,21964,6,2020,17171.61
1185001353883719936,156,1,21964,7,2020,17376.73
1185001353883719936,156,1,21964,8,2020,19218.44
1185001353883719936,156,1,21964,9,2020,22023.91
1185001353883719936,156,1,21964,10,2020,28229.14
1185001353883719936,156,1,21964,11,2020,27769.01
1185001353883719936,156,1,21964,12,2020,38418.66
1185864894030962688,1798,1,39195,1,2020,32.6
1185864894030962688,1798,1,39195,2,2020,-183.18
1185864894030962688,1798,1,39195,3,2020,4444.19
1185864894030962688,1798,1,39195,4,2020,9242.32
1185864894030962688,1798,1,39195,5,2020,6381.41
1185864894030962688,1798,1,39195,6,2020,5249.8
1185864894030962688,1798,1,39195,7,2020,2003.13
1185864894030962688,1798,1,39195,8,2020,2826.23
1185864894030962688,1798,1,39195,9,2020,3154.09
1185864894030962688,1798,1,39195,10,2020,4690.9
1185864894030962688,1798,1,39195,11,2020,4996.75
1185864894030962688,1798,1,39195,12,2020,3426.72
1185875650104176384,3269,8,49350,1,2020,2434.79
1185875650104176384,3269,8,49350,2,2020,7258.14
1185875650104176384,3269,8,49350,3,2020,10723.37
1185875650104176384,3269,8,49350,4,2020,6897.79
1185875650104176384,3269,8,49350,5,2020,4766.61
1185875650104176384,3269,8,49350,6,2020,7846.61
1185875650104176384,3269,8,49350,7,2020,8110.06
1185875650104176384,3269,8,49350,8,2020,8810.22
1185875650104176384,3269,8,49350,9,2020,12195.03
1185875650104176384,3269,8,49350,10,2020,3314.56
1185875650104176384,3269,8,49350,11,2020,12913.09
1185875650104176384,3269,8,49350,12,2020,7988.46
1186135383698762240,1044,5,34087,1,2020,-5779.76
1186135383698762240,1044,5,34087,2,2020,-3924.84
1186135383698762240,1044,5,34087,3,2020,-5756.94
1186135383698762240,1044,5,34087,4,2020,-7661.89
1186135383698762240,1044,5,34087,5,2020,-2341.04
1186135383698762240,1044,5,34087,6,2020,-63.91
1186135383698762240,1044,5,34087,7,2020,-7416.92
1186135383698762240,1044,5,34087,8,2020,-1218.63
1186135383698762240,1044,5,34087,9,2020,-2855.25
1186135383698762240,1044,5,34087,10,2020,1296.23
1186135383698762240,1044,5,34087,11,2020,5174.98
1186135383698762240,1044,5,34087,12,2020,2465.79
1186589352919246080,8264,9,65638,1,2020,686.23
1186589352919246080,8264,9,65638,2,2020,3.74
1186589352919246080,8264,9,65638,3,2020,6792.44
1186589352919246080,8264,9,65638,4,2020,7815.28
1186589352919246080,8264,9,65638,5,2020,14716.95
1186589352919246080,8264,9,65638,6,2020,14020.71
1186589352919246080,8264,9,65638,7,2020,14587.69
1186589352919246080,8264,9,65638,8,2020,10923.21
1186589352919246080,8264,9,65638,9,2020,6058.43
1186589352919246080,8264,9,65638,10,2020,6363.73
1186589352919246080,8264,9,65638,11,2020,4680.96
1186589352919246080,8264,9,65638,12,2020,-1896.51
1187383254238527488,4829,0,48284,1,2020,273.07
1187383254238527488,4829,0,48284,2,2020,-2367.02
1187383254238527488,4829,0,48284,3,2020,-3329.75
1187383254238527488,4829,0,48284,4,2020,-5912.81
1187383254238527488,4829,0,48284,5,2020,-6851.39
1187383254238527488,4829,0,48284,6,2020,-6742.32
1187383254238527488,4829,0,48284,7,2020,-5194.4
1187383254238527488,4829,0,48284,8,2020,-7169.6
1187383254238527488,4829,0,48284,9,2020,-7169.6
1187383254238527488,4829,0,48284,10,2020,-4379.69
1187383254238527488,4829,0,48284,11,2020,-892.36
1187383254238527488,4829,0,48284,12,2020,-2021.69
1188119922556041984,7167,5,41372,1,2020,-554.28
1188119922556041984,7167,5,41372,2,2020,-554.28
1188119922556041984,7167,5,41372,3,2020,-3324.37
1188119922556041984,7167,5,41372,4,2020,-4712.08
1188119922556041984,7167,5,41372,5,2020,-5607.09
1188119922556041984,7167,5,41372,6,2020,-3856.26
1188119922556041984,7167,5,41372,7,2020,-5480.5
1188119922556041984,7167,5,41372,8,2020,-5293.86
1188119922556041984,7167,5,41372,9,2020,-3850.78
1188119922556041984,7167,5,41372,10,2020,-3727.79
1188119922556041984,7167,5,41372,11,2020,-2839.55
1188119922556041984,7167,5,41372,12,2020,-2225.35
1188983428128514048,760,0,57843,1,2020,0.0
1188983428128514048,760,0,57843,2,2020,0.0
1188983428128514048,760,0,57843,3,2020,-1862.93
1188983428128514048,760,0,57843,4,2020,-1862.93
1188983428128514048,760,0,57843,5,2020,-1862.93
1188983428128514048,760,0,57843,6,2020,-1818.38
1188983428128514048,760,0,57843,7,2020,-1818.38
1188983428128514048,760,0,57843,8,2020,-2328.57
1188983428128514048,760,0,57843,9,2020,-2328.57
1188983428128514048,760,0,57843,10,2020,-2328.57
1188983428128514048,760,0,57843,11,2020,-3600.56
1188983428128514048,760,0,57843,12,2020,-3600.56
1189313400071555072,5830,0,74085,1,2020,185.89
1189313400071555072,5830,0,74085,2,2020,1762.75
1189313400071555072,5830,0,74085,3,2020,2879.18
1189313400071555072,5830,0,74085,4,2020,-1763.81
1189313400071555072,5830,0,74085,5,2020,-4742.57
1189313400071555072,5830,0,74085,6,2020,-2731.39
1189313400071555072,5830,0,74085,7,2020,-4952.65
1189313400071555072,5830,0,74085,8,2020,-7869.89
1189313400071555072,5830,0,74085,9,2020,-4671.89
1189313400071555072,5830,0,74085,10,2020,-2735.89
1189313400071555072,5830,0,74085,11,2020,1525.33
1189313400071555072,5830,0,74085,12,2020,638.72
1189637438703870976,34,0,78348,1,2020,-6729.57
1189637438703870976,34,0,78348,2,2020,-11471.41
1189637438703870976,34,0,78348,3,2020,-11154.42
1189637438703870976,34,0,78348,4,2020,-7189.36
1189637438703870976,34,0,78348,5,2020,789.35
1189637438703870976,34,0,78348,6,2020,4051.15
1189637438703870976,34,0,78348,7,2020,-4703.54
1189637438703870976,34,0,78348,8,2020,-7361.07
1189637438703870976,34,0,78348,9,2020,-2437.72
1189637438703870976,34,0,78348,10,2020,-4446.64
1189637438703870976,34,0,78348,11,2020,-6440.58
1189637438703870976,34,0,78348,12,2020,2850.37
1190914348107151104,3533,5,73364,1,2020,4928.11
1190914348107151104,3533,5,73364,2,2020,1299.12
1190914348107151104,3533,5,73364,3,2020,4777.95
1190914348107151104,3533,5,73364,4,2020,8356.72
1190914348107151104,3533,5,73364,5,2020,8904.38
1190914348107151104,3533,5,73364,6,2020,2291.48
1190914348107151104,3533,5,73364,7,2020,4244.14
1190914348107151104,3533,5,73364,8,2020,-2325.51
1190914348107151104,3533,5,73364,9,2020,-2168.45
1190914348107151104,3533,5,73364,10,2020,1709.34
1190914348107151104,3533,5,73364,11,2020,8025.46
1190914348107151104,3533,5,73364,12,2020,12007.51
1192952158768389376,7570,6,22784,1,2020,0.0
1192952158768389376,7570,6,22784,2,2020,-3812.61
1192952158768389376,7570,6,22784,3,2020,-7737.84
1192952158768389376,7570,6,22784,4,2020,-10494.15
1192952158768389376,7570,6,22784,5,2020,-6138.09
1192952158768389376,7570,6,22784,6,2020,-3556.85
1192952158768389376,7570,6,22784,7,2020,-2629.14
1192952158768389376,7570,6,22784,8,2020,-4850.16
1192952158768389376,7570,6,22784,9,2020,-6663.82
1192952158768389376,7570,6,22784,10,2020,-14751.21
1192952158768389376,7570,6,22784,11,2020,-14804.17
1192952158768389376,7570,6,22784,12,2020,-9023.1
1192962979515616512,331,9,93831,1,2020,-1347.36
1192962979515616512,331,9,93831,2,2020,-1347.36
1192962979515616512,331,9,93831,3,2020,-2213.68
1192962979515616512,331,9,93831,4,2020,-5052.46
1192962979515616512,331,9,93831,5,2020,-7700.74
1192962979515616512,331,9,93831,6,2020,-9522.38
1192962979515616512,331,9,93831,7,2020,-8598.6
1192962979515616512,331,9,93831,8,2020,-13136.04
1192962979515616512,331,9,93831,9,2020,-16492.99
1192962979515616512,331,9,93831,10,2020,-16375.73
1192962979515616512,331,9,93831,11,2020,-14456.48
1192962979515616512,331,9,93831,12,2020,-14456.48
1193234806014966272,4875,2,80826,1,2020,282.57
1193234806014966272,4875,2,80826,2,2020,3.6
1193234806014966272,4875,2,80826,3,2020,1978.84
1193234806014966272,4875,2,80826,4,2020,750.64
1193234806014966272,4875,2,80826,5,2020,2220.17
1193234806014966272,4875,2,80826,6,2020,2782.35
1193234806014966272,4875,2,80826,7,2020,-308.65
1193234806014966272,4875,2,80826,8,2020,3349.95
1193234806014966272,4875,2,80826,9,2020,4117.84
1193234806014966272,4875,2,80826,10,2020,2317.33
1193234806014966272,4875,2,80826,11,2020,-348.4
1193234806014966272,4875,2,80826,12,2020,-295.68
1194200142771996160,9151,0,22686,1,2020,-1905.83
1194200142771996160,9151,0,22686,2,2020,4111.73
1194200142771996160,9151,0,22686,3,2020,3496.09
1194200142771996160,9151,0,22686,4,2020,7935.53
1194200142771996160,9151,0,22686,5,2020,9243.78
1194200142771996160,9151,0,22686,6,2020,9907.69
1194200142771996160,9151,0,22686,7,2020,6235.67
1194200142771996160,9151,0,22686,8,2020,8686.54
1194200142771996160,9151,0,22686,9,2020,8831.0
1194200142771996160,9151,0,22686,10,2020,6675.19
1194200142771996160,9151,0,22686,11,2020,9070.12
1194200142771996160,9151,0,22686,12,2020,18894.67
1194250273909380864,2737,9,61796,1,2020,-9434.86
1194250273909380864,2737,9,61796,2,2020,-1658.9
1194250273909380864,2737,9,61796,3,2020,7182.74
1194250273909380864,2737,9,61796,4,2020,11776.47
1194250273909380864,2737,9,61796,5,2020,7835.33
1194250273909380864,2737,9,61796,6,2020,13581.58
1194250273909380864,2737,9,61796,7,2020,18740.56
1194250273909380864,2737,9,61796,8,2020,15804.21
1194250273909380864,2737,9,61796,9,2020,8475.02
1194250273909380864,2737,9,61796,10,2020,8415.7
1194250273909380864,2737,9,61796,11,2020,3342.31
1194250273909380864,2737,9,61796,12,2020,-2544.84
1195954516810286080,5639,1,71066,1,2020,-2886.81
1195954516810286080,5639,1,71066,2,2020,-4343.53
1195954516810286080,5639,1,71066,3,2020,-376.95
1195954516810286080,5639,1,71066,4,2020,-2392.41
1195954516810286080,5639,1,71066,5,2020,-2655.96
1195954516810286080,5639,1,71066,6,2020,-425.24
1195954516810286080,5639,1,71066,7,2020,-1242.91
1195954516810286080,5639,1,71066,8,2020,-330.75
1195954516810286080,5639,1,71066,9,2020,1289.7
1195954516810286080,5639,1,71066,10,2020,-3234.61
1195954516810286080,5639,1,71066,11,2020,-2306.59
1195954516810286080,5639,1,71066,12,2020,-1606.38
1196421469614266624,6183,1,33407,1,2020,307.71
1196421469614266624,6183,1,33407,2,2020,540.22
1196421469614266624,6183,1,33407,3,2020,1086.62
1196421469614266624,6183,1,33407,4,2020,3280.87
