1237786860293169152,7029,8,54792,4,2020,705.24
1237786860293169152,7029,8,54792,5,2020,5509.37
1237786860293169152,7029,8,54792,6,2020,2597.06
1237786860293169152,7029,8,54792,7,2020,2122.58
1237786860293169152,7029,8,54792,8,2020,2122.58
1237786860293169152,7029,8,54792,9,2020,619.84
1237786860293169152,7029,8,54792,10,2020,457.87
1237786860293169152,7029,8,54792,11,2020,1936.67
1237786860293169152,7029,8,54792,12,2020,3266.36
1238518501701956608,8208,2,36912,1,2020,-2871.49
1238518501701956608,8208,2,36912,2,2020,-4710.91
1238518501701956608,8208,2,36912,3,2020,-3739.24
1238518501701956608,8208,2,36912,4,2020,-4534.6
1238518501701956608,8208,2,36912,5,2020,-6433.38
1238518501701956608,8208,2,36912,6,2020,-8947.51
1238518501701956608,8208,2,36912,7,2020,-7622.06
1238518501701956608,8208,2,36912,8,2020,-8186.86
1238518501701956608,8208,2,36912,9,2020,-9999.74
1238518501701956608,8208,2,36912,10,2020,-8425.76
1238518501701956608,8208,2,36912,11,2020,-11590.68
1238518501701956608,8208,2,36912,12,2020,-12698.84
1238585744270950912,4245,6,31405,1,2020,-5849.06
1238585744270950912,4245,6,31405,2,2020,-8441.43
1238585744270950912,4245,6,31405,3,2020,-11558.5
1238585744270950912,4245,6,31405,4,2020,-7373.45
1238585744270950912,4245,6,31405,5,2020,-8075.01
1238585744270950912,4245,6,31405,6,2020,-13826.61
1238585744270950912,4245,6,31405,7,2020,-16879.02
1238585744270950912,4245,6,31405,8,2020,-16624.93
1238585744270950912,4245,6,31405,9,2020,-20972.72
1238585744270950912,4245,6,31405,10,2020,-17937.53
1238585744270950912,4245,6,31405,11,2020,-22613.17
1238585744270950912,4245,6,31405,12,2020,-23244.51
1238828952091041536,6277,0,27123,1,2020,-533.67
1238828952091041536,6277,0,27123,2,2020,-2397.14
1238828952091041536,6277,0,27123,3,2020,-1218.59
1238828952091041536,6277,0,27123,4,2020,-1592.89
1238828952091041536,6277,0,27123,5,2020,-3392.96
1238828952091041536,6277,0,27123,6,2020,-4697.07
1238828952091041536,6277,0,27123,7,2020,-4697.07
1238828952091041536,6277,0,27123,8,2020,-6140.99
1238828952091041536,6277,0,27123,9,2020,-6140.99
1238828952091041536,6277,0,27123,10,2020,-6140.99
1238828952091041536,6277,0,27123,11,2020,-5462.6
1238828952091041536,6277,0,27123,12,2020,-5462.6
1239664369125196800,4582,9,53868,1,2020,-1782.23
1239664369125196800,4582,9,53868,2,2020,2130.79
1239664369125196800,4582,9,53868,3,2020,1405.41
1239664369125196800,4582,9,53868,4,2020,1711.16
1239664369125196800,4582,9,53868,5,2020,-3072.39
1239664369125196800,4582,9,53868,6,2020,2604.63
1239664369125196800,4582,9,53868,7,2020,-4409.44
1239664369125196800,4582,9,53868,8,2020,-8410.1
1239664369125196800,4582,9,53868,9,2020,-5608.72
1239664369125196800,4582,9,53868,10,2020,-6404.55
1239664369125196800,4582,9,53868,11,2020,-4372.28
1239664369125196800,4582,9,53868,12,2020,-167.01
1240030629641028608,2494,3,71124,1,2020,2059.38
1240030629641028608,2494,3,71124,2,2020,-3745.11
1240030629641028608,2494,3,71124,3,2020,-7770.75
1240030629641028608,2494,3,71124,4,2020,-8626.72
1240030629641028608,2494,3,71124,5,2020,-9338.11
1240030629641028608,2494,3,71124,6,2020,-15304.49
1240030629641028608,2494,3,71124,7,2020,-15903.2
1240030629641028608,2494,3,71124,8,2020,-22672.17
1240030629641028608,2494,3,71124,9,2020,-20327.91
1240030629641028608,2494,3,71124,10,2020,-24166.15
1240030629641028608,2494,3,71124,11,2020,-25011.5
1240030629641028608,2494,3,71124,12,2020,-19780.1
1240226229327547648,5717,2,17919,1,2020,4179.08
1240226229327547648,5717,2,17919,2,2020,4731.15
1240226229327547648,5717,2,17919,3,2020,7348.27
1240226229327547648,5717,2,17919,4,2020,2997.64
1240226229327547648,5717,2,17919,5,2020,-206.71
1240226229327547648,5717,2,17919,6,2020,-2786.17
1240226229327547648,5717,2,17919,7,2020,-17070.52
1240226229327547648,5717,2,17919,8,2020,-15854.21
1240226229327547648,5717,2,17919,9,2020,-19046.71
1240226229327547648,5717,2,17919,10,2020,-19356.01
1240226229327547648,5717,2,17919,11,2020,-19811.45
1240226229327547648,5717,2,17919,12,2020,-24255.41
1241503024913157632,7117,1,11914,1,2020,3736.81
1241503024913157632,7117,1,11914,2,2020,2979.54
1241503024913157632,7117,1,11914,3,2020,1789.82
1241503024913157632,7117,1,11914,4,2020,4779.96
1241503024913157632,7117,1,11914,5,2020,8005.91
1241503024913157632,7117,1,11914,6,2020,13348.31
1241503024913157632,7117,1,11914,7,2020,11004.1
1241503024913157632,7117,1,11914,8,2020,14041.38
1241503024913157632,7117,1,11914,9,2020,9293.97
1241503024913157632,7117,1,11914,10,2020,9363.47
1241503024913157632,7117,1,11914,11,2020,18908.88
1241503024913157632,7117,1,11914,12,2020,24348.5
1242027027765681920,1992,4,45393,1,2020,-1948.75
1242027027765681920,1992,4,45393,2,2020,-1891.75
1242027027765681920,1992,4,45393,3,2020,-381.19
1242027027765681920,1992,4,45393,4,2020,6843.09
1242027027765681920,1992,4,45393,5,2020,6212.63
1242027027765681920,1992,4,45393,6,2020,5859.69
1242027027765681920,1992,4,45393,7,2020,6945.83
1242027027765681920,1992,4,45393,8,2020,5117.2
1242027027765681920,1992,4,45393,9,2020,1200.47
1242027027765681920,1992,4,45393,10,2020,2755.69
1242027027765681920,1992,4,45393,11,2020,2687.36
1242027027765681920,1992,4,45393,12,2020,1847.9
1243074338859417344,8139,9,79044,1,2020,11825.68
1243074338859417344,8139,9,79044,2,2020,13770.37
1243074338859417344,8139,9,79044,3,2020,18047.82
1243074338859417344,8139,9,79044,4,2020,22654.88
1243074338859417344,8139,9,79044,5,2020,26234.68
1243074338859417344,8139,9,79044,6,2020,31605.25
1243074338859417344,8139,9,79044,7,2020,29464.37
1243074338859417344,8139,9,79044,8,2020,36507.49
1243074338859417344,8139,9,79044,9,2020,39037.92
1243074338859417344,8139,9,79044,10,2020,36529.08
1243074338859417344,8139,9,79044,11,2020,38188.59
1243074338859417344,8139,9,79044,12,2020,42088.07
1245095747848101888,6678,5,8796,1,2020,3934.16
1245095747848101888,6678,5,8796,2,2020,6822.79
1245095747848101888,6678,5,8796,3,2020,1739.62
1245095747848101888,6678,5,8796,4,2020,5635.13
1245095747848101888,6678,5,8796,5,2020,7681.53
1245095747848101888,6678,5,8796,6,2020,11041.71
1245095747848101888,6678,5,8796,7,2020,10437.16
1245095747848101888,6678,5,8796,8,2020,9971.3
1245095747848101888,6678,5,8796,9,2020,11974.08
1245095747848101888,6678,5,8796,10,2020,9487.98
1245095747848101888,6678,5,8796,11,2020,7903.86
1245095747848101888,6678,5,8796,12,2020,11569.97
1246265473809078272,8888,9,48717,1,2020,3129.37
1246265473809078272,8888,9,48717,2,2020,1114.91
1246265473809078272,8888,9,48717,3,2020,1057.05
1246265473809078272,8888,9,48717,4,2020,475.88
1246265473809078272,8888,9,48717,5,2020,5232.11
1246265473809078272,8888,9,48717,6,2020,7987.66
1246265473809078272,8888,9,48717,7,2020,4625.23
1246265473809078272,8888,9,48717,8,2020,4059.39
1246265473809078272,8888,9,48717,9,2020,12883.31
1246265473809078272,8888,9,48717,10,2020,22131.52
1246265473809078272,8888,9,48717,11,2020,22511.13
1246265473809078272,8888,9,48717,12,2020,25590.58
1246284985691882752,6410,0,57532,1,2020,2665.0
1246284985691882752,6410,0,57532,2,2020,6468.27
1246284985691882752,6410,0,57532,3,2020,8249.27
1246284985691882752,6410,0,57532,4,2020,14779.71
1246284985691882752,6410,0,57532,5,2020,11923.92
1246284985691882752,6410,0,57532,6,2020,15234.55
1246284985691882752,6410,0,57532,7,2020,24588.12
1246284985691882752,6410,0,57532,8,2020,26095.92
1246284985691882752,6410,0,57532,9,2020,30737.56
1246284985691882752,6410,0,57532,10,2020,26536.34
1246284985691882752,6410,0,57532,11,2020,20347.38
1246284985691882752,6410,0,57532,12,2020,25389.9
1247141582204829440,3804,6,88114,1,2020,3163.58
1247141582204829440,3804,6,88114,2,2020,5090.47
1247141582204829440,3804,6,88114,3,2020,7963.98
1247141582204829440,3804,6,88114,4,2020,8156.34
1247141582204829440,3804,6,88114,5,2020,11313.57
1247141582204829440,3804,6,88114,6,2020,13289.42
1247141582204829440,3804,6,88114,7,2020,13350.68
1247141582204829440,3804,6,88114,8,2020,13176.84
1247141582204829440,3804,6,88114,9,2020,14241.39
1247141582204829440,3804,6,88114,10,2020,14448.59
1247141582204829440,3804,6,88114,11,2020,15014.13
1247141582204829440,3804,6,88114,12,2020,20239.53
1247269808266586880,6319,3,87818,1,2020,-2776.57
1247269808266586880,6319,3,87818,2,2020,-1183.84
1247269808266586880,6319,3,87818,3,2020,-3694.27
1247269808266586880,6319,3,87818,4,2020,-508.37
1247269808266586880,6319,3,87818,5,2020,-481.81
1247269808266586880,6319,3,87818,6,2020,-3777.38
1247269808266586880,6319,3,87818,7,2020,-6021.7
1247269808266586880,6319,3,87818,8,2020,-8118.64
1247269808266586880,6319,3,87818,9,2020,-16054.13
1247269808266586880,6319,3,87818,10,2020,-10454.3
1247269808266586880,6319,3,87818,11,2020,-8944.67
1247269808266586880,6319,3,87818,12,2020,-7453.43
1247577745142046208,7899,8,67728,1,2020,1316.88
1247577745142046208,7899,8,67728,2,2020,3958.69
1247577745142046208,7899,8,67728,3,2020,2819.09
1247577745142046208,7899,8,67728,4,2020,3205.74
1247577745142046208,7899,8,67728,5,2020,3651.6
1247577745142046208,7899,8,67728,6,2020,5374.35
1247577745142046208,7899,8,67728,7,2020,6291.03
1247577745142046208,7899,8,67728,8,2020,6582.33
1247577745142046208,7899,8,67728,9,2020,6582.33
1247577745142046208,7899,8,67728,10,2020,4531.64
1247577745142046208,7899,8,67728,11,2020,7327.6
1247577745142046208,7899,8,67728,12,2020,6101.5
1248911604588442880,8274,7,80444,1,2020,4662.16
1248911604588442880,8274,7,80444,2,2020,8957.33
1248911604588442880,8274,7,80444,3,2020,8879.82
1248911604588442880,8274,7,80444,4,2020,13392.7
1248911604588442880,8274,7,80444,5,2020,17313.19
1248911604588442880,8274,7,80444,6,2020,12602.84
1248911604588442880,8274,7,80444,7,2020,13701.84
1248911604588442880,8274,7,80444,8,2020,13240.42
1248911604588442880,8274,7,80444,9,2020,8549.47
1248911604588442880,8274,7,80444,10,2020,5830.75
1248911604588442880,8274,7,80444,11,2020,7533.18
1248911604588442880,8274,7,80444,12,2020,3612.0
1249309424932532224,7895,2,82368,1,2020,0.0
1249309424932532224,7895,2,82368,2,2020,-773.35
1249309424932532224,7895,2,82368,3,2020,-508.65
1249309424932532224,7895,2,82368,4,2020,231.7
1249309424932532224,7895,2,82368,5,2020,231.7
1249309424932532224,7895,2,82368,6,2020,231.7
1249309424932532224,7895,2,82368,7,2020,34.16
1249309424932532224,7895,2,82368,8,2020,-1949.12
1249309424932532224,7895,2,82368,9,2020,228.65
1249309424932532224,7895,2,82368,10,2020,228.65
1249309424932532224,7895,2,82368,11,2020,-1006.94
1249309424932532224,7895,2,82368,12,2020,-1006.94
125102738137855808,9359,4,41752,1,2020,3115.78
125102738137855808,9359,4,41752,2,2020,7283.56
125102738137855808,9359,4,41752,3,2020,8667.67
125102738137855808,9359,4,41752,4,2020,3025.01
125102738137855808,9359,4,41752,5,2020,-2421.21
125102738137855808,9359,4,41752,6,2020,-21058.16
125102738137855808,9359,4,41752,7,2020,-20820.02
125102738137855808,9359,4,41752,8,2020,-12447.76
125102738137855808,9359,4,41752,9,2020,-12286.51
125102738137855808,9359,4,41752,10,2020,-16168.33
125102738137855808,9359,4,41752,11,2020,-16917.44
125102738137855808,9359,4,41752,12,2020,-17183.71
1251231251708952064,9519,9,48064,1,2020,434.15
1251231251708952064,9519,9,48064,2,2020,-3137.98
1251231251708952064,9519,9,48064,3,2020,-7389.1
1251231251708952064,9519,9,48064,4,2020,-8988.86
1251231251708952064,9519,9,48064,5,2020,-8124.16
1251231251708952064,9519,9,48064,6,2020,-4761.34
1251231251708952064,9519,9,48064,7,2020,-4096.23
1251231251708952064,9519,9,48064,8,2020,-7771.31
1251231251708952064,9519,9,48064,9,2020,-5341.15
1251231251708952064,9519,9,48064,10,2020,-3549.3
1251231251708952064,9519,9,48064,11,2020,-1738.96
1251231251708952064,9519,9,48064,12,2020,-3583.45
1251928870186504960,3953,8,85830,1,2020,-74.24
1251928870186504960,3953,8,85830,2,2020,-1476.44
1251928870186504960,3953,8,85830,3,2020,-3147.57
