201978581803671552,8462,0,66208,11,2020,4141.13
201978581803671552,8462,0,66208,12,2020,-2041.98
2021661465773919488,3558,4,68791,1,2020,5367.61
2021661465773919488,3558,4,68791,2,2020,6161.72
2021661465773919488,3558,4,68791,3,2020,6016.78
2021661465773919488,3558,4,68791,4,2020,87.62
2021661465773919488,3558,4,68791,5,2020,3407.74
2021661465773919488,3558,4,68791,6,2020,7991.11
2021661465773919488,3558,4,68791,7,2020,6303.95
2021661465773919488,3558,4,68791,8,2020,2941.77
2021661465773919488,3558,4,68791,9,2020,-6405.57
2021661465773919488,3558,4,68791,10,2020,-4355.51
2021661465773919488,3558,4,68791,11,2020,-13473.01
2021661465773919488,3558,4,68791,12,2020,-11873.27
2021672275944896256,5554,6,88777,1,2020,2148.05
2021672275944896256,5554,6,88777,2,2020,5021.98
2021672275944896256,5554,6,88777,3,2020,-465.31
2021672275944896256,5554,6,88777,4,2020,3034.57
2021672275944896256,5554,6,88777,5,2020,1728.44
2021672275944896256,5554,6,88777,6,2020,2676.83
2021672275944896256,5554,6,88777,7,2020,1404.33
2021672275944896256,5554,6,88777,8,2020,5204.99
2021672275944896256,5554,6,88777,9,2020,4672.57
2021672275944896256,5554,6,88777,10,2020,7800.59
2021672275944896256,5554,6,88777,11,2020,8900.13
2021672275944896256,5554,6,88777,12,2020,-1440.06
2021833615948403200,862,7,26228,1,2020,1509.31
2021833615948403200,862,7,26228,2,2020,2516.27
2021833615948403200,862,7,26228,3,2020,2102.23
2021833615948403200,862,7,26228,4,2020,1692.24
2021833615948403200,862,7,26228,5,2020,-2340.11
2021833615948403200,862,7,26228,6,2020,-3999.96
2021833615948403200,862,7,26228,7,2020,504.31
2021833615948403200,862,7,26228,8,2020,1407.62
2021833615948403200,862,7,26228,9,2020,2427.38
2021833615948403200,862,7,26228,10,2020,7391.86
2021833615948403200,862,7,26228,11,2020,4711.02
2021833615948403200,862,7,26228,12,2020,-3709.63
2022606109216780544,2718,5,12732,1,2020,4923.0
2022606109216780544,2718,5,12732,2,2020,383.24
2022606109216780544,2718,5,12732,3,2020,3482.29
2022606109216780544,2718,5,12732,4,2020,3236.98
2022606109216780544,2718,5,12732,5,2020,-369.23
2022606109216780544,2718,5,12732,6,2020,-2996.06
2022606109216780544,2718,5,12732,7,2020,3736.63
2022606109216780544,2718,5,12732,8,2020,5384.16
2022606109216780544,2718,5,12732,9,2020,-700.25
2022606109216780544,2718,5,12732,10,2020,-6093.85
2022606109216780544,2718,5,12732,11,2020,-7266.5
2022606109216780544,2718,5,12732,12,2020,-9745.47
202286437787667456,7680,2,48254,1,2020,3576.71
202286437787667456,7680,2,48254,2,2020,4873.28
202286437787667456,7680,2,48254,3,2020,972.61
202286437787667456,7680,2,48254,4,2020,2612.32
202286437787667456,7680,2,48254,5,2020,8566.2
202286437787667456,7680,2,48254,6,2020,11296.65
202286437787667456,7680,2,48254,7,2020,13986.1
202286437787667456,7680,2,48254,8,2020,8831.08
202286437787667456,7680,2,48254,9,2020,11819.16
202286437787667456,7680,2,48254,10,2020,9887.15
202286437787667456,7680,2,48254,11,2020,12748.11
202286437787667456,7680,2,48254,12,2020,22405.25
2024212624753621504,5704,7,72251,1,2020,-649.31
2024212624753621504,5704,7,72251,2,2020,-3421.11
2024212624753621504,5704,7,72251,3,2020,-4576.49
2024212624753621504,5704,7,72251,4,2020,-7058.54
2024212624753621504,5704,7,72251,5,2020,-2385.09
2024212624753621504,5704,7,72251,6,2020,-1320.07
2024212624753621504,5704,7,72251,7,2020,-1982.2
2024212624753621504,5704,7,72251,8,2020,811.58
2024212624753621504,5704,7,72251,9,2020,3896.83
2024212624753621504,5704,7,72251,10,2020,4552.64
2024212624753621504,5704,7,72251,11,2020,2518.74
2024212624753621504,5704,7,72251,12,2020,5984.01
2024539160597488640,6469,4,65229,1,2020,-1996.11
2024539160597488640,6469,4,65229,2,2020,-4975.29
2024539160597488640,6469,4,65229,3,2020,-4668.75
2024539160597488640,6469,4,65229,4,2020,-1230.01
2024539160597488640,6469,4,65229,5,2020,-3441.27
2024539160597488640,6469,4,65229,6,2020,-4392.09
2024539160597488640,6469,4,65229,7,2020,-4023.18
2024539160597488640,6469,4,65229,8,2020,1460.43
2024539160597488640,6469,4,65229,9,2020,1149.46
2024539160597488640,6469,4,65229,10,2020,736.12
2024539160597488640,6469,4,65229,11,2020,-1297.79
2024539160597488640,6469,4,65229,12,2020,-5596.94
2024987898392435200,5328,9,32844,1,2020,-4961.96
2024987898392435200,5328,9,32844,2,2020,-2269.75
2024987898392435200,5328,9,32844,3,2020,1469.75
2024987898392435200,5328,9,32844,4,2020,-1780.78
2024987898392435200,5328,9,32844,5,2020,-552.01
2024987898392435200,5328,9,32844,6,2020,1219.39
2024987898392435200,5328,9,32844,7,2020,-2826.0
2024987898392435200,5328,9,32844,8,2020,-4228.27
2024987898392435200,5328,9,32844,9,2020,-3507.48
2024987898392435200,5328,9,32844,10,2020,-7974.12
2024987898392435200,5328,9,32844,11,2020,-7303.8
2024987898392435200,5328,9,32844,12,2020,-8498.48
202575175337309408,5418,1,99070,1,2020,-4458.38
202575175337309408,5418,1,99070,2,2020,-3299.39
202575175337309408,5418,1,99070,3,2020,-3150.73
202575175337309408,5418,1,99070,4,2020,-6578.7
202575175337309408,5418,1,99070,5,2020,-3608.94
202575175337309408,5418,1,99070,6,2020,-4388.22
202575175337309408,5418,1,99070,7,2020,-6129.78
202575175337309408,5418,1,99070,8,2020,-11180.38
202575175337309408,5418,1,99070,9,2020,-13037.49
202575175337309408,5418,1,99070,10,2020,-16563.75
202575175337309408,5418,1,99070,11,2020,-20281.34
202575175337309408,5418,1,99070,12,2020,-17235.96
2025768480184369664,1907,7,20898,1,2020,-1203.23
2025768480184369664,1907,7,20898,2,2020,1035.39
2025768480184369664,1907,7,20898,3,2020,-5247.58
2025768480184369664,1907,7,20898,4,2020,-4317.78
2025768480184369664,1907,7,20898,5,2020,-6141.41
2025768480184369664,1907,7,20898,6,2020,-9622.89
2025768480184369664,1907,7,20898,7,2020,-18000.25
2025768480184369664,1907,7,20898,8,2020,-18546.04
2025768480184369664,1907,7,20898,9,2020,-24758.55
2025768480184369664,1907,7,20898,10,2020,-24952.56
2025768480184369664,1907,7,20898,11,2020,-34517.58
2025768480184369664,1907,7,20898,12,2020,-27514.7
2026037209247281152,9877,1,21157,1,2020,747.84
2026037209247281152,9877,1,21157,2,2020,-939.63
2026037209247281152,9877,1,21157,3,2020,7358.06
2026037209247281152,9877,1,21157,4,2020,5763.96
2026037209247281152,9877,1,21157,5,2020,2540.85
2026037209247281152,9877,1,21157,6,2020,4510.49
2026037209247281152,9877,1,21157,7,2020,4639.73
2026037209247281152,9877,1,21157,8,2020,10224.5
2026037209247281152,9877,1,21157,9,2020,9161.36
2026037209247281152,9877,1,21157,10,2020,8223.09
2026037209247281152,9877,1,21157,11,2020,14854.83
2026037209247281152,9877,1,21157,12,2020,9320.16
202829683531391040,443,2,17174,1,2020,-2714.72
202829683531391040,443,2,17174,2,2020,-3554.15
202829683531391040,443,2,17174,3,2020,-7690.91
202829683531391040,443,2,17174,4,2020,-4338.14
202829683531391040,443,2,17174,5,2020,-10213.03
202829683531391040,443,2,17174,6,2020,-5623.78
202829683531391040,443,2,17174,7,2020,4235.08
202829683531391040,443,2,17174,8,2020,-1428.07
202829683531391040,443,2,17174,9,2020,5309.96
202829683531391040,443,2,17174,10,2020,-1276.76
202829683531391040,443,2,17174,11,2020,-3746.59
202829683531391040,443,2,17174,12,2020,-3131.62
2028360947964291840,6891,4,65475,1,2020,3439.15
2028360947964291840,6891,4,65475,2,2020,9593.48
2028360947964291840,6891,4,65475,3,2020,3240.06
2028360947964291840,6891,4,65475,4,2020,1038.55
2028360947964291840,6891,4,65475,5,2020,5048.07
2028360947964291840,6891,4,65475,6,2020,321.91
2028360947964291840,6891,4,65475,7,2020,-546.12
2028360947964291840,6891,4,65475,8,2020,3.62
2028360947964291840,6891,4,65475,9,2020,-3639.07
2028360947964291840,6891,4,65475,10,2020,8219.15
2028360947964291840,6891,4,65475,11,2020,1971.29
2028360947964291840,6891,4,65475,12,2020,2597.13
202873121216153728,1745,2,33412,1,2020,-2724.75
202873121216153728,1745,2,33412,2,2020,-1135.94
202873121216153728,1745,2,33412,3,2020,2123.87
202873121216153728,1745,2,33412,4,2020,5311.06
202873121216153728,1745,2,33412,5,2020,280.53
202873121216153728,1745,2,33412,6,2020,5117.35
202873121216153728,1745,2,33412,7,2020,4348.98
202873121216153728,1745,2,33412,8,2020,1465.8
202873121216153728,1745,2,33412,9,2020,4581.08
202873121216153728,1745,2,33412,10,2020,4931.56
202873121216153728,1745,2,33412,11,2020,4161.41
202873121216153728,1745,2,33412,12,2020,7992.93
2028908029051604992,9868,6,39951,1,2020,8384.03
2028908029051604992,9868,6,39951,2,2020,5656.4
2028908029051604992,9868,6,39951,3,2020,954.15
2028908029051604992,9868,6,39951,4,2020,-2198.72
2028908029051604992,9868,6,39951,5,2020,-4043.76
2028908029051604992,9868,6,39951,6,2020,-5892.07
2028908029051604992,9868,6,39951,7,2020,-11465.59
2028908029051604992,9868,6,39951,8,2020,-13925.74
2028908029051604992,9868,6,39951,9,2020,-5446.19
2028908029051604992,9868,6,39951,10,2020,-7438.61
2028908029051604992,9868,6,39951,11,2020,-10114.23
2028908029051604992,9868,6,39951,12,2020,-10749.54
2029235248023764480,2007,7,49343,1,2020,-471.4
2029235248023764480,2007,7,49343,2,2020,-471.4
2029235248023764480,2007,7,49343,3,2020,-471.4
2029235248023764480,2007,7,49343,4,2020,-1115.57
2029235248023764480,2007,7,49343,5,2020,-1115.57
2029235248023764480,2007,7,49343,6,2020,-1885.22
2029235248023764480,2007,7,49343,7,2020,-3124.75
2029235248023764480,2007,7,49343,8,2020,-3124.75
2029235248023764480,2007,7,49343,9,2020,-3588.77
2029235248023764480,2007,7,49343,10,2020,-3588.77
2029235248023764480,2007,7,49343,11,2020,-4511.62
2029235248023764480,2007,7,49343,12,2020,-4129.49
2029467480050634240,4337,4,28870,1,2020,1741.66
2029467480050634240,4337,4,28870,2,2020,-1384.97
2029467480050634240,4337,4,28870,3,2020,-602.04
2029467480050634240,4337,4,28870,4,2020,1289.06
2029467480050634240,4337,4,28870,5,2020,2987.02
2029467480050634240,4337,4,28870,6,2020,2094.75
2029467480050634240,4337,4,28870,7,2020,1528.53
2029467480050634240,4337,4,28870,8,2020,-5761.26
2029467480050634240,4337,4,28870,9,2020,-1627.03
2029467480050634240,4337,4,28870,10,2020,-1962.42
2029467480050634240,4337,4,28870,11,2020,-5317.49
2029467480050634240,4337,4,28870,12,2020,-2967.62
2029973033866213632,9963,0,5405,1,2020,7652.61
2029973033866213632,9963,0,5405,2,2020,16361.69
2029973033866213632,9963,0,5405,3,2020,14838.39
2029973033866213632,9963,0,5405,4,2020,19078.28
2029973033866213632,9963,0,5405,5,2020,17883.68
2029973033866213632,9963,0,5405,6,2020,20652.29
2029973033866213632,9963,0,5405,7,2020,26772.79
2029973033866213632,9963,0,5405,8,2020,27001.15
2029973033866213632,9963,0,5405,9,2020,28798.23
2029973033866213632,9963,0,5405,10,2020,23274.79
2029973033866213632,9963,0,5405,11,2020,28733.92
2029973033866213632,9963,0,5405,12,2020,22175.96
2030177969927839744,1684,6,14372,1,2020,1244.62
2030177969927839744,1684,6,14372,2,2020,-1566.78
2030177969927839744,1684,6,14372,3,2020,192.54
2030177969927839744,1684,6,14372,4,2020,-3703.33
2030177969927839744,1684,6,14372,5,2020,-11946.04
2030177969927839744,1684,6,14372,6,2020,-10052.93
2030177969927839744,1684,6,14372,7,2020,-16768.13
2030177969927839744,1684,6,14372,8,2020,-20826.41
2030177969927839744,1684,6,14372,9,2020,-19981.03
2030177969927839744,1684,6,14372,10,2020,-17941.91
2030177969927839744,1684,6,14372,11,2020,-28371.96
2030177969927839744,1684,6,14372,12,2020,-39408.55
2030851141073173504,5334,3,14093,1,2020,4955.59
2030851141073173504,5334,3,14093,2,2020,18289.76
2030851141073173504,5334,3,14093,3,2020,13092.69
2030851141073173504,5334,3,14093,4,2020,11031.78
2030851141073173504,5334,3,14093,5,2020,5827.41
2030851141073173504,5334,3,14093,6,2020,346.65
2030851141073173504,5334,3,14093,7,2020,-8063.41
2030851141073173504,5334,3,14093,8,2020,-3225.38
2030851141073173504,5334,3,14093,9,2020,-3694.35
