1251928870186504960,3953,8,85830,4,2020,-4278.61
1251928870186504960,3953,8,85830,5,2020,-4207.87
1251928870186504960,3953,8,85830,6,2020,-6402.02
1251928870186504960,3953,8,85830,7,2020,-150.84
1251928870186504960,3953,8,85830,8,2020,4695.33
1251928870186504960,3953,8,85830,9,2020,-1549.96
1251928870186504960,3953,8,85830,10,2020,-2292.37
1251928870186504960,3953,8,85830,11,2020,-8669.02
1251928870186504960,3953,8,85830,12,2020,-12634.59
1254109614846334720,3996,0,9269,1,2020,-784.4
1254109614846334720,3996,0,9269,2,2020,-6692.29
1254109614846334720,3996,0,9269,3,2020,1884.99
1254109614846334720,3996,0,9269,4,2020,-9921.78
1254109614846334720,3996,0,9269,5,2020,-19838.06
1254109614846334720,3996,0,9269,6,2020,-13775.26
1254109614846334720,3996,0,9269,7,2020,-10684.89
1254109614846334720,3996,0,9269,8,2020,-13583.69
1254109614846334720,3996,0,9269,9,2020,-4443.85
1254109614846334720,3996,0,9269,10,2020,-15889.92
1254109614846334720,3996,0,9269,11,2020,-20674.79
1254109614846334720,3996,0,9269,12,2020,-19601.12
1254353277517269248,8207,6,93659,1,2020,2995.66
1254353277517269248,8207,6,93659,2,2020,2399.38
1254353277517269248,8207,6,93659,3,2020,242.39
1254353277517269248,8207,6,93659,4,2020,1891.84
1254353277517269248,8207,6,93659,5,2020,-2027.2
1254353277517269248,8207,6,93659,6,2020,-5628.54
1254353277517269248,8207,6,93659,7,2020,-774.09
1254353277517269248,8207,6,93659,8,2020,-9823.2
1254353277517269248,8207,6,93659,9,2020,-15596.45
1254353277517269248,8207,6,93659,10,2020,-9860.43
1254353277517269248,8207,6,93659,11,2020,-8261.65
1254353277517269248,8207,6,93659,12,2020,-9078.26
1256388216455991296,9387,5,25376,1,2020,8856.61
1256388216455991296,9387,5,25376,2,2020,11464.3
1256388216455991296,9387,5,25376,3,2020,15351.4
1256388216455991296,9387,5,25376,4,2020,18603.68
1256388216455991296,9387,5,25376,5,2020,21869.09
1256388216455991296,9387,5,25376,6,2020,24902.27
1256388216455991296,9387,5,25376,7,2020,26317.36
1256388216455991296,9387,5,25376,8,2020,23005.21
1256388216455991296,9387,5,25376,9,2020,25351.44
1256388216455991296,9387,5,25376,10,2020,31527.45
1256388216455991296,9387,5,25376,11,2020,32893.59
1256388216455991296,9387,5,25376,12,2020,32595.46
125737692260642688,8723,2,83085,1,2020,1658.61
125737692260642688,8723,2,83085,2,2020,394.74
125737692260642688,8723,2,83085,3,2020,394.74
125737692260642688,8723,2,83085,4,2020,1533.34
125737692260642688,8723,2,83085,5,2020,-1054.56
125737692260642688,8723,2,83085,6,2020,640.94
125737692260642688,8723,2,83085,7,2020,2460.66
125737692260642688,8723,2,83085,8,2020,3595.6
125737692260642688,8723,2,83085,9,2020,4089.84
125737692260642688,8723,2,83085,10,2020,7101.19
125737692260642688,8723,2,83085,11,2020,5530.04
125737692260642688,8723,2,83085,12,2020,4707.39
1260574981861203968,9457,5,19486,1,2020,1730.89
1260574981861203968,9457,5,19486,2,2020,3382.96
1260574981861203968,9457,5,19486,3,2020,7550.38
1260574981861203968,9457,5,19486,4,2020,8021.33
1260574981861203968,9457,5,19486,5,2020,8202.75
1260574981861203968,9457,5,19486,6,2020,8372.76
1260574981861203968,9457,5,19486,7,2020,1216.68
1260574981861203968,9457,5,19486,8,2020,4078.25
1260574981861203968,9457,5,19486,9,2020,514.55
1260574981861203968,9457,5,19486,10,2020,8821.9
1260574981861203968,9457,5,19486,11,2020,9310.36
1260574981861203968,9457,5,19486,12,2020,17089.69
1261065807084123136,3714,0,27784,1,2020,-985.02
1261065807084123136,3714,0,27784,2,2020,-446.57
1261065807084123136,3714,0,27784,3,2020,-108.57
1261065807084123136,3714,0,27784,4,2020,-7103.78
1261065807084123136,3714,0,27784,5,2020,-5411.51
1261065807084123136,3714,0,27784,6,2020,-2092.34
1261065807084123136,3714,0,27784,7,2020,736.0
1261065807084123136,3714,0,27784,8,2020,-1698.79
1261065807084123136,3714,0,27784,9,2020,1132.49
1261065807084123136,3714,0,27784,10,2020,2739.42
1261065807084123136,3714,0,27784,11,2020,1370.94
1261065807084123136,3714,0,27784,12,2020,7648.23
1261233074591738368,4505,4,20180,1,2020,2669.78
1261233074591738368,4505,4,20180,2,2020,813.79
1261233074591738368,4505,4,20180,3,2020,5559.37
1261233074591738368,4505,4,20180,4,2020,8168.15
1261233074591738368,4505,4,20180,5,2020,10938.84
1261233074591738368,4505,4,20180,6,2020,12123.22
1261233074591738368,4505,4,20180,7,2020,17524.4
1261233074591738368,4505,4,20180,8,2020,14105.1
1261233074591738368,4505,4,20180,9,2020,14685.58
1261233074591738368,4505,4,20180,10,2020,13312.62
1261233074591738368,4505,4,20180,11,2020,13204.06
1261233074591738368,4505,4,20180,12,2020,11691.73
1263335813788286464,9470,5,35366,1,2020,2118.32
1263335813788286464,9470,5,35366,2,2020,2848.57
1263335813788286464,9470,5,35366,3,2020,4142.54
1263335813788286464,9470,5,35366,4,2020,63.11
1263335813788286464,9470,5,35366,5,2020,-1671.05
1263335813788286464,9470,5,35366,6,2020,-3331.79
1263335813788286464,9470,5,35366,7,2020,-3324.12
1263335813788286464,9470,5,35366,8,2020,1385.48
1263335813788286464,9470,5,35366,9,2020,3385.7
1263335813788286464,9470,5,35366,10,2020,3573.88
1263335813788286464,9470,5,35366,11,2020,3319.73
1263335813788286464,9470,5,35366,12,2020,10297.2
1263891529623043840,8730,0,92570,1,2020,6317.64
1263891529623043840,8730,0,92570,2,2020,2306.43
1263891529623043840,8730,0,92570,3,2020,5533.09
1263891529623043840,8730,0,92570,4,2020,9667.67
1263891529623043840,8730,0,92570,5,2020,12112.27
1263891529623043840,8730,0,92570,6,2020,13651.14
1263891529623043840,8730,0,92570,7,2020,16910.95
1263891529623043840,8730,0,92570,8,2020,25573.66
1263891529623043840,8730,0,92570,9,2020,23048.34
1263891529623043840,8730,0,92570,10,2020,27693.19
1263891529623043840,8730,0,92570,11,2020,24746.53
1263891529623043840,8730,0,92570,12,2020,24211.41
1263907934571037184,2372,8,60379,1,2020,-227.02
1263907934571037184,2372,8,60379,2,2020,1990.46
1263907934571037184,2372,8,60379,3,2020,6423.62
1263907934571037184,2372,8,60379,4,2020,8617.02
1263907934571037184,2372,8,60379,5,2020,10700.4
1263907934571037184,2372,8,60379,6,2020,14222.0
1263907934571037184,2372,8,60379,7,2020,12715.61
1263907934571037184,2372,8,60379,8,2020,13101.36
1263907934571037184,2372,8,60379,9,2020,13379.88
1263907934571037184,2372,8,60379,10,2020,12255.52
1263907934571037184,2372,8,60379,11,2020,12255.52
1263907934571037184,2372,8,60379,12,2020,10993.41
1264835318326348800,1646,6,34993,1,2020,-1123.43
1264835318326348800,1646,6,34993,2,2020,-3054.11
1264835318326348800,1646,6,34993,3,2020,31.6
1264835318326348800,1646,6,34993,4,2020,575.01
1264835318326348800,1646,6,34993,5,2020,3467.78
1264835318326348800,1646,6,34993,6,2020,3943.58
1264835318326348800,1646,6,34993,7,2020,6393.57
1264835318326348800,1646,6,34993,8,2020,5256.0
1264835318326348800,1646,6,34993,9,2020,6313.92
1264835318326348800,1646,6,34993,10,2020,4524.99
1264835318326348800,1646,6,34993,11,2020,6315.89
1264835318326348800,1646,6,34993,12,2020,6315.89
1264965486982716928,1357,9,32779,1,2020,8338.56
1264965486982716928,1357,9,32779,2,2020,10947.52
1264965486982716928,1357,9,32779,3,2020,7254.96
1264965486982716928,1357,9,32779,4,2020,6426.37
1264965486982716928,1357,9,32779,5,2020,-1019.68
1264965486982716928,1357,9,32779,6,2020,-157.9
1264965486982716928,1357,9,32779,7,2020,6081.74
1264965486982716928,1357,9,32779,8,2020,3012.65
1264965486982716928,1357,9,32779,9,2020,-2119.92
1264965486982716928,1357,9,32779,10,2020,-5652.24
1264965486982716928,1357,9,32779,11,2020,-4714.86
1264965486982716928,1357,9,32779,12,2020,3190.56
1265077858622271232,5176,2,50627,1,2020,4464.7
1265077858622271232,5176,2,50627,2,2020,2534.55
1265077858622271232,5176,2,50627,3,2020,4222.81
1265077858622271232,5176,2,50627,4,2020,12941.17
1265077858622271232,5176,2,50627,5,2020,8446.67
1265077858622271232,5176,2,50627,6,2020,244.56
1265077858622271232,5176,2,50627,7,2020,530.27
1265077858622271232,5176,2,50627,8,2020,13343.53
1265077858622271232,5176,2,50627,9,2020,10786.47
1265077858622271232,5176,2,50627,10,2020,1082.24
1265077858622271232,5176,2,50627,11,2020,-2144.63
1265077858622271232,5176,2,50627,12,2020,991.13
1265317351166418944,334,0,14891,1,2020,0.0
1265317351166418944,334,0,14891,2,2020,0.0
1265317351166418944,334,0,14891,3,2020,0.0
1265317351166418944,334,0,14891,4,2020,-1044.62
1265317351166418944,334,0,14891,5,2020,-3410.96
1265317351166418944,334,0,14891,6,2020,-3410.96
1265317351166418944,334,0,14891,7,2020,-1247.54
1265317351166418944,334,0,14891,8,2020,-107.34
1265317351166418944,334,0,14891,9,2020,-1793.68
1265317351166418944,334,0,14891,10,2020,-3471.46
1265317351166418944,334,0,14891,11,2020,-4957.97
1265317351166418944,334,0,14891,12,2020,-4323.94
1265414401054377728,9397,9,77648,1,2020,-1258.47
1265414401054377728,9397,9,77648,2,2020,1071.32
1265414401054377728,9397,9,77648,3,2020,-494.25
1265414401054377728,9397,9,77648,4,2020,-2995.1
1265414401054377728,9397,9,77648,5,2020,278.62
1265414401054377728,9397,9,77648,6,2020,1639.04
1265414401054377728,9397,9,77648,7,2020,435.75
1265414401054377728,9397,9,77648,8,2020,2323.38
1265414401054377728,9397,9,77648,9,2020,1692.33
1265414401054377728,9397,9,77648,10,2020,4902.32
1265414401054377728,9397,9,77648,11,2020,7845.02
1265414401054377728,9397,9,77648,12,2020,6291.41
1265516708570929408,7541,1,72050,1,2020,-87.39
1265516708570929408,7541,1,72050,2,2020,-1467.49
1265516708570929408,7541,1,72050,3,2020,-1740.81
1265516708570929408,7541,1,72050,4,2020,-3052.54
1265516708570929408,7541,1,72050,5,2020,-4608.35
1265516708570929408,7541,1,72050,6,2020,-3119.9
1265516708570929408,7541,1,72050,7,2020,-6308.24
1265516708570929408,7541,1,72050,8,2020,-5503.43
1265516708570929408,7541,1,72050,9,2020,-5816.63
1265516708570929408,7541,1,72050,10,2020,-6341.05
1265516708570929408,7541,1,72050,11,2020,-7996.32
1265516708570929408,7541,1,72050,12,2020,-8928.24
1265648901804451072,3321,9,42578,1,2020,6017.57
1265648901804451072,3321,9,42578,2,2020,1736.94
1265648901804451072,3321,9,42578,3,2020,2189.94
1265648901804451072,3321,9,42578,4,2020,9826.83
1265648901804451072,3321,9,42578,5,2020,14569.38
1265648901804451072,3321,9,42578,6,2020,17742.73
1265648901804451072,3321,9,42578,7,2020,17004.61
1265648901804451072,3321,9,42578,8,2020,12026.0
1265648901804451072,3321,9,42578,9,2020,15969.28
1265648901804451072,3321,9,42578,10,2020,19343.43
1265648901804451072,3321,9,42578,11,2020,20318.13
1265648901804451072,3321,9,42578,12,2020,22284.98
1266795607355434240,1773,6,87115,1,2020,-3310.43
1266795607355434240,1773,6,87115,2,2020,-2055.18
1266795607355434240,1773,6,87115,3,2020,1044.42
1266795607355434240,1773,6,87115,4,2020,-442.63
1266795607355434240,1773,6,87115,5,2020,4939.91
1266795607355434240,1773,6,87115,6,2020,-2897.66
1266795607355434240,1773,6,87115,7,2020,-4308.88
1266795607355434240,1773,6,87115,8,2020,-7245.58
1266795607355434240,1773,6,87115,9,2020,-6960.08
1266795607355434240,1773,6,87115,10,2020,-8593.35
1266795607355434240,1773,6,87115,11,2020,-12644.17
1266795607355434240,1773,6,87115,12,2020,-11581.25
1267090049386623232,1750,4,26497,1,2020,1613.81
1267090049386623232,1750,4,26497,2,2020,-435.4
1267090049386623232,1750,4,26497,3,2020,-1025.19
1267090049386623232,1750,4,26497,4,2020,-2216.12
1267090049386623232,1750,4,26497,5,2020,-2457.94
1267090049386623232,1750,4,26497,6,2020,439.18
1267090049386623232,1750,4,26497,7,2020,3514.67
1267090049386623232,1750,4,26497,8,2020,2599.93
1267090049386623232,1750,4,26497,9,2020,619.01
1267090049386623232,1750,4,26497,10,2020,2436.49
1267090049386623232,1750,4,26497,11,2020,2237.33
1267090049386623232,1750,4,26497,12,2020,5600.36
1268258183375556608,9903,3,17302,1,2020,-299.89
1268258183375556608,9903,3,17302,2,2020,-1315.68
1268258183375556608,9903,3,17302,3,2020,-3561.55
1268258183375556608,9903,3,17302,4,2020,-1551.74
