1484240125005948672,7828,6,755,10,2020,-5781.64
1484240125005948672,7828,6,755,11,2020,-6593.68
1484240125005948672,7828,6,755,12,2020,-6248.65
1485049755119646208,4809,3,5529,1,2020,-855.82
1485049755119646208,4809,3,5529,2,2020,4096.58
1485049755119646208,4809,3,5529,3,2020,7374.04
1485049755119646208,4809,3,5529,4,2020,6604.44
1485049755119646208,4809,3,5529,5,2020,4152.67
1485049755119646208,4809,3,5529,6,2020,2362.2
1485049755119646208,4809,3,5529,7,2020,621.53
1485049755119646208,4809,3,5529,8,2020,7281.47
1485049755119646208,4809,3,5529,9,2020,12514.74
1485049755119646208,4809,3,5529,10,2020,18604.82
1485049755119646208,4809,3,5529,11,2020,22348.91
1485049755119646208,4809,3,5529,12,2020,27150.33
1485977868771803392,9811,5,81220,1,2020,2056.83
1485977868771803392,9811,5,81220,2,2020,2561.79
1485977868771803392,9811,5,81220,3,2020,-3943.89
1485977868771803392,9811,5,81220,4,2020,-6778.83
1485977868771803392,9811,5,81220,5,2020,-11534.77
1485977868771803392,9811,5,81220,6,2020,-13499.75
1485977868771803392,9811,5,81220,7,2020,-5413.61
1485977868771803392,9811,5,81220,8,2020,-76.65
1485977868771803392,9811,5,81220,9,2020,9395.33
1485977868771803392,9811,5,81220,10,2020,9211.85
1485977868771803392,9811,5,81220,11,2020,13071.01
1485977868771803392,9811,5,81220,12,2020,17009.83
1486432927608915456,2116,1,43506,1,2020,-5695.98
1486432927608915456,2116,1,43506,2,2020,-6435.41
1486432927608915456,2116,1,43506,3,2020,-17543.38
1486432927608915456,2116,1,43506,4,2020,-19558.61
1486432927608915456,2116,1,43506,5,2020,-19183.94
1486432927608915456,2116,1,43506,6,2020,-23904.0
1486432927608915456,2116,1,43506,7,2020,-26445.62
1486432927608915456,2116,1,43506,8,2020,-22716.0
1486432927608915456,2116,1,43506,9,2020,-24192.94
1486432927608915456,2116,1,43506,10,2020,-17893.55
1486432927608915456,2116,1,43506,11,2020,-23163.83
1486432927608915456,2116,1,43506,12,2020,-20471.13
1486907990481238784,2225,7,36782,1,2020,-1365.75
1486907990481238784,2225,7,36782,2,2020,533.77
1486907990481238784,2225,7,36782,3,2020,2356.45
1486907990481238784,2225,7,36782,4,2020,-2920.42
1486907990481238784,2225,7,36782,5,2020,-1916.87
1486907990481238784,2225,7,36782,6,2020,4056.59
1486907990481238784,2225,7,36782,7,2020,4517.56
1486907990481238784,2225,7,36782,8,2020,7358.84
1486907990481238784,2225,7,36782,9,2020,8077.26
1486907990481238784,2225,7,36782,10,2020,5968.76
1486907990481238784,2225,7,36782,11,2020,3951.95
1486907990481238784,2225,7,36782,12,2020,3710.99
1488541583909643520,6809,6,66672,1,2020,510.71
1488541583909643520,6809,6,66672,2,2020,3562.85
1488541583909643520,6809,6,66672,3,2020,2039.01
1488541583909643520,6809,6,66672,4,2020,1360.23
1488541583909643520,6809,6,66672,5,2020,2953.93
1488541583909643520,6809,6,66672,6,2020,-1105.06
1488541583909643520,6809,6,66672,7,2020,-3408.04
1488541583909643520,6809,6,66672,8,2020,-2684.48
1488541583909643520,6809,6,66672,9,2020,-4720.75
1488541583909643520,6809,6,66672,10,2020,-1489.74
1488541583909643520,6809,6,66672,11,2020,-7145.57
1488541583909643520,6809,6,66672,12,2020,-11833.61
1489101294075855872,300,3,2890,1,2020,-4896.1
1489101294075855872,300,3,2890,2,2020,-4644.45
1489101294075855872,300,3,2890,3,2020,-7562.92
1489101294075855872,300,3,2890,4,2020,-9464.92
1489101294075855872,300,3,2890,5,2020,-15074.41
1489101294075855872,300,3,2890,6,2020,-21091.85
1489101294075855872,300,3,2890,7,2020,-17658.14
1489101294075855872,300,3,2890,8,2020,-17663.68
1489101294075855872,300,3,2890,9,2020,-15618.59
1489101294075855872,300,3,2890,10,2020,-17175.86
1489101294075855872,300,3,2890,11,2020,-20741.05
1489101294075855872,300,3,2890,12,2020,-21908.74
1489448365048909568,6065,2,66430,1,2020,4784.47
1489448365048909568,6065,2,66430,2,2020,7401.16
1489448365048909568,6065,2,66430,3,2020,4529.97
1489448365048909568,6065,2,66430,4,2020,7033.5
1489448365048909568,6065,2,66430,5,2020,10230.22
1489448365048909568,6065,2,66430,6,2020,13599.08
1489448365048909568,6065,2,66430,7,2020,6934.09
1489448365048909568,6065,2,66430,8,2020,10239.1
1489448365048909568,6065,2,66430,9,2020,11366.27
1489448365048909568,6065,2,66430,10,2020,11077.82
1489448365048909568,6065,2,66430,11,2020,12944.7
1489448365048909568,6065,2,66430,12,2020,14481.8
1490564557914153728,2921,5,39094,1,2020,404.93
1490564557914153728,2921,5,39094,2,2020,905.19
1490564557914153728,2921,5,39094,3,2020,-397.71
1490564557914153728,2921,5,39094,4,2020,598.2
1490564557914153728,2921,5,39094,5,2020,8983.62
1490564557914153728,2921,5,39094,6,2020,7029.34
1490564557914153728,2921,5,39094,7,2020,10217.41
1490564557914153728,2921,5,39094,8,2020,6544.87
1490564557914153728,2921,5,39094,9,2020,6692.64
1490564557914153728,2921,5,39094,10,2020,4817.72
1490564557914153728,2921,5,39094,11,2020,5355.85
1490564557914153728,2921,5,39094,12,2020,9347.58
149110363386528096,2392,3,5305,1,2020,-367.74
149110363386528096,2392,3,5305,2,2020,-6523.52
149110363386528096,2392,3,5305,3,2020,-4725.11
149110363386528096,2392,3,5305,4,2020,-1534.01
149110363386528096,2392,3,5305,5,2020,3574.65
149110363386528096,2392,3,5305,6,2020,11981.77
149110363386528096,2392,3,5305,7,2020,10310.16
149110363386528096,2392,3,5305,8,2020,12115.31
149110363386528096,2392,3,5305,9,2020,18839.78
149110363386528096,2392,3,5305,10,2020,10290.45
149110363386528096,2392,3,5305,11,2020,5992.34
149110363386528096,2392,3,5305,12,2020,1779.94
1491580794808108288,8209,2,45834,1,2020,3412.07
1491580794808108288,8209,2,45834,2,2020,-4266.71
1491580794808108288,8209,2,45834,3,2020,-8430.69
1491580794808108288,8209,2,45834,4,2020,-9944.4
1491580794808108288,8209,2,45834,5,2020,-8016.19
1491580794808108288,8209,2,45834,6,2020,-8429.92
1491580794808108288,8209,2,45834,7,2020,-10821.69
1491580794808108288,8209,2,45834,8,2020,-9635.18
1491580794808108288,8209,2,45834,9,2020,-11557.95
1491580794808108288,8209,2,45834,10,2020,-15927.97
1491580794808108288,8209,2,45834,11,2020,-14151.63
1491580794808108288,8209,2,45834,12,2020,-15236.58
1491894723356504320,1568,3,90460,1,2020,850.17
1491894723356504320,1568,3,90460,2,2020,850.17
1491894723356504320,1568,3,90460,3,2020,1442.7
1491894723356504320,1568,3,90460,4,2020,1442.7
1491894723356504320,1568,3,90460,5,2020,2283.08
1491894723356504320,1568,3,90460,6,2020,1029.36
1491894723356504320,1568,3,90460,7,2020,1029.36
1491894723356504320,1568,3,90460,8,2020,1029.36
1491894723356504320,1568,3,90460,9,2020,1029.36
1491894723356504320,1568,3,90460,10,2020,-964.57
1491894723356504320,1568,3,90460,11,2020,-2737.52
1491894723356504320,1568,3,90460,12,2020,-1467.75
1492307590507023616,8646,2,63277,1,2020,1493.09
1492307590507023616,8646,2,63277,2,2020,-427.02
1492307590507023616,8646,2,63277,3,2020,-357.6
1492307590507023616,8646,2,63277,4,2020,774.18
1492307590507023616,8646,2,63277,5,2020,1071.13
1492307590507023616,8646,2,63277,6,2020,1482.64
1492307590507023616,8646,2,63277,7,2020,3762.08
1492307590507023616,8646,2,63277,8,2020,8507.69
1492307590507023616,8646,2,63277,9,2020,8507.69
1492307590507023616,8646,2,63277,10,2020,5973.11
1492307590507023616,8646,2,63277,11,2020,7989.47
1492307590507023616,8646,2,63277,12,2020,6813.58
1494268112012713984,7005,0,52911,1,2020,-1909.44
1494268112012713984,7005,0,52911,2,2020,-6948.13
1494268112012713984,7005,0,52911,3,2020,870.49
1494268112012713984,7005,0,52911,4,2020,-4121.33
1494268112012713984,7005,0,52911,5,2020,-1551.32
1494268112012713984,7005,0,52911,6,2020,-1505.64
1494268112012713984,7005,0,52911,7,2020,786.68
1494268112012713984,7005,0,52911,8,2020,-2325.29
1494268112012713984,7005,0,52911,9,2020,-1591.88
1494268112012713984,7005,0,52911,10,2020,-4939.91
1494268112012713984,7005,0,52911,11,2020,-13091.23
1494268112012713984,7005,0,52911,12,2020,-12048.5
1494857863703537920,831,8,40573,1,2020,-696.04
1494857863703537920,831,8,40573,2,2020,884.63
1494857863703537920,831,8,40573,3,2020,1928.63
1494857863703537920,831,8,40573,4,2020,3997.7
1494857863703537920,831,8,40573,5,2020,7293.08
1494857863703537920,831,8,40573,6,2020,3062.3
1494857863703537920,831,8,40573,7,2020,240.96
1494857863703537920,831,8,40573,8,2020,-2608.22
1494857863703537920,831,8,40573,9,2020,-3734.85
1494857863703537920,831,8,40573,10,2020,-4299.94
1494857863703537920,831,8,40573,11,2020,-5406.95
1494857863703537920,831,8,40573,12,2020,-1958.31
1495679069008862208,7123,1,92923,1,2020,-1914.07
1495679069008862208,7123,1,92923,2,2020,-695.81
1495679069008862208,7123,1,92923,3,2020,-1630.69
1495679069008862208,7123,1,92923,4,2020,-5601.63
1495679069008862208,7123,1,92923,5,2020,53.84
1495679069008862208,7123,1,92923,6,2020,-1113.1
1495679069008862208,7123,1,92923,7,2020,3520.59
1495679069008862208,7123,1,92923,8,2020,2639.22
1495679069008862208,7123,1,92923,9,2020,8800.42
1495679069008862208,7123,1,92923,10,2020,10107.6
1495679069008862208,7123,1,92923,11,2020,8802.06
1495679069008862208,7123,1,92923,12,2020,11596.26
1495774631874614528,1618,2,1228,1,2020,2491.79
1495774631874614528,1618,2,1228,2,2020,537.86
1495774631874614528,1618,2,1228,3,2020,2106.76
1495774631874614528,1618,2,1228,4,2020,-95.44
1495774631874614528,1618,2,1228,5,2020,641.16
1495774631874614528,1618,2,1228,6,2020,5257.26
1495774631874614528,1618,2,1228,7,2020,2010.63
1495774631874614528,1618,2,1228,8,2020,457.67
1495774631874614528,1618,2,1228,9,2020,-238.09
1495774631874614528,1618,2,1228,10,2020,-1676.83
1495774631874614528,1618,2,1228,11,2020,572.72
1495774631874614528,1618,2,1228,12,2020,3288.87
14960923507500004,5753,3,90253,1,2020,-2059.52
14960923507500004,5753,3,90253,2,2020,-2997.32
14960923507500004,5753,3,90253,3,2020,-2776.76
14960923507500004,5753,3,90253,4,2020,-6932.01
14960923507500004,5753,3,90253,5,2020,-3385.16
14960923507500004,5753,3,90253,6,2020,-2440.08
14960923507500004,5753,3,90253,7,2020,-5993.36
14960923507500004,5753,3,90253,8,2020,-7857.41
14960923507500004,5753,3,90253,9,2020,-11349.08
14960923507500004,5753,3,90253,10,2020,-13164.41
14960923507500004,5753,3,90253,11,2020,-6508.51
14960923507500004,5753,3,90253,12,2020,1057.99
1496534398219185664,2152,5,67001,1,2020,5659.81
1496534398219185664,2152,5,67001,2,2020,6977.81
1496534398219185664,2152,5,67001,3,2020,4118.48
1496534398219185664,2152,5,67001,4,2020,7970.54
1496534398219185664,2152,5,67001,5,2020,3643.98
1496534398219185664,2152,5,67001,6,2020,3689.54
1496534398219185664,2152,5,67001,7,2020,13213.41
1496534398219185664,2152,5,67001,8,2020,17574.46
1496534398219185664,2152,5,67001,9,2020,12260.77
1496534398219185664,2152,5,67001,10,2020,8541.01
1496534398219185664,2152,5,67001,11,2020,5280.41
1496534398219185664,2152,5,67001,12,2020,4310.77
1496976975771070464,599,6,13637,1,2020,2171.63
1496976975771070464,599,6,13637,2,2020,238.12
1496976975771070464,599,6,13637,3,2020,-4005.83
1496976975771070464,599,6,13637,4,2020,4540.9
1496976975771070464,599,6,13637,5,2020,11680.09
1496976975771070464,599,6,13637,6,2020,12778.16
1496976975771070464,599,6,13637,7,2020,11821.15
1496976975771070464,599,6,13637,8,2020,11840.44
1496976975771070464,599,6,13637,9,2020,12713.52
1496976975771070464,599,6,13637,10,2020,14791.89
1496976975771070464,599,6,13637,11,2020,17623.02
1496976975771070464,599,6,13637,12,2020,22066.6
1497955559074832640,2986,1,85082,1,2020,-1222.44
1497955559074832640,2986,1,85082,2,2020,-10363.89
1497955559074832640,2986,1,85082,3,2020,-13254.98
1497955559074832640,2986,1,85082,4,2020,-13315.29
1497955559074832640,2986,1,85082,5,2020,-8753.76
1497955559074832640,2986,1,85082,6,2020,-6866.67
1497955559074832640,2986,1,85082,7,2020,-7520.41
1497955559074832640,2986,1,85082,8,2020,439.06
1497955559074832640,2986,1,85082,9,2020,-1725.34
1497955559074832640,2986,1,85082,10,2020,9132.35
1497955559074832640,2986,1,85082,11,2020,2885.31
