1560419686815516928,7596,4,51523,11,2020,-5653.17
1560419686815516928,7596,4,51523,12,2020,-7860.98
156124614189629696,2799,4,70439,1,2020,-1690.39
156124614189629696,2799,4,70439,2,2020,-4536.15
156124614189629696,2799,4,70439,3,2020,-4478.59
156124614189629696,2799,4,70439,4,2020,-5648.21
156124614189629696,2799,4,70439,5,2020,-7317.3
156124614189629696,2799,4,70439,6,2020,-7317.3
156124614189629696,2799,4,70439,7,2020,-6383.38
156124614189629696,2799,4,70439,8,2020,-9176.73
156124614189629696,2799,4,70439,9,2020,-11113.52
156124614189629696,2799,4,70439,10,2020,-10341.13
156124614189629696,2799,4,70439,11,2020,-10341.13
156124614189629696,2799,4,70439,12,2020,-10341.13
1561384317308532480,9159,8,82182,1,2020,-636.63
1561384317308532480,9159,8,82182,2,2020,-2262.51
1561384317308532480,9159,8,82182,3,2020,-7314.11
1561384317308532480,9159,8,82182,4,2020,-10360.42
1561384317308532480,9159,8,82182,5,2020,-5904.11
1561384317308532480,9159,8,82182,6,2020,-7236.77
1561384317308532480,9159,8,82182,7,2020,-3734.86
1561384317308532480,9159,8,82182,8,2020,-7153.04
1561384317308532480,9159,8,82182,9,2020,-6483.06
1561384317308532480,9159,8,82182,10,2020,-7041.81
1561384317308532480,9159,8,82182,11,2020,-3678.38
1561384317308532480,9159,8,82182,12,2020,-950.91
1562533324859853568,5648,2,67459,1,2020,131.82
1562533324859853568,5648,2,67459,2,2020,335.29
1562533324859853568,5648,2,67459,3,2020,-1979.07
1562533324859853568,5648,2,67459,4,2020,-3223.75
1562533324859853568,5648,2,67459,5,2020,-9876.66
1562533324859853568,5648,2,67459,6,2020,-8272.99
1562533324859853568,5648,2,67459,7,2020,-8280.65
1562533324859853568,5648,2,67459,8,2020,-9611.17
1562533324859853568,5648,2,67459,9,2020,-12051.92
1562533324859853568,5648,2,67459,10,2020,-12026.97
1562533324859853568,5648,2,67459,11,2020,-14240.62
1562533324859853568,5648,2,67459,12,2020,-14375.57
156349090547455328,8100,8,86767,1,2020,3576.44
156349090547455328,8100,8,86767,2,2020,4213.71
156349090547455328,8100,8,86767,3,2020,4836.56
156349090547455328,8100,8,86767,4,2020,5014.82
156349090547455328,8100,8,86767,5,2020,6495.65
156349090547455328,8100,8,86767,6,2020,5537.18
156349090547455328,8100,8,86767,7,2020,8632.93
156349090547455328,8100,8,86767,8,2020,7225.6
156349090547455328,8100,8,86767,9,2020,-219.84
156349090547455328,8100,8,86767,10,2020,-241.72
156349090547455328,8100,8,86767,11,2020,-235.3
156349090547455328,8100,8,86767,12,2020,2429.16
1563521594890284800,1549,0,91003,1,2020,1535.49
1563521594890284800,1549,0,91003,2,2020,3903.91
1563521594890284800,1549,0,91003,3,2020,2994.15
1563521594890284800,1549,0,91003,4,2020,2499.26
1563521594890284800,1549,0,91003,5,2020,657.47
1563521594890284800,1549,0,91003,6,2020,2646.31
1563521594890284800,1549,0,91003,7,2020,3406.83
1563521594890284800,1549,0,91003,8,2020,6207.05
1563521594890284800,1549,0,91003,9,2020,5413.25
1563521594890284800,1549,0,91003,10,2020,6080.61
1563521594890284800,1549,0,91003,11,2020,6123.72
1563521594890284800,1549,0,91003,12,2020,4616.26
1564199360999852800,6805,7,81398,1,2020,-784.56
1564199360999852800,6805,7,81398,2,2020,-2390.13
1564199360999852800,6805,7,81398,3,2020,-1201.39
1564199360999852800,6805,7,81398,4,2020,-1201.39
1564199360999852800,6805,7,81398,5,2020,-470.07
1564199360999852800,6805,7,81398,6,2020,1158.02
1564199360999852800,6805,7,81398,7,2020,1899.18
1564199360999852800,6805,7,81398,8,2020,1899.18
1564199360999852800,6805,7,81398,9,2020,774.04
1564199360999852800,6805,7,81398,10,2020,1796.98
1564199360999852800,6805,7,81398,11,2020,1356.64
1564199360999852800,6805,7,81398,12,2020,1356.64
1565194540553274880,3301,1,77636,1,2020,1869.88
1565194540553274880,3301,1,77636,2,2020,1886.01
1565194540553274880,3301,1,77636,3,2020,155.52
1565194540553274880,3301,1,77636,4,2020,-2881.94
1565194540553274880,3301,1,77636,5,2020,-2881.94
1565194540553274880,3301,1,77636,6,2020,-2769.1
1565194540553274880,3301,1,77636,7,2020,-4308.93
1565194540553274880,3301,1,77636,8,2020,-3328.17
1565194540553274880,3301,1,77636,9,2020,-3717.83
1565194540553274880,3301,1,77636,10,2020,-591.6
1565194540553274880,3301,1,77636,11,2020,1838.14
1565194540553274880,3301,1,77636,12,2020,3782.93
1565489130346521856,9741,7,67735,1,2020,-3227.52
1565489130346521856,9741,7,67735,2,2020,-676.48
1565489130346521856,9741,7,67735,3,2020,10463.38
1565489130346521856,9741,7,67735,4,2020,9901.9
1565489130346521856,9741,7,67735,5,2020,7521.82
1565489130346521856,9741,7,67735,6,2020,6472.1
1565489130346521856,9741,7,67735,7,2020,5393.21
1565489130346521856,9741,7,67735,8,2020,-1185.14
1565489130346521856,9741,7,67735,9,2020,2674.33
1565489130346521856,9741,7,67735,10,2020,8736.83
1565489130346521856,9741,7,67735,11,2020,1798.31
1565489130346521856,9741,7,67735,12,2020,4859.58
1567461723947204096,4471,9,98642,1,2020,218.85
1567461723947204096,4471,9,98642,2,2020,5446.48
1567461723947204096,4471,9,98642,3,2020,8950.25
1567461723947204096,4471,9,98642,4,2020,14833.89
1567461723947204096,4471,9,98642,5,2020,13755.29
1567461723947204096,4471,9,98642,6,2020,14450.94
1567461723947204096,4471,9,98642,7,2020,12754.49
1567461723947204096,4471,9,98642,8,2020,6869.21
1567461723947204096,4471,9,98642,9,2020,8181.25
1567461723947204096,4471,9,98642,10,2020,2507.78
1567461723947204096,4471,9,98642,11,2020,4226.99
1567461723947204096,4471,9,98642,12,2020,3928.03
1567522714537208576,4382,1,37420,1,2020,251.31
1567522714537208576,4382,1,37420,2,2020,-5609.47
1567522714537208576,4382,1,37420,3,2020,-3501.28
1567522714537208576,4382,1,37420,4,2020,-2706.72
1567522714537208576,4382,1,37420,5,2020,3629.16
1567522714537208576,4382,1,37420,6,2020,3981.11
1567522714537208576,4382,1,37420,7,2020,2130.64
1567522714537208576,4382,1,37420,8,2020,1535.17
1567522714537208576,4382,1,37420,9,2020,4516.06
1567522714537208576,4382,1,37420,10,2020,905.67
1567522714537208576,4382,1,37420,11,2020,3969.54
1567522714537208576,4382,1,37420,12,2020,6415.44
1567634875267153152,2172,8,48066,1,2020,-2216.45
1567634875267153152,2172,8,48066,2,2020,2917.2
1567634875267153152,2172,8,48066,3,2020,4473.23
1567634875267153152,2172,8,48066,4,2020,11638.82
1567634875267153152,2172,8,48066,5,2020,6712.24
1567634875267153152,2172,8,48066,6,2020,4669.13
1567634875267153152,2172,8,48066,7,2020,-5308.59
1567634875267153152,2172,8,48066,8,2020,-13270.74
1567634875267153152,2172,8,48066,9,2020,-14717.43
1567634875267153152,2172,8,48066,10,2020,-13202.82
1567634875267153152,2172,8,48066,11,2020,-15968.71
1567634875267153152,2172,8,48066,12,2020,-18746.16
1567859121090090752,8639,0,1622,1,2020,-6226.22
1567859121090090752,8639,0,1622,2,2020,-9139.0
1567859121090090752,8639,0,1622,3,2020,-11800.48
1567859121090090752,8639,0,1622,4,2020,-16597.48
1567859121090090752,8639,0,1622,5,2020,-17832.35
1567859121090090752,8639,0,1622,6,2020,-15143.22
1567859121090090752,8639,0,1622,7,2020,-11543.17
1567859121090090752,8639,0,1622,8,2020,-14068.9
1567859121090090752,8639,0,1622,9,2020,-12356.13
1567859121090090752,8639,0,1622,10,2020,-9100.82
1567859121090090752,8639,0,1622,11,2020,-10973.02
1567859121090090752,8639,0,1622,12,2020,-10444.29
1567924721793524224,161,8,88708,1,2020,222.68
1567924721793524224,161,8,88708,2,2020,-3818.59
1567924721793524224,161,8,88708,3,2020,-3319.67
1567924721793524224,161,8,88708,4,2020,-3520.52
1567924721793524224,161,8,88708,5,2020,-8511.59
1567924721793524224,161,8,88708,6,2020,-3124.1
1567924721793524224,161,8,88708,7,2020,-8022.32
1567924721793524224,161,8,88708,8,2020,-11590.77
1567924721793524224,161,8,88708,9,2020,-7054.49
1567924721793524224,161,8,88708,10,2020,-5291.25
1567924721793524224,161,8,88708,11,2020,-9132.67
1567924721793524224,161,8,88708,12,2020,-4740.99
1569185230646907392,5780,2,33304,1,2020,1575.77
1569185230646907392,5780,2,33304,2,2020,2970.82
1569185230646907392,5780,2,33304,3,2020,1602.24
1569185230646907392,5780,2,33304,4,2020,-4784.77
1569185230646907392,5780,2,33304,5,2020,-3492.84
1569185230646907392,5780,2,33304,6,2020,-1039.03
1569185230646907392,5780,2,33304,7,2020,-5413.08
1569185230646907392,5780,2,33304,8,2020,-9930.4
1569185230646907392,5780,2,33304,9,2020,-12419.73
1569185230646907392,5780,2,33304,10,2020,-13354.29
1569185230646907392,5780,2,33304,11,2020,-21762.72
1569185230646907392,5780,2,33304,12,2020,-24566.19
1570241880615277056,2387,2,78450,1,2020,-529.4
1570241880615277056,2387,2,78450,2,2020,-1393.64
1570241880615277056,2387,2,78450,3,2020,3942.09
1570241880615277056,2387,2,78450,4,2020,3676.75
1570241880615277056,2387,2,78450,5,2020,3676.75
1570241880615277056,2387,2,78450,6,2020,3676.75
1570241880615277056,2387,2,78450,7,2020,4341.72
1570241880615277056,2387,2,78450,8,2020,4341.72
1570241880615277056,2387,2,78450,9,2020,5640.36
1570241880615277056,2387,2,78450,10,2020,5640.36
1570241880615277056,2387,2,78450,11,2020,5640.36
1570241880615277056,2387,2,78450,12,2020,5640.36
1571109356411542272,6409,5,95131,1,2020,8954.0
1571109356411542272,6409,5,95131,2,2020,15613.16
1571109356411542272,6409,5,95131,3,2020,18278.31
1571109356411542272,6409,5,95131,4,2020,23143.37
1571109356411542272,6409,5,95131,5,2020,22814.69
1571109356411542272,6409,5,95131,6,2020,24501.79
1571109356411542272,6409,5,95131,7,2020,22413.67
1571109356411542272,6409,5,95131,8,2020,26271.62
1571109356411542272,6409,5,95131,9,2020,28411.03
1571109356411542272,6409,5,95131,10,2020,29139.87
1571109356411542272,6409,5,95131,11,2020,29574.3
1571109356411542272,6409,5,95131,12,2020,31249.64
1572217149479844352,4318,6,7248,1,2020,-202.83
1572217149479844352,4318,6,7248,2,2020,-7110.38
1572217149479844352,4318,6,7248,3,2020,-2776.41
1572217149479844352,4318,6,7248,4,2020,-5510.45
1572217149479844352,4318,6,7248,5,2020,-6943.63
1572217149479844352,4318,6,7248,6,2020,-9810.93
1572217149479844352,4318,6,7248,7,2020,-8083.08
1572217149479844352,4318,6,7248,8,2020,-3953.34
1572217149479844352,4318,6,7248,9,2020,-6702.57
1572217149479844352,4318,6,7248,10,2020,-9809.61
1572217149479844352,4318,6,7248,11,2020,-9186.26
1572217149479844352,4318,6,7248,12,2020,-12010.34
1573316326693758976,3285,3,11494,1,2020,-1570.09
1573316326693758976,3285,3,11494,2,2020,-193.64
1573316326693758976,3285,3,11494,3,2020,-2995.4
1573316326693758976,3285,3,11494,4,2020,-3975.61
1573316326693758976,3285,3,11494,5,2020,-7092.41
1573316326693758976,3285,3,11494,6,2020,-7130.12
1573316326693758976,3285,3,11494,7,2020,-2667.48
1573316326693758976,3285,3,11494,8,2020,-4493.11
1573316326693758976,3285,3,11494,9,2020,-6671.57
1573316326693758976,3285,3,11494,10,2020,-6543.38
1573316326693758976,3285,3,11494,11,2020,-9700.51
1573316326693758976,3285,3,11494,12,2020,-9957.23
1574367364918659328,1810,0,52670,1,2020,2269.37
1574367364918659328,1810,0,52670,2,2020,306.93
1574367364918659328,1810,0,52670,3,2020,-1620.33
1574367364918659328,1810,0,52670,4,2020,-6534.95
1574367364918659328,1810,0,52670,5,2020,-13804.56
1574367364918659328,1810,0,52670,6,2020,-12517.87
1574367364918659328,1810,0,52670,7,2020,-19295.56
1574367364918659328,1810,0,52670,8,2020,-18169.06
1574367364918659328,1810,0,52670,9,2020,-26135.27
1574367364918659328,1810,0,52670,10,2020,-23972.68
1574367364918659328,1810,0,52670,11,2020,-22200.99
1574367364918659328,1810,0,52670,12,2020,-17908.03
1574433334215995648,3955,6,10741,1,2020,-723.86
1574433334215995648,3955,6,10741,2,2020,-6800.38
1574433334215995648,3955,6,10741,3,2020,-9312.52
1574433334215995648,3955,6,10741,4,2020,-12180.23
1574433334215995648,3955,6,10741,5,2020,-11665.61
1574433334215995648,3955,6,10741,6,2020,-14793.17
1574433334215995648,3955,6,10741,7,2020,-17211.24
1574433334215995648,3955,6,10741,8,2020,-15029.13
1574433334215995648,3955,6,10741,9,2020,-16347.52
