1699996191985853440,2380,8,72347,6,2020,-13099.75
1699996191985853440,2380,8,72347,7,2020,-5178.17
1699996191985853440,2380,8,72347,8,2020,-5712.36
1699996191985853440,2380,8,72347,9,2020,-4896.33
1699996191985853440,2380,8,72347,10,2020,-8965.64
1699996191985853440,2380,8,72347,11,2020,-13357.09
1699996191985853440,2380,8,72347,12,2020,-18919.7
17010643349938116,6445,7,77346,1,2020,-366.58
17010643349938116,6445,7,77346,2,2020,-2041.54
17010643349938116,6445,7,77346,3,2020,-3851.29
17010643349938116,6445,7,77346,4,2020,2937.61
17010643349938116,6445,7,77346,5,2020,715.52
17010643349938116,6445,7,77346,6,2020,-1543.99
17010643349938116,6445,7,77346,7,2020,-3492.13
17010643349938116,6445,7,77346,8,2020,-6546.93
17010643349938116,6445,7,77346,9,2020,-4429.7
17010643349938116,6445,7,77346,10,2020,-2048.18
17010643349938116,6445,7,77346,11,2020,-2981.41
17010643349938116,6445,7,77346,12,2020,-2981.41
1701413267892471296,3608,4,61275,1,2020,3965.83
1701413267892471296,3608,4,61275,2,2020,-2537.51
1701413267892471296,3608,4,61275,3,2020,-3805.49
1701413267892471296,3608,4,61275,4,2020,-4801.36
1701413267892471296,3608,4,61275,5,2020,-5231.96
1701413267892471296,3608,4,61275,6,2020,-3564.46
1701413267892471296,3608,4,61275,7,2020,-4586.38
1701413267892471296,3608,4,61275,8,2020,-198.77
1701413267892471296,3608,4,61275,9,2020,-6746.03
1701413267892471296,3608,4,61275,10,2020,-12464.35
1701413267892471296,3608,4,61275,11,2020,-8838.64
1701413267892471296,3608,4,61275,12,2020,-16574.3
1702619387540332032,3514,1,27475,1,2020,3374.37
1702619387540332032,3514,1,27475,2,2020,1916.1
1702619387540332032,3514,1,27475,3,2020,5078.44
1702619387540332032,3514,1,27475,4,2020,5922.25
1702619387540332032,3514,1,27475,5,2020,4934.55
1702619387540332032,3514,1,27475,6,2020,4554.72
1702619387540332032,3514,1,27475,7,2020,5622.84
1702619387540332032,3514,1,27475,8,2020,7282.92
1702619387540332032,3514,1,27475,9,2020,7134.37
1702619387540332032,3514,1,27475,10,2020,7134.37
1702619387540332032,3514,1,27475,11,2020,8489.13
1702619387540332032,3514,1,27475,12,2020,8548.4
1702676628931560960,8761,1,23225,1,2020,78.22
1702676628931560960,8761,1,23225,2,2020,-760.0
1702676628931560960,8761,1,23225,3,2020,-7079.07
1702676628931560960,8761,1,23225,4,2020,-10843.73
1702676628931560960,8761,1,23225,5,2020,-7902.8
1702676628931560960,8761,1,23225,6,2020,-12186.84
1702676628931560960,8761,1,23225,7,2020,-14437.46
1702676628931560960,8761,1,23225,8,2020,-19485.6
1702676628931560960,8761,1,23225,9,2020,-19706.32
1702676628931560960,8761,1,23225,10,2020,-16629.92
1702676628931560960,8761,1,23225,11,2020,-10861.81
1702676628931560960,8761,1,23225,12,2020,-10591.53
1702705513826258944,1673,1,5222,1,2020,-2540.41
1702705513826258944,1673,1,5222,2,2020,1446.69
1702705513826258944,1673,1,5222,3,2020,-322.4
1702705513826258944,1673,1,5222,4,2020,-106.44
1702705513826258944,1673,1,5222,5,2020,3044.13
1702705513826258944,1673,1,5222,6,2020,2866.12
1702705513826258944,1673,1,5222,7,2020,8718.18
1702705513826258944,1673,1,5222,8,2020,6039.81
1702705513826258944,1673,1,5222,9,2020,10309.2
1702705513826258944,1673,1,5222,10,2020,13706.42
1702705513826258944,1673,1,5222,11,2020,16703.99
1702705513826258944,1673,1,5222,12,2020,11392.63
1703659603821096448,7707,7,61661,1,2020,-1487.39
1703659603821096448,7707,7,61661,2,2020,-5936.75
1703659603821096448,7707,7,61661,3,2020,-8781.34
1703659603821096448,7707,7,61661,4,2020,-5163.15
1703659603821096448,7707,7,61661,5,2020,-5645.43
1703659603821096448,7707,7,61661,6,2020,-5662.52
1703659603821096448,7707,7,61661,7,2020,-1717.89
1703659603821096448,7707,7,61661,8,2020,-1748.92
1703659603821096448,7707,7,61661,9,2020,-3267.66
1703659603821096448,7707,7,61661,10,2020,-7024.89
1703659603821096448,7707,7,61661,11,2020,-8071.56
1703659603821096448,7707,7,61661,12,2020,-7932.91
1705755136921454848,8869,3,68642,1,2020,5086.97
1705755136921454848,8869,3,68642,2,2020,3032.5
1705755136921454848,8869,3,68642,3,2020,7344.07
1705755136921454848,8869,3,68642,4,2020,13199.27
1705755136921454848,8869,3,68642,5,2020,16581.04
1705755136921454848,8869,3,68642,6,2020,26472.99
1705755136921454848,8869,3,68642,7,2020,28786.23
1705755136921454848,8869,3,68642,8,2020,35860.7
1705755136921454848,8869,3,68642,9,2020,31791.58
1705755136921454848,8869,3,68642,10,2020,26703.45
1705755136921454848,8869,3,68642,11,2020,25378.86
1705755136921454848,8869,3,68642,12,2020,25823.06
1705910612353082112,5725,3,85070,1,2020,0.0
1705910612353082112,5725,3,85070,2,2020,0.0
1705910612353082112,5725,3,85070,3,2020,0.0
1705910612353082112,5725,3,85070,4,2020,0.0
1705910612353082112,5725,3,85070,5,2020,-943.67
1705910612353082112,5725,3,85070,6,2020,1090.14
1705910612353082112,5725,3,85070,7,2020,-244.02
1705910612353082112,5725,3,85070,8,2020,-244.02
1705910612353082112,5725,3,85070,9,2020,-244.02
1705910612353082112,5725,3,85070,10,2020,-1834.41
1705910612353082112,5725,3,85070,11,2020,-2096.21
1705910612353082112,5725,3,85070,12,2020,-2096.21
1706512983590207744,1951,5,65884,1,2020,3868.55
1706512983590207744,1951,5,65884,2,2020,3704.34
1706512983590207744,1951,5,65884,3,2020,2903.7
1706512983590207744,1951,5,65884,4,2020,4883.74
1706512983590207744,1951,5,65884,5,2020,4883.74
1706512983590207744,1951,5,65884,6,2020,4124.91
1706512983590207744,1951,5,65884,7,2020,4370.08
1706512983590207744,1951,5,65884,8,2020,2641.85
1706512983590207744,1951,5,65884,9,2020,4632.83
1706512983590207744,1951,5,65884,10,2020,5104.0
1706512983590207744,1951,5,65884,11,2020,7129.65
1706512983590207744,1951,5,65884,12,2020,7077.13
1711283765182065408,1403,5,6607,1,2020,1918.91
1711283765182065408,1403,5,6607,2,2020,49.83
1711283765182065408,1403,5,6607,3,2020,-4265.3
1711283765182065408,1403,5,6607,4,2020,-2134.09
1711283765182065408,1403,5,6607,5,2020,-302.37
1711283765182065408,1403,5,6607,6,2020,-441.28
1711283765182065408,1403,5,6607,7,2020,2505.77
1711283765182065408,1403,5,6607,8,2020,4284.71
1711283765182065408,1403,5,6607,9,2020,7671.05
1711283765182065408,1403,5,6607,10,2020,8678.73
1711283765182065408,1403,5,6607,11,2020,5531.95
1711283765182065408,1403,5,6607,12,2020,7736.56
1712323574034482176,5691,8,79984,1,2020,7936.09
1712323574034482176,5691,8,79984,2,2020,1972.34
1712323574034482176,5691,8,79984,3,2020,3554.35
1712323574034482176,5691,8,79984,4,2020,116.04
1712323574034482176,5691,8,79984,5,2020,4990.54
1712323574034482176,5691,8,79984,6,2020,4131.2
1712323574034482176,5691,8,79984,7,2020,3689.16
1712323574034482176,5691,8,79984,8,2020,7783.91
1712323574034482176,5691,8,79984,9,2020,8974.98
1712323574034482176,5691,8,79984,10,2020,12248.3
1712323574034482176,5691,8,79984,11,2020,5867.92
1712323574034482176,5691,8,79984,12,2020,3723.83
1713985928335154432,2383,8,63473,1,2020,-4101.53
1713985928335154432,2383,8,63473,2,2020,-10351.48
1713985928335154432,2383,8,63473,3,2020,-8692.31
1713985928335154432,2383,8,63473,4,2020,-4141.13
1713985928335154432,2383,8,63473,5,2020,-4395.52
1713985928335154432,2383,8,63473,6,2020,-3550.55
1713985928335154432,2383,8,63473,7,2020,-5068.39
1713985928335154432,2383,8,63473,8,2020,-5784.92
1713985928335154432,2383,8,63473,9,2020,-6175.94
1713985928335154432,2383,8,63473,10,2020,-5236.97
1713985928335154432,2383,8,63473,11,2020,-11705.5
1713985928335154432,2383,8,63473,12,2020,-8739.12
1714145419332462848,2570,5,74402,1,2020,-2996.65
1714145419332462848,2570,5,74402,2,2020,-2551.67
1714145419332462848,2570,5,74402,3,2020,-489.64
1714145419332462848,2570,5,74402,4,2020,39.95
1714145419332462848,2570,5,74402,5,2020,-242.33
1714145419332462848,2570,5,74402,6,2020,-2625.6
1714145419332462848,2570,5,74402,7,2020,3249.67
1714145419332462848,2570,5,74402,8,2020,-675.1
1714145419332462848,2570,5,74402,9,2020,-336.22
1714145419332462848,2570,5,74402,10,2020,1136.72
1714145419332462848,2570,5,74402,11,2020,-1008.65
1714145419332462848,2570,5,74402,12,2020,-4522.0
1714206643651421952,9505,7,34332,1,2020,-1920.15
1714206643651421952,9505,7,34332,2,2020,-7693.77
1714206643651421952,9505,7,34332,3,2020,-10297.09
1714206643651421952,9505,7,34332,4,2020,-11970.2
1714206643651421952,9505,7,34332,5,2020,-4207.4
1714206643651421952,9505,7,34332,6,2020,-5106.27
1714206643651421952,9505,7,34332,7,2020,-6149.21
1714206643651421952,9505,7,34332,8,2020,-6361.74
1714206643651421952,9505,7,34332,9,2020,-7314.87
1714206643651421952,9505,7,34332,10,2020,-2137.66
1714206643651421952,9505,7,34332,11,2020,-1650.72
1714206643651421952,9505,7,34332,12,2020,137.39
1715317760068153856,2689,9,92674,1,2020,199.58
1715317760068153856,2689,9,92674,2,2020,-5190.26
1715317760068153856,2689,9,92674,3,2020,-6592.07
1715317760068153856,2689,9,92674,4,2020,-744.91
1715317760068153856,2689,9,92674,5,2020,-3626.11
1715317760068153856,2689,9,92674,6,2020,-4058.37
1715317760068153856,2689,9,92674,7,2020,1876.82
1715317760068153856,2689,9,92674,8,2020,2966.05
1715317760068153856,2689,9,92674,9,2020,-433.78
1715317760068153856,2689,9,92674,10,2020,-3680.68
1715317760068153856,2689,9,92674,11,2020,3769.94
1715317760068153856,2689,9,92674,12,2020,-1356.78
1715429908988779008,6726,6,96210,1,2020,-3851.88
1715429908988779008,6726,6,96210,2,2020,185.55
1715429908988779008,6726,6,96210,3,2020,2171.58
1715429908988779008,6726,6,96210,4,2020,11932.58
1715429908988779008,6726,6,96210,5,2020,17536.76
1715429908988779008,6726,6,96210,6,2020,26012.85
1715429908988779008,6726,6,96210,7,2020,35574.83
1715429908988779008,6726,6,96210,8,2020,45087.13
1715429908988779008,6726,6,96210,9,2020,47075.02
1715429908988779008,6726,6,96210,10,2020,43921.2
1715429908988779008,6726,6,96210,11,2020,54787.34
1715429908988779008,6726,6,96210,12,2020,60442.78
1719079157303561728,7361,4,72856,1,2020,-2192.55
1719079157303561728,7361,4,72856,2,2020,-2801.18
1719079157303561728,7361,4,72856,3,2020,-4559.42
1719079157303561728,7361,4,72856,4,2020,-5285.0
1719079157303561728,7361,4,72856,5,2020,-6873.22
1719079157303561728,7361,4,72856,6,2020,-9169.76
1719079157303561728,7361,4,72856,7,2020,-14266.38
1719079157303561728,7361,4,72856,8,2020,-17843.5
1719079157303561728,7361,4,72856,9,2020,-10556.4
1719079157303561728,7361,4,72856,10,2020,-5578.35
1719079157303561728,7361,4,72856,11,2020,-2333.65
1719079157303561728,7361,4,72856,12,2020,-7728.95
1719603271067340288,8300,0,90967,1,2020,-6415.68
1719603271067340288,8300,0,90967,2,2020,-6806.9
1719603271067340288,8300,0,90967,3,2020,-11704.65
1719603271067340288,8300,0,90967,4,2020,-7922.86
1719603271067340288,8300,0,90967,5,2020,-8777.26
1719603271067340288,8300,0,90967,6,2020,-9542.94
1719603271067340288,8300,0,90967,7,2020,-9013.78
1719603271067340288,8300,0,90967,8,2020,-9755.88
1719603271067340288,8300,0,90967,9,2020,-11462.2
1719603271067340288,8300,0,90967,10,2020,-11321.05
1719603271067340288,8300,0,90967,11,2020,-11039.17
1719603271067340288,8300,0,90967,12,2020,-17302.11
1719798788005232640,5270,1,17434,1,2020,559.18
1719798788005232640,5270,1,17434,2,2020,6287.63
1719798788005232640,5270,1,17434,3,2020,7705.43
1719798788005232640,5270,1,17434,4,2020,10048.42
1719798788005232640,5270,1,17434,5,2020,13737.42
1719798788005232640,5270,1,17434,6,2020,12008.48
1719798788005232640,5270,1,17434,7,2020,3664.83
1719798788005232640,5270,1,17434,8,2020,1990.46
1719798788005232640,5270,1,17434,9,2020,-482.66
1719798788005232640,5270,1,17434,10,2020,-4238.94
1719798788005232640,5270,1,17434,11,2020,-6732.26
1719798788005232640,5270,1,17434,12,2020,-4567.86
1721128903802475520,3831,1,54555,1,2020,989.26
1721128903802475520,3831,1,54555,2,2020,2571.67
1721128903802475520,3831,1,54555,3,2020,3522.57
1721128903802475520,3831,1,54555,4,2020,7990.83
1721128903802475520,3831,1,54555,5,2020,641.87
