1454378402674204928,6051,4,26866,12,2020,-3815.28
1454509215099263744,1530,4,59497,1,2020,1189.38
1454509215099263744,1530,4,59497,2,2020,1189.38
1454509215099263744,1530,4,59497,3,2020,2781.51
1454509215099263744,1530,4,59497,4,2020,2781.51
1454509215099263744,1530,4,59497,5,2020,2781.51
1454509215099263744,1530,4,59497,6,2020,1106.19
1454509215099263744,1530,4,59497,7,2020,3095.21
1454509215099263744,1530,4,59497,8,2020,194.63
1454509215099263744,1530,4,59497,9,2020,194.63
1454509215099263744,1530,4,59497,10,2020,433.94
1454509215099263744,1530,4,59497,11,2020,433.94
1454509215099263744,1530,4,59497,12,2020,1466.89
1454672655395069696,2647,7,72357,1,2020,4488.53
1454672655395069696,2647,7,72357,2,2020,-1078.44
1454672655395069696,2647,7,72357,3,2020,-3424.34
1454672655395069696,2647,7,72357,4,2020,-1048.12
1454672655395069696,2647,7,72357,5,2020,-3823.33
1454672655395069696,2647,7,72357,6,2020,-1918.74
1454672655395069696,2647,7,72357,7,2020,-1735.2
1454672655395069696,2647,7,72357,8,2020,-5157.71
1454672655395069696,2647,7,72357,9,2020,-11003.28
1454672655395069696,2647,7,72357,10,2020,-4305.61
1454672655395069696,2647,7,72357,11,2020,-12291.39
1454672655395069696,2647,7,72357,12,2020,-6234.99
1454867973669480192,8155,8,9011,1,2020,-3292.44
1454867973669480192,8155,8,9011,2,2020,-6821.39
1454867973669480192,8155,8,9011,3,2020,698.9
1454867973669480192,8155,8,9011,4,2020,11238.86
1454867973669480192,8155,8,9011,5,2020,12111.61
1454867973669480192,8155,8,9011,6,2020,16603.3
1454867973669480192,8155,8,9011,7,2020,2754.43
1454867973669480192,8155,8,9011,8,2020,-7723.42
1454867973669480192,8155,8,9011,9,2020,-2466.82
1454867973669480192,8155,8,9011,10,2020,-1851.41
1454867973669480192,8155,8,9011,11,2020,89.99
1454867973669480192,8155,8,9011,12,2020,2027.78
1455366862692454656,3095,3,28777,1,2020,4333.47
1455366862692454656,3095,3,28777,2,2020,4578.91
1455366862692454656,3095,3,28777,3,2020,14270.29
1455366862692454656,3095,3,28777,4,2020,12181.84
1455366862692454656,3095,3,28777,5,2020,6422.92
1455366862692454656,3095,3,28777,6,2020,15931.57
1455366862692454656,3095,3,28777,7,2020,16747.4
1455366862692454656,3095,3,28777,8,2020,11283.32
1455366862692454656,3095,3,28777,9,2020,6799.64
1455366862692454656,3095,3,28777,10,2020,1250.38
1455366862692454656,3095,3,28777,11,2020,-4178.93
1455366862692454656,3095,3,28777,12,2020,-6960.05
1456343166488076032,9898,4,35891,1,2020,-4485.54
1456343166488076032,9898,4,35891,2,2020,-815.08
1456343166488076032,9898,4,35891,3,2020,-2123.18
1456343166488076032,9898,4,35891,4,2020,-4216.18
1456343166488076032,9898,4,35891,5,2020,-1080.71
1456343166488076032,9898,4,35891,6,2020,5671.67
1456343166488076032,9898,4,35891,7,2020,7826.11
1456343166488076032,9898,4,35891,8,2020,13598.8
1456343166488076032,9898,4,35891,9,2020,18186.07
1456343166488076032,9898,4,35891,10,2020,21809.19
1456343166488076032,9898,4,35891,11,2020,12409.76
1456343166488076032,9898,4,35891,12,2020,8660.7
1457199443174257152,34,5,58789,1,2020,4749.78
1457199443174257152,34,5,58789,2,2020,-2686.61
1457199443174257152,34,5,58789,3,2020,-9481.17
1457199443174257152,34,5,58789,4,2020,-9782.7
1457199443174257152,34,5,58789,5,2020,-10457.08
1457199443174257152,34,5,58789,6,2020,-9458.84
1457199443174257152,34,5,58789,7,2020,-4619.85
1457199443174257152,34,5,58789,8,2020,-5359.57
1457199443174257152,34,5,58789,9,2020,-4689.03
1457199443174257152,34,5,58789,10,2020,-6928.08
1457199443174257152,34,5,58789,11,2020,-8963.63
1457199443174257152,34,5,58789,12,2020,-8543.77
1457456014045031168,5440,0,17447,1,2020,5168.01
1457456014045031168,5440,0,17447,2,2020,3049.82
1457456014045031168,5440,0,17447,3,2020,-1806.93
1457456014045031168,5440,0,17447,4,2020,-1452.14
1457456014045031168,5440,0,17447,5,2020,-7873.51
1457456014045031168,5440,0,17447,6,2020,-11823.57
1457456014045031168,5440,0,17447,7,2020,-11078.28
1457456014045031168,5440,0,17447,8,2020,-10970.79
1457456014045031168,5440,0,17447,9,2020,-11245.49
1457456014045031168,5440,0,17447,10,2020,-8074.1
1457456014045031168,5440,0,17447,11,2020,-7670.36
1457456014045031168,5440,0,17447,12,2020,-7070.44
1459343989079564544,7487,3,30250,1,2020,2935.59
1459343989079564544,7487,3,30250,2,2020,2638.07
1459343989079564544,7487,3,30250,3,2020,-3112.42
1459343989079564544,7487,3,30250,4,2020,-3159.85
1459343989079564544,7487,3,30250,5,2020,-6667.69
1459343989079564544,7487,3,30250,6,2020,-7720.18
1459343989079564544,7487,3,30250,7,2020,-4919.03
1459343989079564544,7487,3,30250,8,2020,-8510.91
1459343989079564544,7487,3,30250,9,2020,-11355.68
1459343989079564544,7487,3,30250,10,2020,-12312.83
1459343989079564544,7487,3,30250,11,2020,-15081.07
1459343989079564544,7487,3,30250,12,2020,-12196.42
1460306208076323584,3020,6,13968,1,2020,817.22
1460306208076323584,3020,6,13968,2,2020,-47.8
1460306208076323584,3020,6,13968,3,2020,1998.06
1460306208076323584,3020,6,13968,4,2020,1033.84
1460306208076323584,3020,6,13968,5,2020,2314.11
1460306208076323584,3020,6,13968,6,2020,2732.38
1460306208076323584,3020,6,13968,7,2020,1507.84
1460306208076323584,3020,6,13968,8,2020,1209.9
1460306208076323584,3020,6,13968,9,2020,585.8
1460306208076323584,3020,6,13968,10,2020,2395.74
1460306208076323584,3020,6,13968,11,2020,2167.52
1460306208076323584,3020,6,13968,12,2020,2168.02
1460434710731157504,2045,7,32824,1,2020,-763.21
1460434710731157504,2045,7,32824,2,2020,2840.01
1460434710731157504,2045,7,32824,3,2020,-989.88
1460434710731157504,2045,7,32824,4,2020,4255.19
1460434710731157504,2045,7,32824,5,2020,970.03
1460434710731157504,2045,7,32824,6,2020,-4422.56
1460434710731157504,2045,7,32824,7,2020,1232.62
1460434710731157504,2045,7,32824,8,2020,213.19
1460434710731157504,2045,7,32824,9,2020,-5904.28
1460434710731157504,2045,7,32824,10,2020,-6076.86
1460434710731157504,2045,7,32824,11,2020,-4830.78
1460434710731157504,2045,7,32824,12,2020,-3145.26
1460581181922262784,8278,5,11509,1,2020,790.8
1460581181922262784,8278,5,11509,2,2020,67.0
1460581181922262784,8278,5,11509,3,2020,894.24
1460581181922262784,8278,5,11509,4,2020,894.24
1460581181922262784,8278,5,11509,5,2020,11.78
1460581181922262784,8278,5,11509,6,2020,2921.17
1460581181922262784,8278,5,11509,7,2020,5024.15
1460581181922262784,8278,5,11509,8,2020,9432.76
1460581181922262784,8278,5,11509,9,2020,11147.11
1460581181922262784,8278,5,11509,10,2020,11147.11
1460581181922262784,8278,5,11509,11,2020,12443.57
1460581181922262784,8278,5,11509,12,2020,11415.94
1460720213133506304,8580,7,78285,1,2020,1531.34
1460720213133506304,8580,7,78285,2,2020,-3188.98
1460720213133506304,8580,7,78285,3,2020,-5790.99
1460720213133506304,8580,7,78285,4,2020,-7306.14
1460720213133506304,8580,7,78285,5,2020,-13272.26
1460720213133506304,8580,7,78285,6,2020,-20570.49
1460720213133506304,8580,7,78285,7,2020,-19749.1
1460720213133506304,8580,7,78285,8,2020,-25841.37
1460720213133506304,8580,7,78285,9,2020,-25516.06
1460720213133506304,8580,7,78285,10,2020,-17942.76
1460720213133506304,8580,7,78285,11,2020,-10732.81
1460720213133506304,8580,7,78285,12,2020,-16630.3
1460778276916265728,8885,4,83943,1,2020,-2232.69
1460778276916265728,8885,4,83943,2,2020,-4958.45
1460778276916265728,8885,4,83943,3,2020,-9182.18
1460778276916265728,8885,4,83943,4,2020,-9182.18
1460778276916265728,8885,4,83943,5,2020,-323.04
1460778276916265728,8885,4,83943,6,2020,-2964.02
1460778276916265728,8885,4,83943,7,2020,-3830.85
1460778276916265728,8885,4,83943,8,2020,-2781.51
1460778276916265728,8885,4,83943,9,2020,-6108.22
1460778276916265728,8885,4,83943,10,2020,-5317.3
1460778276916265728,8885,4,83943,11,2020,-6154.92
1460778276916265728,8885,4,83943,12,2020,-8761.92
1463657070501962240,6458,9,27584,1,2020,-1962.95
1463657070501962240,6458,9,27584,2,2020,-6621.55
1463657070501962240,6458,9,27584,3,2020,-8349.35
1463657070501962240,6458,9,27584,4,2020,-7905.42
1463657070501962240,6458,9,27584,5,2020,-4983.27
1463657070501962240,6458,9,27584,6,2020,-5161.82
1463657070501962240,6458,9,27584,7,2020,-8175.69
1463657070501962240,6458,9,27584,8,2020,-9861.25
1463657070501962240,6458,9,27584,9,2020,-15785.33
1463657070501962240,6458,9,27584,10,2020,-15845.65
1463657070501962240,6458,9,27584,11,2020,-17580.52
1463657070501962240,6458,9,27584,12,2020,-15449.47
1464045352276699136,7194,0,59478,1,2020,-1138.94
1464045352276699136,7194,0,59478,2,2020,-5448.08
1464045352276699136,7194,0,59478,3,2020,-6422.14
1464045352276699136,7194,0,59478,4,2020,-9334.41
1464045352276699136,7194,0,59478,5,2020,-3128.88
1464045352276699136,7194,0,59478,6,2020,-1022.48
1464045352276699136,7194,0,59478,7,2020,-1836.75
1464045352276699136,7194,0,59478,8,2020,5685.85
1464045352276699136,7194,0,59478,9,2020,11000.08
1464045352276699136,7194,0,59478,10,2020,16323.76
1464045352276699136,7194,0,59478,11,2020,16033.01
1464045352276699136,7194,0,59478,12,2020,12267.13
1464280070608479744,5625,5,48142,1,2020,-3092.14
1464280070608479744,5625,5,48142,2,2020,-6960.24
1464280070608479744,5625,5,48142,3,2020,4127.86
1464280070608479744,5625,5,48142,4,2020,-2654.58
1464280070608479744,5625,5,48142,5,2020,3494.43
1464280070608479744,5625,5,48142,6,2020,-4139.02
1464280070608479744,5625,5,48142,7,2020,6292.49
1464280070608479744,5625,5,48142,8,2020,7279.97
1464280070608479744,5625,5,48142,9,2020,8744.25
1464280070608479744,5625,5,48142,10,2020,8354.21
1464280070608479744,5625,5,48142,11,2020,18478.43
1464280070608479744,5625,5,48142,12,2020,24600.59
1464307209104691456,7183,2,1684,1,2020,-1411.76
1464307209104691456,7183,2,1684,2,2020,368.17
1464307209104691456,7183,2,1684,3,2020,2180.24
1464307209104691456,7183,2,1684,4,2020,1159.96
1464307209104691456,7183,2,1684,5,2020,-392.93
1464307209104691456,7183,2,1684,6,2020,-392.93
1464307209104691456,7183,2,1684,7,2020,-989.32
1464307209104691456,7183,2,1684,8,2020,767.17
1464307209104691456,7183,2,1684,9,2020,1250.64
1464307209104691456,7183,2,1684,10,2020,2252.45
1464307209104691456,7183,2,1684,11,2020,5998.51
1464307209104691456,7183,2,1684,12,2020,4763.96
1465760807941043456,2883,7,25498,1,2020,2794.83
1465760807941043456,2883,7,25498,2,2020,1528.3
1465760807941043456,2883,7,25498,3,2020,1784.49
1465760807941043456,2883,7,25498,4,2020,263.83
1465760807941043456,2883,7,25498,5,2020,-3005.31
1465760807941043456,2883,7,25498,6,2020,-840.24
1465760807941043456,2883,7,25498,7,2020,-770.73
1465760807941043456,2883,7,25498,8,2020,4064.26
1465760807941043456,2883,7,25498,9,2020,7433.59
1465760807941043456,2883,7,25498,10,2020,4377.64
1465760807941043456,2883,7,25498,11,2020,5814.08
1465760807941043456,2883,7,25498,12,2020,11229.72
1465875098219134208,214,2,1242,1,2020,-34.03
1465875098219134208,214,2,1242,2,2020,1253.28
1465875098219134208,214,2,1242,3,2020,1253.28
1465875098219134208,214,2,1242,4,2020,764.78
1465875098219134208,214,2,1242,5,2020,764.78
1465875098219134208,214,2,1242,6,2020,-290.84
1465875098219134208,214,2,1242,7,2020,-1753.35
1465875098219134208,214,2,1242,8,2020,-1180.37
1465875098219134208,214,2,1242,9,2020,-647.18
1465875098219134208,214,2,1242,10,2020,-647.18
1465875098219134208,214,2,1242,11,2020,-647.18
1465875098219134208,214,2,1242,12,2020,-1018.55
1466224360583417600,4133,3,32948,1,2020,0.0
1466224360583417600,4133,3,32948,2,2020,579.52
1466224360583417600,4133,3,32948,3,2020,579.52
1466224360583417600,4133,3,32948,4,2020,579.52
1466224360583417600,4133,3,32948,5,2020,579.52
1466224360583417600,4133,3,32948,6,2020,579.52
1466224360583417600,4133,3,32948,7,2020,579.52
1466224360583417600,4133,3,32948,8,2020,579.52
1466224360583417600,4133,3,32948,9,2020,579.52
1466224360583417600,4133,3,32948,10,2020,1707.02
1466224360583417600,4133,3,32948,11,2020,-8.3
1466224360583417600,4133,3,32948,12,2020,-8.3
1466878427305472512,1500,6,14125,1,2020,-1121.37
