1687728830851722240,9142,2,61519,4,2020,-326.75
1687728830851722240,9142,2,61519,5,2020,-6966.03
1687728830851722240,9142,2,61519,6,2020,-9339.13
1687728830851722240,9142,2,61519,7,2020,-7511.96
1687728830851722240,9142,2,61519,8,2020,-8695.61
1687728830851722240,9142,2,61519,9,2020,-12875.03
1687728830851722240,9142,2,61519,10,2020,-18292.32
1687728830851722240,9142,2,61519,11,2020,-21681.1
1687728830851722240,9142,2,61519,12,2020,-20124.19
1688275138929452800,318,9,91780,1,2020,2781.35
1688275138929452800,318,9,91780,2,2020,3237.89
1688275138929452800,318,9,91780,3,2020,6800.74
1688275138929452800,318,9,91780,4,2020,8235.32
1688275138929452800,318,9,91780,5,2020,10124.34
1688275138929452800,318,9,91780,6,2020,4349.2
1688275138929452800,318,9,91780,7,2020,9611.85
1688275138929452800,318,9,91780,8,2020,-1105.36
1688275138929452800,318,9,91780,9,2020,-3707.79
1688275138929452800,318,9,91780,10,2020,-7812.91
1688275138929452800,318,9,91780,11,2020,-5440.56
1688275138929452800,318,9,91780,12,2020,-12917.45
1688383791351930112,3670,8,94164,1,2020,-9695.67
1688383791351930112,3670,8,94164,2,2020,-8328.9
1688383791351930112,3670,8,94164,3,2020,-8683.67
1688383791351930112,3670,8,94164,4,2020,-12139.9
1688383791351930112,3670,8,94164,5,2020,-12143.54
1688383791351930112,3670,8,94164,6,2020,-16354.56
1688383791351930112,3670,8,94164,7,2020,-7415.7
1688383791351930112,3670,8,94164,8,2020,-9268.16
1688383791351930112,3670,8,94164,9,2020,-18098.55
1688383791351930112,3670,8,94164,10,2020,-25562.87
1688383791351930112,3670,8,94164,11,2020,-25280.79
1688383791351930112,3670,8,94164,12,2020,-15841.68
1688667073174682880,6525,7,65003,1,2020,5452.57
1688667073174682880,6525,7,65003,2,2020,9570.39
1688667073174682880,6525,7,65003,3,2020,10000.58
1688667073174682880,6525,7,65003,4,2020,10977.64
1688667073174682880,6525,7,65003,5,2020,2939.29
1688667073174682880,6525,7,65003,6,2020,1730.32
1688667073174682880,6525,7,65003,7,2020,4212.68
1688667073174682880,6525,7,65003,8,2020,4139.85
1688667073174682880,6525,7,65003,9,2020,1609.42
1688667073174682880,6525,7,65003,10,2020,3610.03
1688667073174682880,6525,7,65003,11,2020,4264.09
1688667073174682880,6525,7,65003,12,2020,7060.19
1688707624930443520,5461,0,5883,1,2020,-3529.8
1688707624930443520,5461,0,5883,2,2020,-2768.6
1688707624930443520,5461,0,5883,3,2020,8096.9
1688707624930443520,5461,0,5883,4,2020,7716.0
1688707624930443520,5461,0,5883,5,2020,6561.83
1688707624930443520,5461,0,5883,6,2020,15734.71
1688707624930443520,5461,0,5883,7,2020,12776.82
1688707624930443520,5461,0,5883,8,2020,8308.65
1688707624930443520,5461,0,5883,9,2020,16924.66
1688707624930443520,5461,0,5883,10,2020,21153.14
1688707624930443520,5461,0,5883,11,2020,22303.2
1688707624930443520,5461,0,5883,12,2020,21999.36
1688857554523240960,1672,7,94866,1,2020,3239.34
1688857554523240960,1672,7,94866,2,2020,7159.28
1688857554523240960,1672,7,94866,3,2020,8147.19
1688857554523240960,1672,7,94866,4,2020,6735.35
1688857554523240960,1672,7,94866,5,2020,2163.72
1688857554523240960,1672,7,94866,6,2020,-4041.56
1688857554523240960,1672,7,94866,7,2020,-1547.74
1688857554523240960,1672,7,94866,8,2020,-2551.53
1688857554523240960,1672,7,94866,9,2020,-6000.33
1688857554523240960,1672,7,94866,10,2020,-10201.15
1688857554523240960,1672,7,94866,11,2020,-10236.46
1688857554523240960,1672,7,94866,12,2020,-13371.21
1693702888147707648,3510,6,25654,1,2020,982.03
1693702888147707648,3510,6,25654,2,2020,1935.6
1693702888147707648,3510,6,25654,3,2020,3997.84
1693702888147707648,3510,6,25654,4,2020,4737.86
1693702888147707648,3510,6,25654,5,2020,5626.97
1693702888147707648,3510,6,25654,6,2020,-256.36
1693702888147707648,3510,6,25654,7,2020,1010.25
1693702888147707648,3510,6,25654,8,2020,2452.34
1693702888147707648,3510,6,25654,9,2020,6943.87
1693702888147707648,3510,6,25654,10,2020,10065.01
1693702888147707648,3510,6,25654,11,2020,9786.02
1693702888147707648,3510,6,25654,12,2020,14249.84
1694284327487255552,6038,6,21196,1,2020,-3006.87
1694284327487255552,6038,6,21196,2,2020,-811.61
1694284327487255552,6038,6,21196,3,2020,-4155.51
1694284327487255552,6038,6,21196,4,2020,-6557.2
1694284327487255552,6038,6,21196,5,2020,-2725.49
1694284327487255552,6038,6,21196,6,2020,-5890.1
1694284327487255552,6038,6,21196,7,2020,-6450.75
1694284327487255552,6038,6,21196,8,2020,-7861.37
1694284327487255552,6038,6,21196,9,2020,-9862.58
1694284327487255552,6038,6,21196,10,2020,-10496.07
1694284327487255552,6038,6,21196,11,2020,-9645.32
1694284327487255552,6038,6,21196,12,2020,-9071.42
1694306322387176960,7365,1,66406,1,2020,1006.68
1694306322387176960,7365,1,66406,2,2020,-10973.71
1694306322387176960,7365,1,66406,3,2020,-7345.35
1694306322387176960,7365,1,66406,4,2020,-8070.07
1694306322387176960,7365,1,66406,5,2020,-17614.16
1694306322387176960,7365,1,66406,6,2020,-12189.07
1694306322387176960,7365,1,66406,7,2020,-22749.67
1694306322387176960,7365,1,66406,8,2020,-21457.02
1694306322387176960,7365,1,66406,9,2020,-25693.51
1694306322387176960,7365,1,66406,10,2020,-16933.86
1694306322387176960,7365,1,66406,11,2020,-24104.44
1694306322387176960,7365,1,66406,12,2020,-21121.34
1694574186145318400,5748,5,36558,1,2020,661.71
1694574186145318400,5748,5,36558,2,2020,6788.81
1694574186145318400,5748,5,36558,3,2020,8396.63
1694574186145318400,5748,5,36558,4,2020,8910.34
1694574186145318400,5748,5,36558,5,2020,5051.47
1694574186145318400,5748,5,36558,6,2020,8030.13
1694574186145318400,5748,5,36558,7,2020,9723.24
1694574186145318400,5748,5,36558,8,2020,9194.82
1694574186145318400,5748,5,36558,9,2020,18618.88
1694574186145318400,5748,5,36558,10,2020,21170.91
1694574186145318400,5748,5,36558,11,2020,19283.77
1694574186145318400,5748,5,36558,12,2020,19775.73
1694933149750223616,238,1,27161,1,2020,-1961.01
1694933149750223616,238,1,27161,2,2020,-5856.64
1694933149750223616,238,1,27161,3,2020,-1035.81
1694933149750223616,238,1,27161,4,2020,-604.28
1694933149750223616,238,1,27161,5,2020,-957.19
1694933149750223616,238,1,27161,6,2020,-894.26
1694933149750223616,238,1,27161,7,2020,-3543.89
1694933149750223616,238,1,27161,8,2020,-279.76
1694933149750223616,238,1,27161,9,2020,1540.32
1694933149750223616,238,1,27161,10,2020,2931.09
1694933149750223616,238,1,27161,11,2020,621.53
1694933149750223616,238,1,27161,12,2020,4499.12
1695893009382136064,2056,8,33714,1,2020,0.0
1695893009382136064,2056,8,33714,2,2020,0.0
1695893009382136064,2056,8,33714,3,2020,873.84
1695893009382136064,2056,8,33714,4,2020,873.84
1695893009382136064,2056,8,33714,5,2020,873.84
1695893009382136064,2056,8,33714,6,2020,1726.79
1695893009382136064,2056,8,33714,7,2020,1726.79
1695893009382136064,2056,8,33714,8,2020,1726.79
1695893009382136064,2056,8,33714,9,2020,1726.79
1695893009382136064,2056,8,33714,10,2020,1726.79
1695893009382136064,2056,8,33714,11,2020,1726.79
1695893009382136064,2056,8,33714,12,2020,424.01
1696293375755796224,7390,4,14253,1,2020,515.86
1696293375755796224,7390,4,14253,2,2020,2252.94
1696293375755796224,7390,4,14253,3,2020,2045.2
1696293375755796224,7390,4,14253,4,2020,5775.58
1696293375755796224,7390,4,14253,5,2020,5641.57
1696293375755796224,7390,4,14253,6,2020,-2303.85
1696293375755796224,7390,4,14253,7,2020,-925.9
1696293375755796224,7390,4,14253,8,2020,2214.8
1696293375755796224,7390,4,14253,9,2020,5418.35
1696293375755796224,7390,4,14253,10,2020,10318.98
1696293375755796224,7390,4,14253,11,2020,5175.96
1696293375755796224,7390,4,14253,12,2020,2109.7
1697260048546000896,1469,8,75978,1,2020,6593.0
1697260048546000896,1469,8,75978,2,2020,13630.69
1697260048546000896,1469,8,75978,3,2020,12872.09
1697260048546000896,1469,8,75978,4,2020,15956.89
1697260048546000896,1469,8,75978,5,2020,23202.17
1697260048546000896,1469,8,75978,6,2020,25825.85
1697260048546000896,1469,8,75978,7,2020,32458.27
1697260048546000896,1469,8,75978,8,2020,30729.93
1697260048546000896,1469,8,75978,9,2020,23777.29
1697260048546000896,1469,8,75978,10,2020,22783.51
1697260048546000896,1469,8,75978,11,2020,24109.22
1697260048546000896,1469,8,75978,12,2020,16688.74
1697369693743596032,1008,5,88761,1,2020,6792.83
1697369693743596032,1008,5,88761,2,2020,17594.0
1697369693743596032,1008,5,88761,3,2020,23938.76
1697369693743596032,1008,5,88761,4,2020,21799.42
1697369693743596032,1008,5,88761,5,2020,24002.94
1697369693743596032,1008,5,88761,6,2020,29553.06
1697369693743596032,1008,5,88761,7,2020,28184.01
1697369693743596032,1008,5,88761,8,2020,33036.77
1697369693743596032,1008,5,88761,9,2020,35279.28
1697369693743596032,1008,5,88761,10,2020,36500.55
1697369693743596032,1008,5,88761,11,2020,36419.93
1697369693743596032,1008,5,88761,12,2020,42182.72
1698015100228622592,156,6,57451,1,2020,1068.22
1698015100228622592,156,6,57451,2,2020,-10491.35
1698015100228622592,156,6,57451,3,2020,-7797.07
1698015100228622592,156,6,57451,4,2020,-11787.92
1698015100228622592,156,6,57451,5,2020,-12267.91
1698015100228622592,156,6,57451,6,2020,-18091.99
1698015100228622592,156,6,57451,7,2020,-19171.24
1698015100228622592,156,6,57451,8,2020,-19619.4
1698015100228622592,156,6,57451,9,2020,-18906.33
1698015100228622592,156,6,57451,10,2020,-18144.67
1698015100228622592,156,6,57451,11,2020,-16908.85
1698015100228622592,156,6,57451,12,2020,-18070.27
1698550080872685824,449,2,79580,1,2020,-2960.58
1698550080872685824,449,2,79580,2,2020,-10567.58
1698550080872685824,449,2,79580,3,2020,-9658.7
1698550080872685824,449,2,79580,4,2020,-12005.88
1698550080872685824,449,2,79580,5,2020,-14918.01
1698550080872685824,449,2,79580,6,2020,-13733.64
1698550080872685824,449,2,79580,7,2020,-8144.82
1698550080872685824,449,2,79580,8,2020,-8632.7
1698550080872685824,449,2,79580,9,2020,-7801.98
1698550080872685824,449,2,79580,10,2020,-8793.76
1698550080872685824,449,2,79580,11,2020,-10281.93
1698550080872685824,449,2,79580,12,2020,-9619.56
1699005824856815872,2018,6,54796,1,2020,1943.07
1699005824856815872,2018,6,54796,2,2020,1482.45
1699005824856815872,2018,6,54796,3,2020,552.64
1699005824856815872,2018,6,54796,4,2020,2264.52
1699005824856815872,2018,6,54796,5,2020,2785.9
1699005824856815872,2018,6,54796,6,2020,3971.85
1699005824856815872,2018,6,54796,7,2020,2172.45
1699005824856815872,2018,6,54796,8,2020,2172.45
1699005824856815872,2018,6,54796,9,2020,2172.45
1699005824856815872,2018,6,54796,10,2020,3943.1
1699005824856815872,2018,6,54796,11,2020,3272.82
1699005824856815872,2018,6,54796,12,2020,2233.62
1699006311462889216,3084,5,24196,1,2020,-964.9
1699006311462889216,3084,5,24196,2,2020,1453.11
1699006311462889216,3084,5,24196,3,2020,4214.99
1699006311462889216,3084,5,24196,4,2020,3108.99
1699006311462889216,3084,5,24196,5,2020,3199.87
1699006311462889216,3084,5,24196,6,2020,3630.62
1699006311462889216,3084,5,24196,7,2020,435.51
1699006311462889216,3084,5,24196,8,2020,72.57
1699006311462889216,3084,5,24196,9,2020,410.22
1699006311462889216,3084,5,24196,10,2020,1493.78
1699006311462889216,3084,5,24196,11,2020,-1760.9
1699006311462889216,3084,5,24196,12,2020,-2849.19
169901856947080384,6134,7,42895,1,2020,1745.95
169901856947080384,6134,7,42895,2,2020,6560.89
169901856947080384,6134,7,42895,3,2020,9350.74
169901856947080384,6134,7,42895,4,2020,11468.77
169901856947080384,6134,7,42895,5,2020,16231.62
169901856947080384,6134,7,42895,6,2020,13583.82
169901856947080384,6134,7,42895,7,2020,12217.26
169901856947080384,6134,7,42895,8,2020,12071.39
169901856947080384,6134,7,42895,9,2020,8454.77
169901856947080384,6134,7,42895,10,2020,5598.19
169901856947080384,6134,7,42895,11,2020,808.6
169901856947080384,6134,7,42895,12,2020,6308.8
1699996191985853440,2380,8,72347,1,2020,-9111.94
1699996191985853440,2380,8,72347,2,2020,-12062.05
1699996191985853440,2380,8,72347,3,2020,-12221.96
1699996191985853440,2380,8,72347,4,2020,-13551.86
1699996191985853440,2380,8,72347,5,2020,-13903.1
