2401023034540708352,4879,2,51412,1,2020,640.71
2401023034540708352,4879,2,51412,2,2020,-237.51
2401023034540708352,4879,2,51412,3,2020,37.81
2401023034540708352,4879,2,51412,4,2020,3546.91
2401023034540708352,4879,2,51412,5,2020,4123.19
2401023034540708352,4879,2,51412,6,2020,4186.29
2401023034540708352,4879,2,51412,7,2020,3981.38
2401023034540708352,4879,2,51412,8,2020,3901.93
2401023034540708352,4879,2,51412,9,2020,-215.66
2401023034540708352,4879,2,51412,10,2020,5141.85
2401023034540708352,4879,2,51412,11,2020,5623.08
2401023034540708352,4879,2,51412,12,2020,2806.02
2401289382455005184,4876,7,37255,1,2020,-3025.17
2401289382455005184,4876,7,37255,2,2020,-1691.13
2401289382455005184,4876,7,37255,3,2020,-413.56
2401289382455005184,4876,7,37255,4,2020,-4465.54
2401289382455005184,4876,7,37255,5,2020,259.93
2401289382455005184,4876,7,37255,6,2020,-4276.69
2401289382455005184,4876,7,37255,7,2020,-2771.37
2401289382455005184,4876,7,37255,8,2020,-3450.26
2401289382455005184,4876,7,37255,9,2020,-9562.89
2401289382455005184,4876,7,37255,10,2020,-8272.86
2401289382455005184,4876,7,37255,11,2020,-5287.31
2401289382455005184,4876,7,37255,12,2020,-7803.16
2401349540693526528,67,3,4701,1,2020,1841.88
2401349540693526528,67,3,4701,2,2020,5488.23
2401349540693526528,67,3,4701,3,2020,5791.05
2401349540693526528,67,3,4701,4,2020,3877.74
2401349540693526528,67,3,4701,5,2020,-1735.32
2401349540693526528,67,3,4701,6,2020,-884.21
2401349540693526528,67,3,4701,7,2020,1306.41
2401349540693526528,67,3,4701,8,2020,2481.8
2401349540693526528,67,3,4701,9,2020,-629.63
2401349540693526528,67,3,4701,10,2020,-1875.38
2401349540693526528,67,3,4701,11,2020,-3862.83
2401349540693526528,67,3,4701,12,2020,-629.39
2401397953910279680,1133,9,44332,1,2020,-2780.87
2401397953910279680,1133,9,44332,2,2020,-3829.17
2401397953910279680,1133,9,44332,3,2020,-5438.48
2401397953910279680,1133,9,44332,4,2020,-2434.66
2401397953910279680,1133,9,44332,5,2020,-6943.37
2401397953910279680,1133,9,44332,6,2020,-4132.47
2401397953910279680,1133,9,44332,7,2020,-9121.47
2401397953910279680,1133,9,44332,8,2020,-10466.25
2401397953910279680,1133,9,44332,9,2020,-13014.29
2401397953910279680,1133,9,44332,10,2020,-7035.07
2401397953910279680,1133,9,44332,11,2020,-5503.98
2401397953910279680,1133,9,44332,12,2020,-7222.44
2401522045076274688,104,2,68041,1,2020,-1305.27
2401522045076274688,104,2,68041,2,2020,174.34
2401522045076274688,104,2,68041,3,2020,-2303.62
2401522045076274688,104,2,68041,4,2020,-938.88
2401522045076274688,104,2,68041,5,2020,2825.89
2401522045076274688,104,2,68041,6,2020,1288.53
2401522045076274688,104,2,68041,7,2020,4541.48
2401522045076274688,104,2,68041,8,2020,4466.19
2401522045076274688,104,2,68041,9,2020,3497.78
2401522045076274688,104,2,68041,10,2020,1218.63
2401522045076274688,104,2,68041,11,2020,-933.13
2401522045076274688,104,2,68041,12,2020,1273.97
24030010077126692,556,4,90863,1,2020,-3509.29
24030010077126692,556,4,90863,2,2020,-5216.52
24030010077126692,556,4,90863,3,2020,-4759.98
24030010077126692,556,4,90863,4,2020,-4737.02
24030010077126692,556,4,90863,5,2020,-2733.47
24030010077126692,556,4,90863,6,2020,664.2
24030010077126692,556,4,90863,7,2020,88.8
24030010077126692,556,4,90863,8,2020,4992.79
24030010077126692,556,4,90863,9,2020,-2013.21
24030010077126692,556,4,90863,10,2020,1544.15
24030010077126692,556,4,90863,11,2020,-2292.25
24030010077126692,556,4,90863,12,2020,165.57
240344571053975936,7915,5,15319,1,2020,15364.98
240344571053975936,7915,5,15319,2,2020,18320.08
240344571053975936,7915,5,15319,3,2020,13164.13
240344571053975936,7915,5,15319,4,2020,15337.27
240344571053975936,7915,5,15319,5,2020,12128.98
240344571053975936,7915,5,15319,6,2020,12219.83
240344571053975936,7915,5,15319,7,2020,7525.34
240344571053975936,7915,5,15319,8,2020,3926.56
240344571053975936,7915,5,15319,9,2020,-1711.13
240344571053975936,7915,5,15319,10,2020,-597.09
240344571053975936,7915,5,15319,11,2020,2769.49
240344571053975936,7915,5,15319,12,2020,6996.64
2407446585810824192,2420,5,77597,1,2020,3249.61
2407446585810824192,2420,5,77597,2,2020,7074.08
2407446585810824192,2420,5,77597,3,2020,99.48
2407446585810824192,2420,5,77597,4,2020,8779.87
2407446585810824192,2420,5,77597,5,2020,4731.13
2407446585810824192,2420,5,77597,6,2020,4397.38
2407446585810824192,2420,5,77597,7,2020,5842.48
2407446585810824192,2420,5,77597,8,2020,6503.33
2407446585810824192,2420,5,77597,9,2020,7823.53
2407446585810824192,2420,5,77597,10,2020,573.73
2407446585810824192,2420,5,77597,11,2020,6484.33
2407446585810824192,2420,5,77597,12,2020,7829.64
2407919194432215040,4889,2,57892,1,2020,1738.12
2407919194432215040,4889,2,57892,2,2020,1383.28
2407919194432215040,4889,2,57892,3,2020,-1973.32
2407919194432215040,4889,2,57892,4,2020,-6497.27
2407919194432215040,4889,2,57892,5,2020,-5716.49
2407919194432215040,4889,2,57892,6,2020,-4739.48
2407919194432215040,4889,2,57892,7,2020,-2732.13
2407919194432215040,4889,2,57892,8,2020,-4430.0
2407919194432215040,4889,2,57892,9,2020,988.22
2407919194432215040,4889,2,57892,10,2020,-4818.29
2407919194432215040,4889,2,57892,11,2020,-3499.33
2407919194432215040,4889,2,57892,12,2020,-8931.97
240821034611075040,3900,4,13756,1,2020,251.78
240821034611075040,3900,4,13756,2,2020,-5309.54
240821034611075040,3900,4,13756,3,2020,-3291.54
240821034611075040,3900,4,13756,4,2020,-4005.24
240821034611075040,3900,4,13756,5,2020,-3953.27
240821034611075040,3900,4,13756,6,2020,-5183.92
240821034611075040,3900,4,13756,7,2020,-4920.58
240821034611075040,3900,4,13756,8,2020,-772.75
240821034611075040,3900,4,13756,9,2020,-3582.04
240821034611075040,3900,4,13756,10,2020,4173.42
240821034611075040,3900,4,13756,11,2020,152.5
240821034611075040,3900,4,13756,12,2020,3609.26
2408910748984416768,9676,8,62782,1,2020,-2618.22
2408910748984416768,9676,8,62782,2,2020,-7034.0
2408910748984416768,9676,8,62782,3,2020,-8422.05
2408910748984416768,9676,8,62782,4,2020,-6316.64
2408910748984416768,9676,8,62782,5,2020,-5157.81
2408910748984416768,9676,8,62782,6,2020,-8119.02
2408910748984416768,9676,8,62782,7,2020,-8745.07
2408910748984416768,9676,8,62782,8,2020,-8160.67
2408910748984416768,9676,8,62782,9,2020,-12765.95
2408910748984416768,9676,8,62782,10,2020,-11447.55
2408910748984416768,9676,8,62782,11,2020,-13966.47
2408910748984416768,9676,8,62782,12,2020,-11653.69
2409958200181726720,6572,3,27540,1,2020,0.0
2409958200181726720,6572,3,27540,2,2020,0.0
2409958200181726720,6572,3,27540,3,2020,0.0
2409958200181726720,6572,3,27540,4,2020,0.0
2409958200181726720,6572,3,27540,5,2020,0.0
2409958200181726720,6572,3,27540,6,2020,0.0
2409958200181726720,6572,3,27540,7,2020,0.0
2409958200181726720,6572,3,27540,8,2020,0.0
2409958200181726720,6572,3,27540,9,2020,0.0
2409958200181726720,6572,3,27540,10,2020,1172.22
2409958200181726720,6572,3,27540,11,2020,1172.22
2409958200181726720,6572,3,27540,12,2020,1172.22
2410490373981861376,8463,0,22300,1,2020,2406.89
2410490373981861376,8463,0,22300,2,2020,-1689.81
2410490373981861376,8463,0,22300,3,2020,268.23
2410490373981861376,8463,0,22300,4,2020,-7438.22
2410490373981861376,8463,0,22300,5,2020,-7970.98
2410490373981861376,8463,0,22300,6,2020,-14941.23
2410490373981861376,8463,0,22300,7,2020,-14669.88
2410490373981861376,8463,0,22300,8,2020,-18462.57
2410490373981861376,8463,0,22300,9,2020,-17818.7
2410490373981861376,8463,0,22300,10,2020,-13746.47
2410490373981861376,8463,0,22300,11,2020,-12764.89
2410490373981861376,8463,0,22300,12,2020,-9732.55
2410639409037228032,6372,1,38164,1,2020,1539.39
2410639409037228032,6372,1,38164,2,2020,1539.39
2410639409037228032,6372,1,38164,3,2020,344.52
2410639409037228032,6372,1,38164,4,2020,344.52
2410639409037228032,6372,1,38164,5,2020,344.52
2410639409037228032,6372,1,38164,6,2020,344.52
2410639409037228032,6372,1,38164,7,2020,344.52
2410639409037228032,6372,1,38164,8,2020,344.52
2410639409037228032,6372,1,38164,9,2020,762.09
2410639409037228032,6372,1,38164,10,2020,2307.4
2410639409037228032,6372,1,38164,11,2020,2307.4
2410639409037228032,6372,1,38164,12,2020,2307.4
2410907920775945216,724,2,34916,1,2020,720.17
2410907920775945216,724,2,34916,2,2020,-184.86
2410907920775945216,724,2,34916,3,2020,5511.93
2410907920775945216,724,2,34916,4,2020,7901.71
2410907920775945216,724,2,34916,5,2020,7088.83
2410907920775945216,724,2,34916,6,2020,19313.64
2410907920775945216,724,2,34916,7,2020,14660.94
2410907920775945216,724,2,34916,8,2020,12046.07
2410907920775945216,724,2,34916,9,2020,15007.68
2410907920775945216,724,2,34916,10,2020,16301.58
2410907920775945216,724,2,34916,11,2020,13288.18
2410907920775945216,724,2,34916,12,2020,14204.98
2411068658241079808,3997,3,7427,1,2020,-2101.15
2411068658241079808,3997,3,7427,2,2020,-5088.12
2411068658241079808,3997,3,7427,3,2020,-6671.42
2411068658241079808,3997,3,7427,4,2020,-4592.03
2411068658241079808,3997,3,7427,5,2020,610.43
2411068658241079808,3997,3,7427,6,2020,-943.41
2411068658241079808,3997,3,7427,7,2020,4350.55
2411068658241079808,3997,3,7427,8,2020,2527.18
2411068658241079808,3997,3,7427,9,2020,4908.83
2411068658241079808,3997,3,7427,10,2020,5937.93
2411068658241079808,3997,3,7427,11,2020,9976.03
2411068658241079808,3997,3,7427,12,2020,15053.0
2413095342474352128,9499,3,69595,1,2020,3760.72
2413095342474352128,9499,3,69595,2,2020,1473.62
2413095342474352128,9499,3,69595,3,2020,4347.36
2413095342474352128,9499,3,69595,4,2020,5017.82
2413095342474352128,9499,3,69595,5,2020,8859.71
2413095342474352128,9499,3,69595,6,2020,9336.25
2413095342474352128,9499,3,69595,7,2020,6209.9
2413095342474352128,9499,3,69595,8,2020,7986.79
2413095342474352128,9499,3,69595,9,2020,3579.7
2413095342474352128,9499,3,69595,10,2020,9771.48
2413095342474352128,9499,3,69595,11,2020,5752.43
2413095342474352128,9499,3,69595,12,2020,7513.64
2414680610979247616,8398,3,2686,1,2020,7073.05
2414680610979247616,8398,3,2686,2,2020,8081.27
2414680610979247616,8398,3,2686,3,2020,8045.93
2414680610979247616,8398,3,2686,4,2020,13194.69
2414680610979247616,8398,3,2686,5,2020,10698.33
2414680610979247616,8398,3,2686,6,2020,732.83
2414680610979247616,8398,3,2686,7,2020,-4543.62
2414680610979247616,8398,3,2686,8,2020,-13722.79
2414680610979247616,8398,3,2686,9,2020,-16102.68
2414680610979247616,8398,3,2686,10,2020,-15852.15
2414680610979247616,8398,3,2686,11,2020,-17184.76
2414680610979247616,8398,3,2686,12,2020,-15769.5
2415067679263659520,8745,9,78306,1,2020,-776.49
2415067679263659520,8745,9,78306,2,2020,1768.8
2415067679263659520,8745,9,78306,3,2020,5958.33
2415067679263659520,8745,9,78306,4,2020,10940.12
2415067679263659520,8745,9,78306,5,2020,7665.97
2415067679263659520,8745,9,78306,6,2020,7324.32
2415067679263659520,8745,9,78306,7,2020,8290.68
2415067679263659520,8745,9,78306,8,2020,11264.2
2415067679263659520,8745,9,78306,9,2020,11001.29
2415067679263659520,8745,9,78306,10,2020,8735.55
2415067679263659520,8745,9,78306,11,2020,11441.36
2415067679263659520,8745,9,78306,12,2020,10628.32
2415263198175183872,5709,1,84007,1,2020,-2710.86
2415263198175183872,5709,1,84007,2,2020,-6832.61
2415263198175183872,5709,1,84007,3,2020,-3974.99
2415263198175183872,5709,1,84007,4,2020,-6977.66
2415263198175183872,5709,1,84007,5,2020,-10450.36
2415263198175183872,5709,1,84007,6,2020,-12180.91
2415263198175183872,5709,1,84007,7,2020,-9182.88
2415263198175183872,5709,1,84007,8,2020,-7199.2
2415263198175183872,5709,1,84007,9,2020,-3877.47
2415263198175183872,5709,1,84007,10,2020,-1568.74
