1268258183375556608,9903,3,17302,5,2020,-622.75
1268258183375556608,9903,3,17302,6,2020,558.28
1268258183375556608,9903,3,17302,7,2020,501.17
1268258183375556608,9903,3,17302,8,2020,-1496.52
1268258183375556608,9903,3,17302,9,2020,-3819.97
1268258183375556608,9903,3,17302,10,2020,-6129.48
1268258183375556608,9903,3,17302,11,2020,-7081.31
1268258183375556608,9903,3,17302,12,2020,-4277.34
1268407383499190016,9835,6,67297,1,2020,4790.56
1268407383499190016,9835,6,67297,2,2020,945.5
1268407383499190016,9835,6,67297,3,2020,2726.82
1268407383499190016,9835,6,67297,4,2020,-807.78
1268407383499190016,9835,6,67297,5,2020,-2712.88
1268407383499190016,9835,6,67297,6,2020,-1061.96
1268407383499190016,9835,6,67297,7,2020,4289.71
1268407383499190016,9835,6,67297,8,2020,1507.52
1268407383499190016,9835,6,67297,9,2020,93.05
1268407383499190016,9835,6,67297,10,2020,2584.95
1268407383499190016,9835,6,67297,11,2020,5777.03
1268407383499190016,9835,6,67297,12,2020,9442.72
1268855830970081024,6695,2,58939,1,2020,1389.59
1268855830970081024,6695,2,58939,2,2020,536.13
1268855830970081024,6695,2,58939,3,2020,-6793.54
1268855830970081024,6695,2,58939,4,2020,-881.6
1268855830970081024,6695,2,58939,5,2020,-4376.53
1268855830970081024,6695,2,58939,6,2020,-7107.12
1268855830970081024,6695,2,58939,7,2020,-12225.2
1268855830970081024,6695,2,58939,8,2020,-9183.47
1268855830970081024,6695,2,58939,9,2020,-3953.44
1268855830970081024,6695,2,58939,10,2020,-7100.28
1268855830970081024,6695,2,58939,11,2020,-6018.53
1268855830970081024,6695,2,58939,12,2020,-6917.46
1269972999925683200,9721,2,65034,1,2020,-1860.39
1269972999925683200,9721,2,65034,2,2020,4083.24
1269972999925683200,9721,2,65034,3,2020,9160.88
1269972999925683200,9721,2,65034,4,2020,13968.42
1269972999925683200,9721,2,65034,5,2020,6818.09
1269972999925683200,9721,2,65034,6,2020,6819.96
1269972999925683200,9721,2,65034,7,2020,-360.55
1269972999925683200,9721,2,65034,8,2020,3180.77
1269972999925683200,9721,2,65034,9,2020,4820.68
1269972999925683200,9721,2,65034,10,2020,6718.31
1269972999925683200,9721,2,65034,11,2020,11448.62
1269972999925683200,9721,2,65034,12,2020,15768.12
1271066043070129408,9814,5,53046,1,2020,7489.42
1271066043070129408,9814,5,53046,2,2020,5913.38
1271066043070129408,9814,5,53046,3,2020,2060.36
1271066043070129408,9814,5,53046,4,2020,1100.19
1271066043070129408,9814,5,53046,5,2020,512.78
1271066043070129408,9814,5,53046,6,2020,558.81
1271066043070129408,9814,5,53046,7,2020,2880.67
1271066043070129408,9814,5,53046,8,2020,-4382.09
1271066043070129408,9814,5,53046,9,2020,924.24
1271066043070129408,9814,5,53046,10,2020,2465.28
1271066043070129408,9814,5,53046,11,2020,3882.17
1271066043070129408,9814,5,53046,12,2020,2340.1
1271087079200614144,4733,3,27999,1,2020,935.94
1271087079200614144,4733,3,27999,2,2020,-440.6
1271087079200614144,4733,3,27999,3,2020,-3147.1
1271087079200614144,4733,3,27999,4,2020,-5507.08
1271087079200614144,4733,3,27999,5,2020,-4893.56
1271087079200614144,4733,3,27999,6,2020,-4625.56
1271087079200614144,4733,3,27999,7,2020,-7606.33
1271087079200614144,4733,3,27999,8,2020,-6452.13
1271087079200614144,4733,3,27999,9,2020,-8666.9
1271087079200614144,4733,3,27999,10,2020,-15199.02
1271087079200614144,4733,3,27999,11,2020,-18652.49
1271087079200614144,4733,3,27999,12,2020,-17092.96
1273649266161571584,1766,4,38767,1,2020,4546.69
1273649266161571584,1766,4,38767,2,2020,5928.96
1273649266161571584,1766,4,38767,3,2020,7586.0
1273649266161571584,1766,4,38767,4,2020,6705.45
1273649266161571584,1766,4,38767,5,2020,2542.78
1273649266161571584,1766,4,38767,6,2020,4621.96
1273649266161571584,1766,4,38767,7,2020,1569.29
1273649266161571584,1766,4,38767,8,2020,-6015.1
1273649266161571584,1766,4,38767,9,2020,-3163.14
1273649266161571584,1766,4,38767,10,2020,-8611.49
1273649266161571584,1766,4,38767,11,2020,-5013.52
1273649266161571584,1766,4,38767,12,2020,-3326.8
1274287818230967808,8243,8,90063,1,2020,4132.87
1274287818230967808,8243,8,90063,2,2020,2239.84
1274287818230967808,8243,8,90063,3,2020,1174.11
1274287818230967808,8243,8,90063,4,2020,2246.95
1274287818230967808,8243,8,90063,5,2020,206.37
1274287818230967808,8243,8,90063,6,2020,-2957.41
1274287818230967808,8243,8,90063,7,2020,-5121.73
1274287818230967808,8243,8,90063,8,2020,-10113.33
1274287818230967808,8243,8,90063,9,2020,-12623.19
1274287818230967808,8243,8,90063,10,2020,-11868.6
1274287818230967808,8243,8,90063,11,2020,-12196.71
1274287818230967808,8243,8,90063,12,2020,-18053.61
1274687628637620480,9605,7,99082,1,2020,3812.96
1274687628637620480,9605,7,99082,2,2020,9780.67
1274687628637620480,9605,7,99082,3,2020,1812.84
1274687628637620480,9605,7,99082,4,2020,-1670.34
1274687628637620480,9605,7,99082,5,2020,-4420.97
1274687628637620480,9605,7,99082,6,2020,-2275.34
1274687628637620480,9605,7,99082,7,2020,455.28
1274687628637620480,9605,7,99082,8,2020,-1003.47
1274687628637620480,9605,7,99082,9,2020,4379.83
1274687628637620480,9605,7,99082,10,2020,5422.73
1274687628637620480,9605,7,99082,11,2020,2633.33
1274687628637620480,9605,7,99082,12,2020,6648.38
1275071511112185856,445,0,557,1,2020,179.26
1275071511112185856,445,0,557,2,2020,-1429.41
1275071511112185856,445,0,557,3,2020,2737.99
1275071511112185856,445,0,557,4,2020,-892.37
1275071511112185856,445,0,557,5,2020,490.99
1275071511112185856,445,0,557,6,2020,-2946.95
1275071511112185856,445,0,557,7,2020,183.69
1275071511112185856,445,0,557,8,2020,-1139.56
1275071511112185856,445,0,557,9,2020,-227.13
1275071511112185856,445,0,557,10,2020,-2365.86
1275071511112185856,445,0,557,11,2020,-523.08
1275071511112185856,445,0,557,12,2020,9605.87
1276495318521736960,3750,8,36059,1,2020,4322.1
1276495318521736960,3750,8,36059,2,2020,5113.64
1276495318521736960,3750,8,36059,3,2020,4911.29
1276495318521736960,3750,8,36059,4,2020,7141.74
1276495318521736960,3750,8,36059,5,2020,-545.3
1276495318521736960,3750,8,36059,6,2020,-414.13
1276495318521736960,3750,8,36059,7,2020,-2759.19
1276495318521736960,3750,8,36059,8,2020,-1840.14
1276495318521736960,3750,8,36059,9,2020,-2713.6
1276495318521736960,3750,8,36059,10,2020,-1327.35
1276495318521736960,3750,8,36059,11,2020,6186.0
1276495318521736960,3750,8,36059,12,2020,9301.22
1279426175705112576,3862,7,86106,1,2020,10456.17
1279426175705112576,3862,7,86106,2,2020,8564.12
1279426175705112576,3862,7,86106,3,2020,4877.72
1279426175705112576,3862,7,86106,4,2020,5225.3
1279426175705112576,3862,7,86106,5,2020,4225.3
1279426175705112576,3862,7,86106,6,2020,-7651.27
1279426175705112576,3862,7,86106,7,2020,-10417.92
1279426175705112576,3862,7,86106,8,2020,-12076.13
1279426175705112576,3862,7,86106,9,2020,-17226.1
1279426175705112576,3862,7,86106,10,2020,-20134.34
1279426175705112576,3862,7,86106,11,2020,-21240.31
1279426175705112576,3862,7,86106,12,2020,-18735.46
1280242765825734144,6179,7,32390,1,2020,-829.75
1280242765825734144,6179,7,32390,2,2020,-3401.49
1280242765825734144,6179,7,32390,3,2020,394.09
1280242765825734144,6179,7,32390,4,2020,4175.95
1280242765825734144,6179,7,32390,5,2020,4244.25
1280242765825734144,6179,7,32390,6,2020,2630.71
1280242765825734144,6179,7,32390,7,2020,1033.5
1280242765825734144,6179,7,32390,8,2020,2165.66
1280242765825734144,6179,7,32390,9,2020,-1113.98
1280242765825734144,6179,7,32390,10,2020,-2300.08
1280242765825734144,6179,7,32390,11,2020,-831.03
1280242765825734144,6179,7,32390,12,2020,-522.21
1281583092480934656,1643,8,54191,1,2020,7508.05
1281583092480934656,1643,8,54191,2,2020,13844.41
1281583092480934656,1643,8,54191,3,2020,16554.9
1281583092480934656,1643,8,54191,4,2020,16900.96
1281583092480934656,1643,8,54191,5,2020,13158.68
1281583092480934656,1643,8,54191,6,2020,12437.31
1281583092480934656,1643,8,54191,7,2020,10149.42
1281583092480934656,1643,8,54191,8,2020,10177.95
1281583092480934656,1643,8,54191,9,2020,12510.12
1281583092480934656,1643,8,54191,10,2020,8922.27
1281583092480934656,1643,8,54191,11,2020,8382.83
1281583092480934656,1643,8,54191,12,2020,4237.47
1286130023396809216,5273,6,71762,1,2020,3162.89
1286130023396809216,5273,6,71762,2,2020,8901.33
1286130023396809216,5273,6,71762,3,2020,13181.72
1286130023396809216,5273,6,71762,4,2020,19447.36
1286130023396809216,5273,6,71762,5,2020,24266.1
1286130023396809216,5273,6,71762,6,2020,24568.49
1286130023396809216,5273,6,71762,7,2020,21446.8
1286130023396809216,5273,6,71762,8,2020,18001.51
1286130023396809216,5273,6,71762,9,2020,20083.15
1286130023396809216,5273,6,71762,10,2020,25176.62
1286130023396809216,5273,6,71762,11,2020,24934.29
1286130023396809216,5273,6,71762,12,2020,18490.42
1287484297503140864,1751,2,84013,1,2020,-1244.94
1287484297503140864,1751,2,84013,2,2020,7053.12
1287484297503140864,1751,2,84013,3,2020,11498.51
1287484297503140864,1751,2,84013,4,2020,8898.78
1287484297503140864,1751,2,84013,5,2020,11611.86
1287484297503140864,1751,2,84013,6,2020,7329.39
1287484297503140864,1751,2,84013,7,2020,5524.38
1287484297503140864,1751,2,84013,8,2020,11602.7
1287484297503140864,1751,2,84013,9,2020,13788.45
1287484297503140864,1751,2,84013,10,2020,12722.08
1287484297503140864,1751,2,84013,11,2020,7032.11
1287484297503140864,1751,2,84013,12,2020,7607.29
1290572864069776128,9088,1,78374,1,2020,6310.19
1290572864069776128,9088,1,78374,2,2020,1499.01
1290572864069776128,9088,1,78374,3,2020,9569.68
1290572864069776128,9088,1,78374,4,2020,15018.84
1290572864069776128,9088,1,78374,5,2020,12503.59
1290572864069776128,9088,1,78374,6,2020,14143.14
1290572864069776128,9088,1,78374,7,2020,17318.04
1290572864069776128,9088,1,78374,8,2020,15348.08
1290572864069776128,9088,1,78374,9,2020,9227.68
1290572864069776128,9088,1,78374,10,2020,-3722.91
1290572864069776128,9088,1,78374,11,2020,-630.78
1290572864069776128,9088,1,78374,12,2020,-9951.55
1291510744095379712,973,0,90575,1,2020,376.19
1291510744095379712,973,0,90575,2,2020,-139.47
1291510744095379712,973,0,90575,3,2020,724.8
1291510744095379712,973,0,90575,4,2020,2082.13
1291510744095379712,973,0,90575,5,2020,2082.13
1291510744095379712,973,0,90575,6,2020,520.39
1291510744095379712,973,0,90575,7,2020,520.39
1291510744095379712,973,0,90575,8,2020,-922.23
1291510744095379712,973,0,90575,9,2020,913.53
1291510744095379712,973,0,90575,10,2020,913.53
1291510744095379712,973,0,90575,11,2020,2806.3
1291510744095379712,973,0,90575,12,2020,2201.19
1291807757940000256,7919,9,94074,1,2020,-4060.94
1291807757940000256,7919,9,94074,2,2020,-4852.31
1291807757940000256,7919,9,94074,3,2020,-13454.0
1291807757940000256,7919,9,94074,4,2020,-8085.57
1291807757940000256,7919,9,94074,5,2020,-925.39
1291807757940000256,7919,9,94074,6,2020,-3470.8
1291807757940000256,7919,9,94074,7,2020,-8722.28
1291807757940000256,7919,9,94074,8,2020,-12942.52
1291807757940000256,7919,9,94074,9,2020,-12625.64
1291807757940000256,7919,9,94074,10,2020,-9087.4
1291807757940000256,7919,9,94074,11,2020,-8463.58
1291807757940000256,7919,9,94074,12,2020,-11667.48
1292285505317674240,1493,1,13679,1,2020,0.0
1292285505317674240,1493,1,13679,2,2020,722.72
1292285505317674240,1493,1,13679,3,2020,-18.95
1292285505317674240,1493,1,13679,4,2020,-674.47
1292285505317674240,1493,1,13679,5,2020,-674.47
1292285505317674240,1493,1,13679,6,2020,1481.97
1292285505317674240,1493,1,13679,7,2020,1481.97
1292285505317674240,1493,1,13679,8,2020,-38.19
1292285505317674240,1493,1,13679,9,2020,-38.19
1292285505317674240,1493,1,13679,10,2020,-38.19
1292285505317674240,1493,1,13679,11,2020,-1074.46
1292285505317674240,1493,1,13679,12,2020,-1074.46
1292579669853481216,5226,1,84938,1,2020,-3289.55
1292579669853481216,5226,1,84938,2,2020,-2735.1
1292579669853481216,5226,1,84938,3,2020,-1844.06
