1814360241823186688,2041,6,92677,3,2020,-6978.48
1814360241823186688,2041,6,92677,4,2020,-1900.32
1814360241823186688,2041,6,92677,5,2020,-746.6
1814360241823186688,2041,6,92677,6,2020,652.44
1814360241823186688,2041,6,92677,7,2020,-1453.37
1814360241823186688,2041,6,92677,8,2020,-3007.6
1814360241823186688,2041,6,92677,9,2020,3416.69
1814360241823186688,2041,6,92677,10,2020,286.35
1814360241823186688,2041,6,92677,11,2020,1239.21
1814360241823186688,2041,6,92677,12,2020,2986.24
181441195457892448,8150,1,67102,1,2020,275.23
181441195457892448,8150,1,67102,2,2020,-446.58
181441195457892448,8150,1,67102,3,2020,-4113.15
181441195457892448,8150,1,67102,4,2020,-877.76
181441195457892448,8150,1,67102,5,2020,2627.64
181441195457892448,8150,1,67102,6,2020,493.34
181441195457892448,8150,1,67102,7,2020,279.65
181441195457892448,8150,1,67102,8,2020,-2920.75
181441195457892448,8150,1,67102,9,2020,-4121.51
181441195457892448,8150,1,67102,10,2020,-3690.39
181441195457892448,8150,1,67102,11,2020,-548.29
181441195457892448,8150,1,67102,12,2020,-2298.97
1814715577253248256,7878,9,47605,1,2020,-380.38
1814715577253248256,7878,9,47605,2,2020,-2453.64
1814715577253248256,7878,9,47605,3,2020,895.07
1814715577253248256,7878,9,47605,4,2020,-778.85
1814715577253248256,7878,9,47605,5,2020,-70.98
1814715577253248256,7878,9,47605,6,2020,4695.6
1814715577253248256,7878,9,47605,7,2020,4890.23
1814715577253248256,7878,9,47605,8,2020,4890.23
1814715577253248256,7878,9,47605,9,2020,-2051.87
1814715577253248256,7878,9,47605,10,2020,-5798.18
1814715577253248256,7878,9,47605,11,2020,-7788.52
1814715577253248256,7878,9,47605,12,2020,-9325.69
1815247132015143168,5052,2,30712,1,2020,0.0
1815247132015143168,5052,2,30712,2,2020,0.0
1815247132015143168,5052,2,30712,3,2020,-723.55
1815247132015143168,5052,2,30712,4,2020,-723.55
1815247132015143168,5052,2,30712,5,2020,-723.55
1815247132015143168,5052,2,30712,6,2020,-723.55
1815247132015143168,5052,2,30712,7,2020,-723.55
1815247132015143168,5052,2,30712,8,2020,-723.55
1815247132015143168,5052,2,30712,9,2020,-723.55
1815247132015143168,5052,2,30712,10,2020,-723.55
1815247132015143168,5052,2,30712,11,2020,-723.55
1815247132015143168,5052,2,30712,12,2020,-723.55
1815265566417423104,9467,4,24238,1,2020,5257.74
1815265566417423104,9467,4,24238,2,2020,3628.04
1815265566417423104,9467,4,24238,3,2020,-1568.29
1815265566417423104,9467,4,24238,4,2020,-7812.76
1815265566417423104,9467,4,24238,5,2020,-7854.14
1815265566417423104,9467,4,24238,6,2020,-7378.33
1815265566417423104,9467,4,24238,7,2020,-5517.83
1815265566417423104,9467,4,24238,8,2020,-7599.97
1815265566417423104,9467,4,24238,9,2020,-3645.16
1815265566417423104,9467,4,24238,10,2020,-1912.39
1815265566417423104,9467,4,24238,11,2020,7.3
1815265566417423104,9467,4,24238,12,2020,-2576.73
1815449859622905344,1924,5,92595,1,2020,-1888.24
1815449859622905344,1924,5,92595,2,2020,-3051.09
1815449859622905344,1924,5,92595,3,2020,-2174.8
1815449859622905344,1924,5,92595,4,2020,-1169.21
1815449859622905344,1924,5,92595,5,2020,1637.55
1815449859622905344,1924,5,92595,6,2020,2654.56
1815449859622905344,1924,5,92595,7,2020,-8420.54
1815449859622905344,1924,5,92595,8,2020,-3874.44
1815449859622905344,1924,5,92595,9,2020,-5353.34
1815449859622905344,1924,5,92595,10,2020,-1956.15
1815449859622905344,1924,5,92595,11,2020,234.52
1815449859622905344,1924,5,92595,12,2020,-303.59
181773858817361856,4653,1,25535,1,2020,2509.11
181773858817361856,4653,1,25535,2,2020,3238.94
181773858817361856,4653,1,25535,3,2020,1004.38
181773858817361856,4653,1,25535,4,2020,-198.55
181773858817361856,4653,1,25535,5,2020,557.94
181773858817361856,4653,1,25535,6,2020,2088.41
181773858817361856,4653,1,25535,7,2020,-4344.29
181773858817361856,4653,1,25535,8,2020,-6538.16
181773858817361856,4653,1,25535,9,2020,-13697.64
181773858817361856,4653,1,25535,10,2020,-17388.68
181773858817361856,4653,1,25535,11,2020,-14703.27
181773858817361856,4653,1,25535,12,2020,-14044.62
1818351675824643328,7468,0,28123,1,2020,-9653.74
1818351675824643328,7468,0,28123,2,2020,-4652.54
1818351675824643328,7468,0,28123,3,2020,-2711.71
1818351675824643328,7468,0,28123,4,2020,-1406.82
1818351675824643328,7468,0,28123,5,2020,-1374.2
1818351675824643328,7468,0,28123,6,2020,2388.04
1818351675824643328,7468,0,28123,7,2020,-476.67
1818351675824643328,7468,0,28123,8,2020,2336.54
1818351675824643328,7468,0,28123,9,2020,-2869.41
1818351675824643328,7468,0,28123,10,2020,16.58
1818351675824643328,7468,0,28123,11,2020,-2547.91
1818351675824643328,7468,0,28123,12,2020,-57.69
1818604086560825088,5860,7,93977,1,2020,1992.08
1818604086560825088,5860,7,93977,2,2020,2489.08
1818604086560825088,5860,7,93977,3,2020,3479.2
1818604086560825088,5860,7,93977,4,2020,5460.03
1818604086560825088,5860,7,93977,5,2020,2599.95
1818604086560825088,5860,7,93977,6,2020,2028.38
1818604086560825088,5860,7,93977,7,2020,247.54
1818604086560825088,5860,7,93977,8,2020,2419.51
1818604086560825088,5860,7,93977,9,2020,3719.52
1818604086560825088,5860,7,93977,10,2020,5792.88
1818604086560825088,5860,7,93977,11,2020,9833.86
1818604086560825088,5860,7,93977,12,2020,8519.5
1818868432293790208,2488,1,72563,1,2020,-4325.85
1818868432293790208,2488,1,72563,2,2020,-3561.07
1818868432293790208,2488,1,72563,3,2020,627.96
1818868432293790208,2488,1,72563,4,2020,2450.71
1818868432293790208,2488,1,72563,5,2020,-2365.69
1818868432293790208,2488,1,72563,6,2020,-6147.29
1818868432293790208,2488,1,72563,7,2020,-9547.94
1818868432293790208,2488,1,72563,8,2020,-8558.11
1818868432293790208,2488,1,72563,9,2020,-8818.23
1818868432293790208,2488,1,72563,10,2020,-12801.3
1818868432293790208,2488,1,72563,11,2020,-11396.8
1818868432293790208,2488,1,72563,12,2020,-11126.27
1822512540386443264,6143,6,17244,1,2020,3993.09
1822512540386443264,6143,6,17244,2,2020,15175.74
1822512540386443264,6143,6,17244,3,2020,15876.47
1822512540386443264,6143,6,17244,4,2020,20700.18
1822512540386443264,6143,6,17244,5,2020,28577.74
1822512540386443264,6143,6,17244,6,2020,30458.7
1822512540386443264,6143,6,17244,7,2020,24543.35
1822512540386443264,6143,6,17244,8,2020,22864.94
1822512540386443264,6143,6,17244,9,2020,20713.2
1822512540386443264,6143,6,17244,10,2020,18016.23
1822512540386443264,6143,6,17244,11,2020,24043.47
1822512540386443264,6143,6,17244,12,2020,23672.32
1822541511988021760,5237,2,413,1,2020,6678.92
1822541511988021760,5237,2,413,2,2020,7870.87
1822541511988021760,5237,2,413,3,2020,10171.75
1822541511988021760,5237,2,413,4,2020,8827.56
1822541511988021760,5237,2,413,5,2020,6918.39
1822541511988021760,5237,2,413,6,2020,2765.14
1822541511988021760,5237,2,413,7,2020,1666.19
1822541511988021760,5237,2,413,8,2020,-511.79
1822541511988021760,5237,2,413,9,2020,481.85
1822541511988021760,5237,2,413,10,2020,2271.02
1822541511988021760,5237,2,413,11,2020,5676.46
1822541511988021760,5237,2,413,12,2020,9046.15
1823813064563019520,93,5,79864,1,2020,5568.73
1823813064563019520,93,5,79864,2,2020,4636.19
1823813064563019520,93,5,79864,3,2020,15111.57
1823813064563019520,93,5,79864,4,2020,10648.36
1823813064563019520,93,5,79864,5,2020,9769.03
1823813064563019520,93,5,79864,6,2020,7782.52
1823813064563019520,93,5,79864,7,2020,10948.49
1823813064563019520,93,5,79864,8,2020,11945.99
1823813064563019520,93,5,79864,9,2020,10901.1
1823813064563019520,93,5,79864,10,2020,9428.11
1823813064563019520,93,5,79864,11,2020,17187.85
1823813064563019520,93,5,79864,12,2020,17527.67
1824516475887801088,9186,8,73485,1,2020,-1175.96
1824516475887801088,9186,8,73485,2,2020,3725.45
1824516475887801088,9186,8,73485,3,2020,5250.52
1824516475887801088,9186,8,73485,4,2020,3103.11
1824516475887801088,9186,8,73485,5,2020,6061.38
1824516475887801088,9186,8,73485,6,2020,4143.23
1824516475887801088,9186,8,73485,7,2020,1890.71
1824516475887801088,9186,8,73485,8,2020,4318.44
1824516475887801088,9186,8,73485,9,2020,4063.36
1824516475887801088,9186,8,73485,10,2020,9494.14
1824516475887801088,9186,8,73485,11,2020,8753.86
1824516475887801088,9186,8,73485,12,2020,7469.42
1825006092083845376,25,8,91343,1,2020,3122.13
1825006092083845376,25,8,91343,2,2020,2603.37
1825006092083845376,25,8,91343,3,2020,3204.18
1825006092083845376,25,8,91343,4,2020,5307.11
1825006092083845376,25,8,91343,5,2020,5928.42
1825006092083845376,25,8,91343,6,2020,6152.08
1825006092083845376,25,8,91343,7,2020,7916.31
1825006092083845376,25,8,91343,8,2020,6183.28
1825006092083845376,25,8,91343,9,2020,7275.38
1825006092083845376,25,8,91343,10,2020,2301.66
1825006092083845376,25,8,91343,11,2020,4285.61
1825006092083845376,25,8,91343,12,2020,10788.84
1825823009356839168,4607,3,32661,1,2020,7932.59
1825823009356839168,4607,3,32661,2,2020,10704.98
1825823009356839168,4607,3,32661,3,2020,20315.21
1825823009356839168,4607,3,32661,4,2020,23985.18
1825823009356839168,4607,3,32661,5,2020,19681.39
1825823009356839168,4607,3,32661,6,2020,24186.15
1825823009356839168,4607,3,32661,7,2020,18119.51
1825823009356839168,4607,3,32661,8,2020,13269.19
1825823009356839168,4607,3,32661,9,2020,11461.77
1825823009356839168,4607,3,32661,10,2020,17326.97
1825823009356839168,4607,3,32661,11,2020,23243.74
1825823009356839168,4607,3,32661,12,2020,13686.66
1826611629850780416,2956,8,77936,1,2020,-4309.15
1826611629850780416,2956,8,77936,2,2020,-5485.75
1826611629850780416,2956,8,77936,3,2020,-6070.09
1826611629850780416,2956,8,77936,4,2020,-6533.25
1826611629850780416,2956,8,77936,5,2020,961.72
1826611629850780416,2956,8,77936,6,2020,1297.24
1826611629850780416,2956,8,77936,7,2020,1417.92
1826611629850780416,2956,8,77936,8,2020,-393.86
1826611629850780416,2956,8,77936,9,2020,-2191.92
1826611629850780416,2956,8,77936,10,2020,-9798.07
1826611629850780416,2956,8,77936,11,2020,-13915.8
1826611629850780416,2956,8,77936,12,2020,-10542.62
1828107135564716544,5567,2,45206,1,2020,5709.09
1828107135564716544,5567,2,45206,2,2020,7424.67
1828107135564716544,5567,2,45206,3,2020,6596.46
1828107135564716544,5567,2,45206,4,2020,9728.64
1828107135564716544,5567,2,45206,5,2020,9904.33
1828107135564716544,5567,2,45206,6,2020,6882.17
1828107135564716544,5567,2,45206,7,2020,7239.82
1828107135564716544,5567,2,45206,8,2020,8135.52
1828107135564716544,5567,2,45206,9,2020,12961.43
1828107135564716544,5567,2,45206,10,2020,15229.47
1828107135564716544,5567,2,45206,11,2020,18143.9
1828107135564716544,5567,2,45206,12,2020,16458.22
1828193496422461184,1279,8,10905,1,2020,-4696.63
1828193496422461184,1279,8,10905,2,2020,-2557.32
1828193496422461184,1279,8,10905,3,2020,-2007.59
1828193496422461184,1279,8,10905,4,2020,2406.91
1828193496422461184,1279,8,10905,5,2020,4371.92
1828193496422461184,1279,8,10905,6,2020,6445.55
1828193496422461184,1279,8,10905,7,2020,8240.08
1828193496422461184,1279,8,10905,8,2020,6657.08
1828193496422461184,1279,8,10905,9,2020,9645.48
1828193496422461184,1279,8,10905,10,2020,8871.7
1828193496422461184,1279,8,10905,11,2020,3867.07
1828193496422461184,1279,8,10905,12,2020,5046.2
1828203642474668800,2754,8,83910,1,2020,-4615.38
1828203642474668800,2754,8,83910,2,2020,-11731.21
1828203642474668800,2754,8,83910,3,2020,-9353.35
1828203642474668800,2754,8,83910,4,2020,-7821.19
1828203642474668800,2754,8,83910,5,2020,-17132.45
1828203642474668800,2754,8,83910,6,2020,-18139.88
1828203642474668800,2754,8,83910,7,2020,-11036.07
1828203642474668800,2754,8,83910,8,2020,-13189.6
1828203642474668800,2754,8,83910,9,2020,-15165.81
1828203642474668800,2754,8,83910,10,2020,-24679.97
1828203642474668800,2754,8,83910,11,2020,-23930.48
1828203642474668800,2754,8,83910,12,2020,-29071.32
1828741334767150080,7255,5,51500,1,2020,3381.53
1828741334767150080,7255,5,51500,2,2020,-420.31
1828741334767150080,7255,5,51500,3,2020,-4573.64
1828741334767150080,7255,5,51500,4,2020,-771.91
1828741334767150080,7255,5,51500,5,2020,-9043.58
1828741334767150080,7255,5,51500,6,2020,-14672.98
