2460237543256058880,2724,7,64860,12,2020,-12748.62
2463943513657600000,1739,2,59032,1,2020,3589.06
2463943513657600000,1739,2,59032,2,2020,5421.24
2463943513657600000,1739,2,59032,3,2020,3594.95
2463943513657600000,1739,2,59032,4,2020,-881.75
2463943513657600000,1739,2,59032,5,2020,240.51
2463943513657600000,1739,2,59032,6,2020,1698.65
2463943513657600000,1739,2,59032,7,2020,-3390.26
2463943513657600000,1739,2,59032,8,2020,1222.07
2463943513657600000,1739,2,59032,9,2020,1269.45
2463943513657600000,1739,2,59032,10,2020,6330.04
2463943513657600000,1739,2,59032,11,2020,3908.01
2463943513657600000,1739,2,59032,12,2020,-824.28
246428778563527456,5540,4,3049,1,2020,-38.0
246428778563527456,5540,4,3049,2,2020,1586.55
246428778563527456,5540,4,3049,3,2020,5004.27
246428778563527456,5540,4,3049,4,2020,641.76
246428778563527456,5540,4,3049,5,2020,-3003.72
246428778563527456,5540,4,3049,6,2020,4754.46
246428778563527456,5540,4,3049,7,2020,4672.32
246428778563527456,5540,4,3049,8,2020,863.81
246428778563527456,5540,4,3049,9,2020,-5509.98
246428778563527456,5540,4,3049,10,2020,-677.15
246428778563527456,5540,4,3049,11,2020,2378.2
246428778563527456,5540,4,3049,12,2020,-829.14
246454645583650144,4081,5,96018,1,2020,-8905.45
246454645583650144,4081,5,96018,2,2020,-7726.57
246454645583650144,4081,5,96018,3,2020,1252.62
246454645583650144,4081,5,96018,4,2020,10476.12
246454645583650144,4081,5,96018,5,2020,11180.72
246454645583650144,4081,5,96018,6,2020,15655.51
246454645583650144,4081,5,96018,7,2020,12904.69
246454645583650144,4081,5,96018,8,2020,12917.31
246454645583650144,4081,5,96018,9,2020,3118.81
246454645583650144,4081,5,96018,10,2020,2765.41
246454645583650144,4081,5,96018,11,2020,6484.14
246454645583650144,4081,5,96018,12,2020,10549.95
2464779381264489472,8849,3,58748,1,2020,-5038.79
2464779381264489472,8849,3,58748,2,2020,247.34
2464779381264489472,8849,3,58748,3,2020,1526.76
2464779381264489472,8849,3,58748,4,2020,-32.24
2464779381264489472,8849,3,58748,5,2020,473.2
2464779381264489472,8849,3,58748,6,2020,-5943.75
2464779381264489472,8849,3,58748,7,2020,-12443.78
2464779381264489472,8849,3,58748,8,2020,-7484.91
2464779381264489472,8849,3,58748,9,2020,-3140.5
2464779381264489472,8849,3,58748,10,2020,1697.76
2464779381264489472,8849,3,58748,11,2020,10694.53
2464779381264489472,8849,3,58748,12,2020,6231.11
2464968064048081408,4103,6,53885,1,2020,-483.55
2464968064048081408,4103,6,53885,2,2020,6608.82
2464968064048081408,4103,6,53885,3,2020,-3347.05
2464968064048081408,4103,6,53885,4,2020,1479.83
2464968064048081408,4103,6,53885,5,2020,9537.98
2464968064048081408,4103,6,53885,6,2020,9371.95
2464968064048081408,4103,6,53885,7,2020,2557.61
2464968064048081408,4103,6,53885,8,2020,2559.17
2464968064048081408,4103,6,53885,9,2020,8785.68
2464968064048081408,4103,6,53885,10,2020,13454.09
2464968064048081408,4103,6,53885,11,2020,13297.51
2464968064048081408,4103,6,53885,12,2020,14901.97
2465574559843324416,7034,2,79465,1,2020,1212.4
2465574559843324416,7034,2,79465,2,2020,1369.74
2465574559843324416,7034,2,79465,3,2020,2349.45
2465574559843324416,7034,2,79465,4,2020,2349.45
2465574559843324416,7034,2,79465,5,2020,2076.02
2465574559843324416,7034,2,79465,6,2020,97.92
2465574559843324416,7034,2,79465,7,2020,140.14
2465574559843324416,7034,2,79465,8,2020,-1294.15
2465574559843324416,7034,2,79465,9,2020,-419.09
2465574559843324416,7034,2,79465,10,2020,-419.09
2465574559843324416,7034,2,79465,11,2020,-419.09
2465574559843324416,7034,2,79465,12,2020,-1924.51
2466013925772088320,8489,9,14542,1,2020,1284.1
2466013925772088320,8489,9,14542,2,2020,3388.36
2466013925772088320,8489,9,14542,3,2020,4394.62
2466013925772088320,8489,9,14542,4,2020,3455.04
2466013925772088320,8489,9,14542,5,2020,3912.81
2466013925772088320,8489,9,14542,6,2020,4853.72
2466013925772088320,8489,9,14542,7,2020,4853.72
2466013925772088320,8489,9,14542,8,2020,2982.9
2466013925772088320,8489,9,14542,9,2020,3527.46
2466013925772088320,8489,9,14542,10,2020,3527.46
2466013925772088320,8489,9,14542,11,2020,3527.46
2466013925772088320,8489,9,14542,12,2020,5436.05
2467735674802272768,4212,7,26002,1,2020,456.53
2467735674802272768,4212,7,26002,2,2020,-1329.0
2467735674802272768,4212,7,26002,3,2020,323.16
2467735674802272768,4212,7,26002,4,2020,-5616.21
2467735674802272768,4212,7,26002,5,2020,-11895.72
2467735674802272768,4212,7,26002,6,2020,-7623.81
2467735674802272768,4212,7,26002,7,2020,-9064.03
2467735674802272768,4212,7,26002,8,2020,-8729.04
2467735674802272768,4212,7,26002,9,2020,-7861.47
2467735674802272768,4212,7,26002,10,2020,-5542.62
2467735674802272768,4212,7,26002,11,2020,-6698.33
2467735674802272768,4212,7,26002,12,2020,-5031.42
246814085100035776,5105,1,24808,1,2020,2184.82
246814085100035776,5105,1,24808,2,2020,-170.6
246814085100035776,5105,1,24808,3,2020,3420.58
246814085100035776,5105,1,24808,4,2020,1435.15
246814085100035776,5105,1,24808,5,2020,-2809.27
246814085100035776,5105,1,24808,6,2020,-1713.74
246814085100035776,5105,1,24808,7,2020,320.3
246814085100035776,5105,1,24808,8,2020,2628.79
246814085100035776,5105,1,24808,9,2020,-652.01
246814085100035776,5105,1,24808,10,2020,-3486.15
246814085100035776,5105,1,24808,11,2020,-5160.92
246814085100035776,5105,1,24808,12,2020,-3604.73
2468326689938762752,1018,5,13773,1,2020,-2586.09
2468326689938762752,1018,5,13773,2,2020,-1455.08
2468326689938762752,1018,5,13773,3,2020,-15554.18
2468326689938762752,1018,5,13773,4,2020,-20724.84
2468326689938762752,1018,5,13773,5,2020,-30053.09
2468326689938762752,1018,5,13773,6,2020,-33809.45
2468326689938762752,1018,5,13773,7,2020,-28957.97
2468326689938762752,1018,5,13773,8,2020,-34004.51
2468326689938762752,1018,5,13773,9,2020,-32513.84
2468326689938762752,1018,5,13773,10,2020,-39502.03
2468326689938762752,1018,5,13773,11,2020,-35869.87
2468326689938762752,1018,5,13773,12,2020,-44606.38
2468393078570165248,9230,7,44181,1,2020,-5641.78
2468393078570165248,9230,7,44181,2,2020,-4238.99
2468393078570165248,9230,7,44181,3,2020,1924.28
2468393078570165248,9230,7,44181,4,2020,1545.34
2468393078570165248,9230,7,44181,5,2020,-1200.96
2468393078570165248,9230,7,44181,6,2020,2633.34
2468393078570165248,9230,7,44181,7,2020,1481.42
2468393078570165248,9230,7,44181,8,2020,5972.77
2468393078570165248,9230,7,44181,9,2020,4374.9
2468393078570165248,9230,7,44181,10,2020,1975.54
2468393078570165248,9230,7,44181,11,2020,3287.02
2468393078570165248,9230,7,44181,12,2020,-5450.04
2469439696965061632,9218,4,36505,1,2020,-4788.93
2469439696965061632,9218,4,36505,2,2020,326.36
2469439696965061632,9218,4,36505,3,2020,865.87
2469439696965061632,9218,4,36505,4,2020,7299.14
2469439696965061632,9218,4,36505,5,2020,3256.41
2469439696965061632,9218,4,36505,6,2020,4500.25
2469439696965061632,9218,4,36505,7,2020,5828.94
2469439696965061632,9218,4,36505,8,2020,5651.96
2469439696965061632,9218,4,36505,9,2020,8811.31
2469439696965061632,9218,4,36505,10,2020,2714.91
2469439696965061632,9218,4,36505,11,2020,8014.86
2469439696965061632,9218,4,36505,12,2020,5593.63
2469684252373578752,6327,8,1186,1,2020,-101.14
2469684252373578752,6327,8,1186,2,2020,5183.5
2469684252373578752,6327,8,1186,3,2020,9004.33
2469684252373578752,6327,8,1186,4,2020,9413.72
2469684252373578752,6327,8,1186,5,2020,12177.12
2469684252373578752,6327,8,1186,6,2020,11431.44
2469684252373578752,6327,8,1186,7,2020,15315.67
2469684252373578752,6327,8,1186,8,2020,10457.11
2469684252373578752,6327,8,1186,9,2020,8466.43
2469684252373578752,6327,8,1186,10,2020,8829.6
2469684252373578752,6327,8,1186,11,2020,52.97
2469684252373578752,6327,8,1186,12,2020,3043.38
2469808895683208192,1130,4,19598,1,2020,-376.79
2469808895683208192,1130,4,19598,2,2020,-1108.19
2469808895683208192,1130,4,19598,3,2020,-10181.01
2469808895683208192,1130,4,19598,4,2020,-20465.73
2469808895683208192,1130,4,19598,5,2020,-16029.36
2469808895683208192,1130,4,19598,6,2020,-12361.54
2469808895683208192,1130,4,19598,7,2020,-8565.18
2469808895683208192,1130,4,19598,8,2020,-6735.14
2469808895683208192,1130,4,19598,9,2020,-11168.41
2469808895683208192,1130,4,19598,10,2020,-9225.74
2469808895683208192,1130,4,19598,11,2020,-7734.15
2469808895683208192,1130,4,19598,12,2020,-14363.16
2470141018431494144,7808,1,18026,1,2020,-863.45
2470141018431494144,7808,1,18026,2,2020,-822.66
2470141018431494144,7808,1,18026,3,2020,3266.78
2470141018431494144,7808,1,18026,4,2020,2784.56
2470141018431494144,7808,1,18026,5,2020,4981.18
2470141018431494144,7808,1,18026,6,2020,3912.16
2470141018431494144,7808,1,18026,7,2020,3500.56
2470141018431494144,7808,1,18026,8,2020,6116.94
2470141018431494144,7808,1,18026,9,2020,12024.01
2470141018431494144,7808,1,18026,10,2020,14016.65
2470141018431494144,7808,1,18026,11,2020,15475.75
2470141018431494144,7808,1,18026,12,2020,19082.0
247224003417008416,4593,4,20959,1,2020,-2562.64
247224003417008416,4593,4,20959,2,2020,6615.99
247224003417008416,4593,4,20959,3,2020,6078.08
247224003417008416,4593,4,20959,4,2020,11964.63
247224003417008416,4593,4,20959,5,2020,9490.23
247224003417008416,4593,4,20959,6,2020,9927.27
247224003417008416,4593,4,20959,7,2020,9237.39
247224003417008416,4593,4,20959,8,2020,397.18
247224003417008416,4593,4,20959,9,2020,11639.21
247224003417008416,4593,4,20959,10,2020,17545.44
247224003417008416,4593,4,20959,11,2020,18887.93
247224003417008416,4593,4,20959,12,2020,22629.53
2472338699499826688,3996,0,29624,1,2020,-3529.98
2472338699499826688,3996,0,29624,2,2020,-10096.66
2472338699499826688,3996,0,29624,3,2020,-6411.49
2472338699499826688,3996,0,29624,4,2020,-4865.6
2472338699499826688,3996,0,29624,5,2020,-5157.45
2472338699499826688,3996,0,29624,6,2020,-2409.9
2472338699499826688,3996,0,29624,7,2020,-5780.48
2472338699499826688,3996,0,29624,8,2020,-9186.11
2472338699499826688,3996,0,29624,9,2020,-11004.79
2472338699499826688,3996,0,29624,10,2020,-16835.99
2472338699499826688,3996,0,29624,11,2020,-18579.1
2472338699499826688,3996,0,29624,12,2020,-15783.87
2473121968534603264,1030,6,58644,1,2020,3061.22
2473121968534603264,1030,6,58644,2,2020,-1876.13
2473121968534603264,1030,6,58644,3,2020,-1362.95
2473121968534603264,1030,6,58644,4,2020,-5404.56
2473121968534603264,1030,6,58644,5,2020,-5597.29
2473121968534603264,1030,6,58644,6,2020,-6956.34
2473121968534603264,1030,6,58644,7,2020,-4381.54
2473121968534603264,1030,6,58644,8,2020,-3337.76
2473121968534603264,1030,6,58644,9,2020,-5435.93
2473121968534603264,1030,6,58644,10,2020,-9768.13
2473121968534603264,1030,6,58644,11,2020,-8896.69
2473121968534603264,1030,6,58644,12,2020,-9001.69
2473439956315480064,2610,1,63008,1,2020,3823.02
2473439956315480064,2610,1,63008,2,2020,-2186.95
2473439956315480064,2610,1,63008,3,2020,-13480.15
2473439956315480064,2610,1,63008,4,2020,-12322.1
2473439956315480064,2610,1,63008,5,2020,-5859.15
2473439956315480064,2610,1,63008,6,2020,-12591.52
2473439956315480064,2610,1,63008,7,2020,-9476.44
2473439956315480064,2610,1,63008,8,2020,-11977.7
2473439956315480064,2610,1,63008,9,2020,-16653.03
2473439956315480064,2610,1,63008,10,2020,-15805.32
2473439956315480064,2610,1,63008,11,2020,-17367.07
2473439956315480064,2610,1,63008,12,2020,-19109.32
2474006587302687744,7995,0,46869,1,2020,455.22
2474006587302687744,7995,0,46869,2,2020,-2489.09
2474006587302687744,7995,0,46869,3,2020,-2632.3
2474006587302687744,7995,0,46869,4,2020,-2911.74
2474006587302687744,7995,0,46869,5,2020,-5541.85
2474006587302687744,7995,0,46869,6,2020,-7710.68
2474006587302687744,7995,0,46869,7,2020,-9838.82
2474006587302687744,7995,0,46869,8,2020,-3636.93
2474006587302687744,7995,0,46869,9,2020,-3271.04
2474006587302687744,7995,0,46869,10,2020,-3116.07
2474006587302687744,7995,0,46869,11,2020,-9101.42
