1371314886543239936,7287,7,79229,12,2020,-12307.32
1373612039791942400,5590,1,2060,1,2020,-7008.85
1373612039791942400,5590,1,2060,2,2020,-6534.92
1373612039791942400,5590,1,2060,3,2020,-8480.65
1373612039791942400,5590,1,2060,4,2020,-6467.24
1373612039791942400,5590,1,2060,5,2020,-12958.97
1373612039791942400,5590,1,2060,6,2020,-9115.55
1373612039791942400,5590,1,2060,7,2020,-7667.29
1373612039791942400,5590,1,2060,8,2020,-3284.3
1373612039791942400,5590,1,2060,9,2020,863.95
1373612039791942400,5590,1,2060,10,2020,-2395.18
1373612039791942400,5590,1,2060,11,2020,5972.23
1373612039791942400,5590,1,2060,12,2020,4211.77
1375475061730239488,6197,3,35721,1,2020,5602.51
1375475061730239488,6197,3,35721,2,2020,2529.43
1375475061730239488,6197,3,35721,3,2020,-4947.04
1375475061730239488,6197,3,35721,4,2020,-2615.58
1375475061730239488,6197,3,35721,5,2020,-4146.81
1375475061730239488,6197,3,35721,6,2020,-8034.08
1375475061730239488,6197,3,35721,7,2020,-9467.78
1375475061730239488,6197,3,35721,8,2020,-4279.95
1375475061730239488,6197,3,35721,9,2020,-8588.52
1375475061730239488,6197,3,35721,10,2020,-7541.17
1375475061730239488,6197,3,35721,11,2020,-9424.92
1375475061730239488,6197,3,35721,12,2020,-8951.17
1375559125382595840,4418,9,56916,1,2020,-1719.63
1375559125382595840,4418,9,56916,2,2020,-921.58
1375559125382595840,4418,9,56916,3,2020,-634.16
1375559125382595840,4418,9,56916,4,2020,-381.77
1375559125382595840,4418,9,56916,5,2020,197.24
1375559125382595840,4418,9,56916,6,2020,-261.41
1375559125382595840,4418,9,56916,7,2020,-728.73
1375559125382595840,4418,9,56916,8,2020,1270.36
1375559125382595840,4418,9,56916,9,2020,-1479.24
1375559125382595840,4418,9,56916,10,2020,-2222.92
1375559125382595840,4418,9,56916,11,2020,-580.78
1375559125382595840,4418,9,56916,12,2020,5103.45
1376020672576190720,7310,2,23614,1,2020,1059.9
1376020672576190720,7310,2,23614,2,2020,-988.64
1376020672576190720,7310,2,23614,3,2020,494.88
1376020672576190720,7310,2,23614,4,2020,-2109.62
1376020672576190720,7310,2,23614,5,2020,1951.71
1376020672576190720,7310,2,23614,6,2020,6789.07
1376020672576190720,7310,2,23614,7,2020,2650.61
1376020672576190720,7310,2,23614,8,2020,5380.99
1376020672576190720,7310,2,23614,9,2020,843.36
1376020672576190720,7310,2,23614,10,2020,5569.26
1376020672576190720,7310,2,23614,11,2020,4614.22
1376020672576190720,7310,2,23614,12,2020,4143.81
1376713309012763136,1221,1,90454,1,2020,-518.93
1376713309012763136,1221,1,90454,2,2020,-3760.78
1376713309012763136,1221,1,90454,3,2020,-3602.11
1376713309012763136,1221,1,90454,4,2020,-3426.17
1376713309012763136,1221,1,90454,5,2020,-4015.85
1376713309012763136,1221,1,90454,6,2020,-5677.83
1376713309012763136,1221,1,90454,7,2020,1597.56
1376713309012763136,1221,1,90454,8,2020,3735.3
1376713309012763136,1221,1,90454,9,2020,4309.37
1376713309012763136,1221,1,90454,10,2020,12746.17
1376713309012763136,1221,1,90454,11,2020,16276.63
1376713309012763136,1221,1,90454,12,2020,9216.07
1377309626495503872,7034,3,61384,1,2020,5147.97
1377309626495503872,7034,3,61384,2,2020,1869.27
1377309626495503872,7034,3,61384,3,2020,8839.41
1377309626495503872,7034,3,61384,4,2020,-1328.23
1377309626495503872,7034,3,61384,5,2020,-6934.33
1377309626495503872,7034,3,61384,6,2020,-11891.99
1377309626495503872,7034,3,61384,7,2020,-2946.52
1377309626495503872,7034,3,61384,8,2020,-9748.88
1377309626495503872,7034,3,61384,9,2020,-11764.3
1377309626495503872,7034,3,61384,10,2020,-8005.66
1377309626495503872,7034,3,61384,11,2020,-5374.77
1377309626495503872,7034,3,61384,12,2020,2935.51
137829543234361008,9767,6,19532,1,2020,0.0
137829543234361008,9767,6,19532,2,2020,0.0
137829543234361008,9767,6,19532,3,2020,0.0
137829543234361008,9767,6,19532,4,2020,-43.41
137829543234361008,9767,6,19532,5,2020,855.25
137829543234361008,9767,6,19532,6,2020,855.25
137829543234361008,9767,6,19532,7,2020,-851.07
137829543234361008,9767,6,19532,8,2020,-851.07
137829543234361008,9767,6,19532,9,2020,-1851.26
137829543234361008,9767,6,19532,10,2020,-1851.26
137829543234361008,9767,6,19532,11,2020,-1851.26
137829543234361008,9767,6,19532,12,2020,-1851.26
1380574374455910400,6862,1,61406,1,2020,-2310.15
1380574374455910400,6862,1,61406,2,2020,-1388.05
1380574374455910400,6862,1,61406,3,2020,-5661.96
1380574374455910400,6862,1,61406,4,2020,-6703.59
1380574374455910400,6862,1,61406,5,2020,-3577.77
1380574374455910400,6862,1,61406,6,2020,-6506.76
1380574374455910400,6862,1,61406,7,2020,-6658.88
1380574374455910400,6862,1,61406,8,2020,-7012.61
1380574374455910400,6862,1,61406,9,2020,-5031.39
1380574374455910400,6862,1,61406,10,2020,-4271.81
1380574374455910400,6862,1,61406,11,2020,-2771.66
1380574374455910400,6862,1,61406,12,2020,-418.77
1380926242944391424,1428,2,15226,1,2020,-1346.2
1380926242944391424,1428,2,15226,2,2020,577.52
1380926242944391424,1428,2,15226,3,2020,-794.05
1380926242944391424,1428,2,15226,4,2020,-1108.47
1380926242944391424,1428,2,15226,5,2020,812.57
1380926242944391424,1428,2,15226,6,2020,-339.96
1380926242944391424,1428,2,15226,7,2020,-1955.89
1380926242944391424,1428,2,15226,8,2020,-70.25
1380926242944391424,1428,2,15226,9,2020,-647.23
1380926242944391424,1428,2,15226,10,2020,-646.82
1380926242944391424,1428,2,15226,11,2020,-2495.19
1380926242944391424,1428,2,15226,12,2020,-7350.15
1381800396358309632,2841,7,66318,1,2020,-1341.3
1381800396358309632,2841,7,66318,2,2020,-4127.06
1381800396358309632,2841,7,66318,3,2020,-6122.36
1381800396358309632,2841,7,66318,4,2020,-6924.63
1381800396358309632,2841,7,66318,5,2020,-7431.92
1381800396358309632,2841,7,66318,6,2020,-3820.87
1381800396358309632,2841,7,66318,7,2020,-4470.88
1381800396358309632,2841,7,66318,8,2020,-3940.43
1381800396358309632,2841,7,66318,9,2020,-3237.07
1381800396358309632,2841,7,66318,10,2020,-9237.6
1381800396358309632,2841,7,66318,11,2020,-5734.8
1381800396358309632,2841,7,66318,12,2020,-2824.71
1381970081738273792,8301,3,62839,1,2020,-1796.47
1381970081738273792,8301,3,62839,2,2020,-2670.64
1381970081738273792,8301,3,62839,3,2020,-12521.45
1381970081738273792,8301,3,62839,4,2020,-12161.87
1381970081738273792,8301,3,62839,5,2020,-11046.86
1381970081738273792,8301,3,62839,6,2020,-9491.31
1381970081738273792,8301,3,62839,7,2020,-11985.22
1381970081738273792,8301,3,62839,8,2020,-9392.22
1381970081738273792,8301,3,62839,9,2020,-12281.35
1381970081738273792,8301,3,62839,10,2020,-8336.51
1381970081738273792,8301,3,62839,11,2020,-5597.69
1381970081738273792,8301,3,62839,12,2020,-7087.69
1383634243798468864,7703,5,21176,1,2020,1907.41
1383634243798468864,7703,5,21176,2,2020,7088.36
1383634243798468864,7703,5,21176,3,2020,5429.04
1383634243798468864,7703,5,21176,4,2020,5754.99
1383634243798468864,7703,5,21176,5,2020,3928.69
1383634243798468864,7703,5,21176,6,2020,9289.05
1383634243798468864,7703,5,21176,7,2020,13430.99
1383634243798468864,7703,5,21176,8,2020,11016.47
1383634243798468864,7703,5,21176,9,2020,13260.29
1383634243798468864,7703,5,21176,10,2020,9924.97
1383634243798468864,7703,5,21176,11,2020,8200.34
1383634243798468864,7703,5,21176,12,2020,11744.16
1384202027359099904,3293,5,50016,1,2020,-2543.26
1384202027359099904,3293,5,50016,2,2020,-353.37
1384202027359099904,3293,5,50016,3,2020,-800.13
1384202027359099904,3293,5,50016,4,2020,5012.9
1384202027359099904,3293,5,50016,5,2020,4031.31
1384202027359099904,3293,5,50016,6,2020,2873.64
1384202027359099904,3293,5,50016,7,2020,9367.31
1384202027359099904,3293,5,50016,8,2020,8659.68
1384202027359099904,3293,5,50016,9,2020,8808.98
1384202027359099904,3293,5,50016,10,2020,9735.11
1384202027359099904,3293,5,50016,11,2020,8932.08
1384202027359099904,3293,5,50016,12,2020,7240.74
1384219964981240576,2040,2,81428,1,2020,0.0
1384219964981240576,2040,2,81428,2,2020,0.0
1384219964981240576,2040,2,81428,3,2020,1071.67
1384219964981240576,2040,2,81428,4,2020,1071.67
1384219964981240576,2040,2,81428,5,2020,3853.72
1384219964981240576,2040,2,81428,6,2020,3853.72
1384219964981240576,2040,2,81428,7,2020,3853.72
1384219964981240576,2040,2,81428,8,2020,3853.72
1384219964981240576,2040,2,81428,9,2020,5754.23
1384219964981240576,2040,2,81428,10,2020,5754.23
1384219964981240576,2040,2,81428,11,2020,5754.23
1384219964981240576,2040,2,81428,12,2020,5754.23
138449949579833776,8406,0,54341,1,2020,-1132.73
138449949579833776,8406,0,54341,2,2020,-3691.36
138449949579833776,8406,0,54341,3,2020,-881.98
138449949579833776,8406,0,54341,4,2020,4082.12
138449949579833776,8406,0,54341,5,2020,1074.68
138449949579833776,8406,0,54341,6,2020,-3114.21
138449949579833776,8406,0,54341,7,2020,1266.41
138449949579833776,8406,0,54341,8,2020,-884.65
138449949579833776,8406,0,54341,9,2020,3142.65
138449949579833776,8406,0,54341,10,2020,4232.82
138449949579833776,8406,0,54341,11,2020,2684.75
138449949579833776,8406,0,54341,12,2020,10768.18
1385081109348057344,8108,0,85323,1,2020,2374.75
1385081109348057344,8108,0,85323,2,2020,7208.84
1385081109348057344,8108,0,85323,3,2020,3079.76
1385081109348057344,8108,0,85323,4,2020,126.04
1385081109348057344,8108,0,85323,5,2020,4136.67
1385081109348057344,8108,0,85323,6,2020,-4773.09
1385081109348057344,8108,0,85323,7,2020,-10263.03
1385081109348057344,8108,0,85323,8,2020,-11522.03
1385081109348057344,8108,0,85323,9,2020,-1798.26
1385081109348057344,8108,0,85323,10,2020,-4142.27
1385081109348057344,8108,0,85323,11,2020,-11451.5
1385081109348057344,8108,0,85323,12,2020,-15205.71
1386077111489375488,1682,6,81657,1,2020,-175.4
1386077111489375488,1682,6,81657,2,2020,-1383.04
1386077111489375488,1682,6,81657,3,2020,-1613.29
1386077111489375488,1682,6,81657,4,2020,-1613.29
1386077111489375488,1682,6,81657,5,2020,-1613.29
1386077111489375488,1682,6,81657,6,2020,-1613.29
1386077111489375488,1682,6,81657,7,2020,-1613.29
1386077111489375488,1682,6,81657,8,2020,-1613.29
1386077111489375488,1682,6,81657,9,2020,-1613.29
1386077111489375488,1682,6,81657,10,2020,-1613.29
1386077111489375488,1682,6,81657,11,2020,-1613.29
1386077111489375488,1682,6,81657,12,2020,-2072.1
1386899931541515776,9692,7,75779,1,2020,-2730.48
1386899931541515776,9692,7,75779,2,2020,-6536.05
1386899931541515776,9692,7,75779,3,2020,-6377.34
1386899931541515776,9692,7,75779,4,2020,-8183.27
1386899931541515776,9692,7,75779,5,2020,-6437.87
1386899931541515776,9692,7,75779,6,2020,-5684.34
1386899931541515776,9692,7,75779,7,2020,-5898.41
1386899931541515776,9692,7,75779,8,2020,-5651.49
1386899931541515776,9692,7,75779,9,2020,-9148.75
1386899931541515776,9692,7,75779,10,2020,-7216.97
1386899931541515776,9692,7,75779,11,2020,-8352.59
1386899931541515776,9692,7,75779,12,2020,-10397.07
1388635784925697280,1010,7,99674,1,2020,-2439.97
1388635784925697280,1010,7,99674,2,2020,-2580.17
1388635784925697280,1010,7,99674,3,2020,-1957.97
1388635784925697280,1010,7,99674,4,2020,-557.66
1388635784925697280,1010,7,99674,5,2020,2423.15
1388635784925697280,1010,7,99674,6,2020,5377.33
1388635784925697280,1010,7,99674,7,2020,8201.78
1388635784925697280,1010,7,99674,8,2020,5478.62
1388635784925697280,1010,7,99674,9,2020,3839.97
1388635784925697280,1010,7,99674,10,2020,3839.97
1388635784925697280,1010,7,99674,11,2020,5422.23
1388635784925697280,1010,7,99674,12,2020,6724.65
138914554655046656,3959,6,95122,1,2020,1108.2
138914554655046656,3959,6,95122,2,2020,-2095.81
138914554655046656,3959,6,95122,3,2020,-12.13
138914554655046656,3959,6,95122,4,2020,3709.14
138914554655046656,3959,6,95122,5,2020,4771.43
138914554655046656,3959,6,95122,6,2020,6875.83
138914554655046656,3959,6,95122,7,2020,7413.67
138914554655046656,3959,6,95122,8,2020,5893.7
138914554655046656,3959,6,95122,9,2020,4773.9
138914554655046656,3959,6,95122,10,2020,5408.65
138914554655046656,3959,6,95122,11,2020,3398.77
