1036233948061982464,2032,6,22119,1,2020,-4633.97
1036233948061982464,2032,6,22119,2,2020,-5922.17
1036233948061982464,2032,6,22119,3,2020,-9119.55
1036233948061982464,2032,6,22119,4,2020,-15235.73
1036233948061982464,2032,6,22119,5,2020,-17016.98
1036233948061982464,2032,6,22119,6,2020,-22063.6
1036233948061982464,2032,6,22119,7,2020,-20493.17
1036233948061982464,2032,6,22119,8,2020,-15033.34
1036233948061982464,2032,6,22119,9,2020,-12288.94
1036233948061982464,2032,6,22119,10,2020,-5080.6
1036233948061982464,2032,6,22119,11,2020,-2846.8
1036233948061982464,2032,6,22119,12,2020,-1597.04
1036919345141805184,7663,8,24522,1,2020,4301.11
1036919345141805184,7663,8,24522,2,2020,2949.02
1036919345141805184,7663,8,24522,3,2020,-1844.01
1036919345141805184,7663,8,24522,4,2020,-9826.07
1036919345141805184,7663,8,24522,5,2020,-15692.33
1036919345141805184,7663,8,24522,6,2020,-10535.41
1036919345141805184,7663,8,24522,7,2020,-15458.98
1036919345141805184,7663,8,24522,8,2020,-11949.21
1036919345141805184,7663,8,24522,9,2020,-21140.52
1036919345141805184,7663,8,24522,10,2020,-18525.98
1036919345141805184,7663,8,24522,11,2020,-25543.24
1036919345141805184,7663,8,24522,12,2020,-30292.88
1039531588608828288,8949,8,88725,1,2020,1656.28
1039531588608828288,8949,8,88725,2,2020,1368.5
1039531588608828288,8949,8,88725,3,2020,-1905.85
1039531588608828288,8949,8,88725,4,2020,-2591.26
1039531588608828288,8949,8,88725,5,2020,-1164.93
1039531588608828288,8949,8,88725,6,2020,-385.95
1039531588608828288,8949,8,88725,7,2020,-2194.81
1039531588608828288,8949,8,88725,8,2020,-2578.61
1039531588608828288,8949,8,88725,9,2020,-5450.39
1039531588608828288,8949,8,88725,10,2020,-4630.64
1039531588608828288,8949,8,88725,11,2020,-3651.61
1039531588608828288,8949,8,88725,12,2020,-3877.69
1039742162882628864,1899,0,499,1,2020,3283.55
1039742162882628864,1899,0,499,2,2020,-4623.56
1039742162882628864,1899,0,499,3,2020,-9398.66
1039742162882628864,1899,0,499,4,2020,-4601.18
1039742162882628864,1899,0,499,5,2020,-11832.52
1039742162882628864,1899,0,499,6,2020,-18378.59
1039742162882628864,1899,0,499,7,2020,-20863.6
1039742162882628864,1899,0,499,8,2020,-19745.62
1039742162882628864,1899,0,499,9,2020,-14174.01
1039742162882628864,1899,0,499,10,2020,-17874.72
1039742162882628864,1899,0,499,11,2020,-14631.84
1039742162882628864,1899,0,499,12,2020,-17027.65
1040161888929300224,7543,0,85182,1,2020,1337.79
1040161888929300224,7543,0,85182,2,2020,-705.56
1040161888929300224,7543,0,85182,3,2020,-2604.23
1040161888929300224,7543,0,85182,4,2020,2786.76
1040161888929300224,7543,0,85182,5,2020,-7814.45
1040161888929300224,7543,0,85182,6,2020,-8209.59
1040161888929300224,7543,0,85182,7,2020,-13626.54
1040161888929300224,7543,0,85182,8,2020,-11416.33
1040161888929300224,7543,0,85182,9,2020,-12470.04
1040161888929300224,7543,0,85182,10,2020,-14429.54
1040161888929300224,7543,0,85182,11,2020,-5404.01
1040161888929300224,7543,0,85182,12,2020,-7920.4
1040552679237262720,3531,3,80363,1,2020,29.72
1040552679237262720,3531,3,80363,2,2020,2595.63
1040552679237262720,3531,3,80363,3,2020,4695.22
1040552679237262720,3531,3,80363,4,2020,2747.32
1040552679237262720,3531,3,80363,5,2020,5363.13
1040552679237262720,3531,3,80363,6,2020,592.76
1040552679237262720,3531,3,80363,7,2020,3069.0
1040552679237262720,3531,3,80363,8,2020,3714.88
1040552679237262720,3531,3,80363,9,2020,4422.7
1040552679237262720,3531,3,80363,10,2020,4590.61
1040552679237262720,3531,3,80363,11,2020,5180.06
1040552679237262720,3531,3,80363,12,2020,9345.33
1042427549897580928,5499,2,18300,1,2020,463.39
1042427549897580928,5499,2,18300,2,2020,37.67
1042427549897580928,5499,2,18300,3,2020,-1026.68
1042427549897580928,5499,2,18300,4,2020,-1292.71
1042427549897580928,5499,2,18300,5,2020,-356.79
1042427549897580928,5499,2,18300,6,2020,-356.79
1042427549897580928,5499,2,18300,7,2020,-356.79
1042427549897580928,5499,2,18300,8,2020,-428.65
1042427549897580928,5499,2,18300,9,2020,-428.65
1042427549897580928,5499,2,18300,10,2020,-3700.55
1042427549897580928,5499,2,18300,11,2020,347.44
1042427549897580928,5499,2,18300,12,2020,-161.8
1043178872830515200,876,9,96792,1,2020,-5355.81
1043178872830515200,876,9,96792,2,2020,-3583.43
1043178872830515200,876,9,96792,3,2020,-6351.48
1043178872830515200,876,9,96792,4,2020,-2874.71
1043178872830515200,876,9,96792,5,2020,-1106.2
1043178872830515200,876,9,96792,6,2020,-586.27
1043178872830515200,876,9,96792,7,2020,-3127.19
1043178872830515200,876,9,96792,8,2020,923.79
1043178872830515200,876,9,96792,9,2020,5961.47
1043178872830515200,876,9,96792,10,2020,6728.07
1043178872830515200,876,9,96792,11,2020,10077.32
1043178872830515200,876,9,96792,12,2020,13469.86
1043216364022172288,6699,3,85845,1,2020,-1890.69
1043216364022172288,6699,3,85845,2,2020,-6065.39
1043216364022172288,6699,3,85845,3,2020,-4484.3
1043216364022172288,6699,3,85845,4,2020,-5616.9
1043216364022172288,6699,3,85845,5,2020,-5551.96
1043216364022172288,6699,3,85845,6,2020,-4373.57
1043216364022172288,6699,3,85845,7,2020,-5665.94
1043216364022172288,6699,3,85845,8,2020,-6511.69
1043216364022172288,6699,3,85845,9,2020,-4026.73
1043216364022172288,6699,3,85845,10,2020,-5441.47
1043216364022172288,6699,3,85845,11,2020,-5240.42
1043216364022172288,6699,3,85845,12,2020,-8529.33
1043378570508378624,614,1,68960,1,2020,2948.69
1043378570508378624,614,1,68960,2,2020,-3564.57
1043378570508378624,614,1,68960,3,2020,-2356.59
1043378570508378624,614,1,68960,4,2020,4380.95
1043378570508378624,614,1,68960,5,2020,4574.52
1043378570508378624,614,1,68960,6,2020,3472.31
1043378570508378624,614,1,68960,7,2020,-3057.29
1043378570508378624,614,1,68960,8,2020,-2373.33
1043378570508378624,614,1,68960,9,2020,-2260.72
1043378570508378624,614,1,68960,10,2020,-4765.36
1043378570508378624,614,1,68960,11,2020,-9357.54
1043378570508378624,614,1,68960,12,2020,-12967.54
1043989959424879872,2520,2,80855,1,2020,456.4
1043989959424879872,2520,2,80855,2,2020,6311.59
1043989959424879872,2520,2,80855,3,2020,9189.09
1043989959424879872,2520,2,80855,4,2020,11943.85
1043989959424879872,2520,2,80855,5,2020,12971.35
1043989959424879872,2520,2,80855,6,2020,7987.27
1043989959424879872,2520,2,80855,7,2020,8247.76
1043989959424879872,2520,2,80855,8,2020,9881.27
1043989959424879872,2520,2,80855,9,2020,11531.18
1043989959424879872,2520,2,80855,10,2020,7384.81
1043989959424879872,2520,2,80855,11,2020,7847.27
1043989959424879872,2520,2,80855,12,2020,11939.31
1044037801306785408,900,2,79658,1,2020,615.93
1044037801306785408,900,2,79658,2,2020,-566.12
1044037801306785408,900,2,79658,3,2020,1584.11
1044037801306785408,900,2,79658,4,2020,1037.17
1044037801306785408,900,2,79658,5,2020,5867.64
1044037801306785408,900,2,79658,6,2020,3105.62
1044037801306785408,900,2,79658,7,2020,3209.56
1044037801306785408,900,2,79658,8,2020,1951.52
1044037801306785408,900,2,79658,9,2020,-22.6
1044037801306785408,900,2,79658,10,2020,578.71
1044037801306785408,900,2,79658,11,2020,-107.61
1044037801306785408,900,2,79658,12,2020,470.97
1045090498074148224,8838,9,31857,1,2020,-1068.07
1045090498074148224,8838,9,31857,2,2020,-7101.83
1045090498074148224,8838,9,31857,3,2020,-10323.03
1045090498074148224,8838,9,31857,4,2020,-6704.05
1045090498074148224,8838,9,31857,5,2020,-17726.75
1045090498074148224,8838,9,31857,6,2020,-23022.97
1045090498074148224,8838,9,31857,7,2020,-24136.0
1045090498074148224,8838,9,31857,8,2020,-22751.88
1045090498074148224,8838,9,31857,9,2020,-23553.06
1045090498074148224,8838,9,31857,10,2020,-21240.25
1045090498074148224,8838,9,31857,11,2020,-19304.75
1045090498074148224,8838,9,31857,12,2020,-21179.21
1045706753715146240,7087,0,98679,1,2020,2848.69
1045706753715146240,7087,0,98679,2,2020,1726.19
1045706753715146240,7087,0,98679,3,2020,2708.58
1045706753715146240,7087,0,98679,4,2020,2429.09
1045706753715146240,7087,0,98679,5,2020,4546.36
1045706753715146240,7087,0,98679,6,2020,3669.46
1045706753715146240,7087,0,98679,7,2020,3669.46
1045706753715146240,7087,0,98679,8,2020,4829.61
1045706753715146240,7087,0,98679,9,2020,5314.91
1045706753715146240,7087,0,98679,10,2020,4715.85
1045706753715146240,7087,0,98679,11,2020,3024.05
1045706753715146240,7087,0,98679,12,2020,874.62
1046811094570634240,9678,8,28633,1,2020,2344.49
1046811094570634240,9678,8,28633,2,2020,1798.42
1046811094570634240,9678,8,28633,3,2020,-2050.38
1046811094570634240,9678,8,28633,4,2020,1461.71
1046811094570634240,9678,8,28633,5,2020,-2029.32
1046811094570634240,9678,8,28633,6,2020,5502.68
1046811094570634240,9678,8,28633,7,2020,-3947.22
1046811094570634240,9678,8,28633,8,2020,-4693.68
1046811094570634240,9678,8,28633,9,2020,-11265.12
1046811094570634240,9678,8,28633,10,2020,-6885.34
1046811094570634240,9678,8,28633,11,2020,-11960.49
1046811094570634240,9678,8,28633,12,2020,-8929.03
1048481110073363328,5254,1,75483,1,2020,1029.66
1048481110073363328,5254,1,75483,2,2020,-3534.31
1048481110073363328,5254,1,75483,3,2020,-947.86
1048481110073363328,5254,1,75483,4,2020,2240.2
1048481110073363328,5254,1,75483,5,2020,3114.85
1048481110073363328,5254,1,75483,6,2020,-1279.68
1048481110073363328,5254,1,75483,7,2020,696.63
1048481110073363328,5254,1,75483,8,2020,1816.53
1048481110073363328,5254,1,75483,9,2020,10797.67
1048481110073363328,5254,1,75483,10,2020,9354.88
1048481110073363328,5254,1,75483,11,2020,12057.61
1048481110073363328,5254,1,75483,12,2020,7164.72
1049180010134687872,3082,0,69528,1,2020,781.18
1049180010134687872,3082,0,69528,2,2020,915.22
1049180010134687872,3082,0,69528,3,2020,-43.34
1049180010134687872,3082,0,69528,4,2020,1863.1
1049180010134687872,3082,0,69528,5,2020,299.48
1049180010134687872,3082,0,69528,6,2020,2411.27
1049180010134687872,3082,0,69528,7,2020,-276.01
1049180010134687872,3082,0,69528,8,2020,108.89
1049180010134687872,3082,0,69528,9,2020,-3162.31
1049180010134687872,3082,0,69528,10,2020,-9388.06
1049180010134687872,3082,0,69528,11,2020,-11197.97
1049180010134687872,3082,0,69528,12,2020,-9283.39
1053592324742491648,8640,0,29996,1,2020,-8934.68
1053592324742491648,8640,0,29996,2,2020,-8842.68
1053592324742491648,8640,0,29996,3,2020,-8444.34
1053592324742491648,8640,0,29996,4,2020,-15556.02
1053592324742491648,8640,0,29996,5,2020,-14409.91
1053592324742491648,8640,0,29996,6,2020,-7561.94
1053592324742491648,8640,0,29996,7,2020,-7380.12
1053592324742491648,8640,0,29996,8,2020,-9918.63
1053592324742491648,8640,0,29996,9,2020,-11349.81
1053592324742491648,8640,0,29996,10,2020,-7106.56
1053592324742491648,8640,0,29996,11,2020,-9823.45
1053592324742491648,8640,0,29996,12,2020,-4383.91
1055810355806961920,6002,9,52107,1,2020,-9563.87
1055810355806961920,6002,9,52107,2,2020,-13245.07
1055810355806961920,6002,9,52107,3,2020,-13224.24
1055810355806961920,6002,9,52107,4,2020,-18841.61
1055810355806961920,6002,9,52107,5,2020,-14805.17
1055810355806961920,6002,9,52107,6,2020,-13828.81
1055810355806961920,6002,9,52107,7,2020,-22483.98
1055810355806961920,6002,9,52107,8,2020,-18499.47
1055810355806961920,6002,9,52107,9,2020,-20805.86
1055810355806961920,6002,9,52107,10,2020,-26495.13
1055810355806961920,6002,9,52107,11,2020,-25388.41
1055810355806961920,6002,9,52107,12,2020,-25158.37
1056689333861846656,7614,9,33502,1,2020,-5203.6
1056689333861846656,7614,9,33502,2,2020,-7664.53
1056689333861846656,7614,9,33502,3,2020,-14513.57
1056689333861846656,7614,9,33502,4,2020,-9558.15
1056689333861846656,7614,9,33502,5,2020,-1696.68
1056689333861846656,7614,9,33502,6,2020,4249.1
1056689333861846656,7614,9,33502,7,2020,-2097.33
1056689333861846656,7614,9,33502,8,2020,2027.49
1056689333861846656,7614,9,33502,9,2020,6167.21
1056689333861846656,7614,9,33502,10,2020,7346.99
1056689333861846656,7614,9,33502,11,2020,7145.36
1056689333861846656,7614,9,33502,12,2020,15083.9
105718477657994000,9332,3,38801,1,2020,5288.41
