1023585899504292736,9119,4,99330,3,2020,2742.99
1023585899504292736,9119,4,99330,4,2020,2239.66
1023585899504292736,9119,4,99330,5,2020,4588.06
1023585899504292736,9119,4,99330,6,2020,830.09
1023585899504292736,9119,4,99330,7,2020,2565.18
1023585899504292736,9119,4,99330,8,2020,756.67
1023585899504292736,9119,4,99330,9,2020,756.67
1023585899504292736,9119,4,99330,10,2020,1929.75
1023585899504292736,9119,4,99330,11,2020,-700.71
1023585899504292736,9119,4,99330,12,2020,-700.71
1023670537458903424,5200,0,96084,1,2020,4990.22
1023670537458903424,5200,0,96084,2,2020,6461.85
1023670537458903424,5200,0,96084,3,2020,10189.42
1023670537458903424,5200,0,96084,4,2020,11407.99
1023670537458903424,5200,0,96084,5,2020,13317.53
1023670537458903424,5200,0,96084,6,2020,8385.29
1023670537458903424,5200,0,96084,7,2020,7455.49
1023670537458903424,5200,0,96084,8,2020,6048.39
1023670537458903424,5200,0,96084,9,2020,9419.61
1023670537458903424,5200,0,96084,10,2020,11433.81
1023670537458903424,5200,0,96084,11,2020,12300.42
1023670537458903424,5200,0,96084,12,2020,13554.63
1023821064609238144,7069,1,4959,1,2020,3624.7
1023821064609238144,7069,1,4959,2,2020,4627.6
1023821064609238144,7069,1,4959,3,2020,5795.14
1023821064609238144,7069,1,4959,4,2020,7381.45
1023821064609238144,7069,1,4959,5,2020,5831.71
1023821064609238144,7069,1,4959,6,2020,2662.66
1023821064609238144,7069,1,4959,7,2020,3139.05
1023821064609238144,7069,1,4959,8,2020,4561.84
1023821064609238144,7069,1,4959,9,2020,6160.66
1023821064609238144,7069,1,4959,10,2020,5761.29
1023821064609238144,7069,1,4959,11,2020,3808.53
1023821064609238144,7069,1,4959,12,2020,5759.73
1025277930145388544,1703,0,42458,1,2020,210.92
1025277930145388544,1703,0,42458,2,2020,-2469.62
1025277930145388544,1703,0,42458,3,2020,-4109.49
1025277930145388544,1703,0,42458,4,2020,-2109.45
1025277930145388544,1703,0,42458,5,2020,-1135.65
1025277930145388544,1703,0,42458,6,2020,-1455.73
1025277930145388544,1703,0,42458,7,2020,-2313.63
1025277930145388544,1703,0,42458,8,2020,-2660.65
1025277930145388544,1703,0,42458,9,2020,-1975.51
1025277930145388544,1703,0,42458,10,2020,-2715.77
1025277930145388544,1703,0,42458,11,2020,-5616.33
1025277930145388544,1703,0,42458,12,2020,-7318.53
1025614169333504512,3373,4,1386,1,2020,-8622.28
1025614169333504512,3373,4,1386,2,2020,-10207.51
1025614169333504512,3373,4,1386,3,2020,-9914.94
1025614169333504512,3373,4,1386,4,2020,-11172.81
1025614169333504512,3373,4,1386,5,2020,-21343.04
1025614169333504512,3373,4,1386,6,2020,-33601.48
1025614169333504512,3373,4,1386,7,2020,-33579.32
1025614169333504512,3373,4,1386,8,2020,-36213.84
1025614169333504512,3373,4,1386,9,2020,-32865.95
1025614169333504512,3373,4,1386,10,2020,-29868.52
1025614169333504512,3373,4,1386,11,2020,-28703.97
1025614169333504512,3373,4,1386,12,2020,-30627.36
1026510386897346688,3304,3,30303,1,2020,-7059.04
1026510386897346688,3304,3,30303,2,2020,-10108.62
1026510386897346688,3304,3,30303,3,2020,-10158.44
1026510386897346688,3304,3,30303,4,2020,-7554.26
1026510386897346688,3304,3,30303,5,2020,-10133.26
1026510386897346688,3304,3,30303,6,2020,-15411.86
1026510386897346688,3304,3,30303,7,2020,-10921.14
1026510386897346688,3304,3,30303,8,2020,-7773.29
1026510386897346688,3304,3,30303,9,2020,-3860.31
1026510386897346688,3304,3,30303,10,2020,7346.8
1026510386897346688,3304,3,30303,11,2020,3239.46
1026510386897346688,3304,3,30303,12,2020,935.1
1026526759813689984,9087,2,98869,1,2020,1537.04
1026526759813689984,9087,2,98869,2,2020,9921.87
1026526759813689984,9087,2,98869,3,2020,13620.4
1026526759813689984,9087,2,98869,4,2020,16148.67
1026526759813689984,9087,2,98869,5,2020,15363.53
1026526759813689984,9087,2,98869,6,2020,10432.83
1026526759813689984,9087,2,98869,7,2020,4606.35
1026526759813689984,9087,2,98869,8,2020,-1403.67
1026526759813689984,9087,2,98869,9,2020,-3102.57
1026526759813689984,9087,2,98869,10,2020,2947.24
1026526759813689984,9087,2,98869,11,2020,5220.46
1026526759813689984,9087,2,98869,12,2020,5486.76
1027723092389070208,8094,7,4481,1,2020,3384.82
1027723092389070208,8094,7,4481,2,2020,973.14
1027723092389070208,8094,7,4481,3,2020,671.63
1027723092389070208,8094,7,4481,4,2020,1067.21
1027723092389070208,8094,7,4481,5,2020,1466.12
1027723092389070208,8094,7,4481,6,2020,3908.23
1027723092389070208,8094,7,4481,7,2020,3689.73
1027723092389070208,8094,7,4481,8,2020,-2214.68
1027723092389070208,8094,7,4481,9,2020,-5429.4
1027723092389070208,8094,7,4481,10,2020,-23.79
1027723092389070208,8094,7,4481,11,2020,5250.33
1027723092389070208,8094,7,4481,12,2020,3617.98
1028404737318295424,5570,9,7120,1,2020,-948.61
1028404737318295424,5570,9,7120,2,2020,-556.87
1028404737318295424,5570,9,7120,3,2020,-2278.09
1028404737318295424,5570,9,7120,4,2020,-6867.94
1028404737318295424,5570,9,7120,5,2020,-9522.28
1028404737318295424,5570,9,7120,6,2020,-9741.42
1028404737318295424,5570,9,7120,7,2020,-9804.48
1028404737318295424,5570,9,7120,8,2020,-10225.68
1028404737318295424,5570,9,7120,9,2020,-10804.5
1028404737318295424,5570,9,7120,10,2020,-10761.35
1028404737318295424,5570,9,7120,11,2020,-8348.49
1028404737318295424,5570,9,7120,12,2020,-5175.87
1029397655713511168,3938,9,14925,1,2020,3815.98
1029397655713511168,3938,9,14925,2,2020,5007.77
1029397655713511168,3938,9,14925,3,2020,9434.23
1029397655713511168,3938,9,14925,4,2020,873.46
1029397655713511168,3938,9,14925,5,2020,-5553.25
1029397655713511168,3938,9,14925,6,2020,-1468.45
1029397655713511168,3938,9,14925,7,2020,-5211.45
1029397655713511168,3938,9,14925,8,2020,-6822.71
1029397655713511168,3938,9,14925,9,2020,-9842.25
1029397655713511168,3938,9,14925,10,2020,-12269.23
1029397655713511168,3938,9,14925,11,2020,-19280.16
1029397655713511168,3938,9,14925,12,2020,-15532.8
1029774162761347456,3748,4,73201,1,2020,1884.91
1029774162761347456,3748,4,73201,2,2020,477.2
1029774162761347456,3748,4,73201,3,2020,-706.35
1029774162761347456,3748,4,73201,4,2020,-706.35
1029774162761347456,3748,4,73201,5,2020,276.48
1029774162761347456,3748,4,73201,6,2020,921.22
1029774162761347456,3748,4,73201,7,2020,921.22
1029774162761347456,3748,4,73201,8,2020,424.13
1029774162761347456,3748,4,73201,9,2020,2388.54
1029774162761347456,3748,4,73201,10,2020,2388.54
1029774162761347456,3748,4,73201,11,2020,4975.79
1029774162761347456,3748,4,73201,12,2020,3110.26
1030382561412382848,9458,6,2607,1,2020,-2760.02
1030382561412382848,9458,6,2607,2,2020,-105.03
1030382561412382848,9458,6,2607,3,2020,346.66
1030382561412382848,9458,6,2607,4,2020,-783.77
1030382561412382848,9458,6,2607,5,2020,-3319.29
1030382561412382848,9458,6,2607,6,2020,-3201.02
1030382561412382848,9458,6,2607,7,2020,-5028.92
1030382561412382848,9458,6,2607,8,2020,-7506.64
1030382561412382848,9458,6,2607,9,2020,-5415.37
1030382561412382848,9458,6,2607,10,2020,-6290.2
1030382561412382848,9458,6,2607,11,2020,-7721.53
1030382561412382848,9458,6,2607,12,2020,-11541.94
1031537448385968640,3509,3,29971,1,2020,4560.16
1031537448385968640,3509,3,29971,2,2020,4316.49
1031537448385968640,3509,3,29971,3,2020,3616.87
1031537448385968640,3509,3,29971,4,2020,12005.81
1031537448385968640,3509,3,29971,5,2020,14652.02
1031537448385968640,3509,3,29971,6,2020,13296.34
1031537448385968640,3509,3,29971,7,2020,13561.82
1031537448385968640,3509,3,29971,8,2020,10811.95
1031537448385968640,3509,3,29971,9,2020,6672.37
1031537448385968640,3509,3,29971,10,2020,6672.37
1031537448385968640,3509,3,29971,11,2020,6815.99
1031537448385968640,3509,3,29971,12,2020,5267.43
103207363609697376,9250,4,86067,1,2020,-2957.31
103207363609697376,9250,4,86067,2,2020,-4413.47
103207363609697376,9250,4,86067,3,2020,-2819.56
103207363609697376,9250,4,86067,4,2020,-2316.48
103207363609697376,9250,4,86067,5,2020,2335.04
103207363609697376,9250,4,86067,6,2020,3865.93
103207363609697376,9250,4,86067,7,2020,2566.94
103207363609697376,9250,4,86067,8,2020,1583.15
103207363609697376,9250,4,86067,9,2020,2042.31
103207363609697376,9250,4,86067,10,2020,715.69
103207363609697376,9250,4,86067,11,2020,5470.98
103207363609697376,9250,4,86067,12,2020,6874.37
1032736995475615232,2938,0,24595,1,2020,-1686.64
1032736995475615232,2938,0,24595,2,2020,3541.61
1032736995475615232,2938,0,24595,3,2020,9749.21
1032736995475615232,2938,0,24595,4,2020,7210.59
1032736995475615232,2938,0,24595,5,2020,5132.13
1032736995475615232,2938,0,24595,6,2020,-155.58
1032736995475615232,2938,0,24595,7,2020,1225.3
1032736995475615232,2938,0,24595,8,2020,-639.04
1032736995475615232,2938,0,24595,9,2020,-1458.96
1032736995475615232,2938,0,24595,10,2020,2670.34
1032736995475615232,2938,0,24595,11,2020,334.06
1032736995475615232,2938,0,24595,12,2020,125.34
1032810163652747776,612,6,19906,1,2020,-1939.7
1032810163652747776,612,6,19906,2,2020,3721.05
1032810163652747776,612,6,19906,3,2020,6577.98
1032810163652747776,612,6,19906,4,2020,10480.63
1032810163652747776,612,6,19906,5,2020,16244.55
1032810163652747776,612,6,19906,6,2020,21022.37
1032810163652747776,612,6,19906,7,2020,19570.73
1032810163652747776,612,6,19906,8,2020,24580.66
1032810163652747776,612,6,19906,9,2020,23313.65
1032810163652747776,612,6,19906,10,2020,20359.95
1032810163652747776,612,6,19906,11,2020,20978.3
1032810163652747776,612,6,19906,12,2020,20048.94
1032965871338162048,764,1,97681,1,2020,-1076.71
1032965871338162048,764,1,97681,2,2020,1789.2
1032965871338162048,764,1,97681,3,2020,304.3
1032965871338162048,764,1,97681,4,2020,3251.63
1032965871338162048,764,1,97681,5,2020,2675.84
1032965871338162048,764,1,97681,6,2020,4409.17
1032965871338162048,764,1,97681,7,2020,2802.4
1032965871338162048,764,1,97681,8,2020,5119.89
1032965871338162048,764,1,97681,9,2020,7168.56
1032965871338162048,764,1,97681,10,2020,817.62
1032965871338162048,764,1,97681,11,2020,-2452.75
1032965871338162048,764,1,97681,12,2020,-1986.0
1033695664202270464,9411,2,14504,1,2020,-1848.07
1033695664202270464,9411,2,14504,2,2020,3854.46
1033695664202270464,9411,2,14504,3,2020,7061.19
1033695664202270464,9411,2,14504,4,2020,2392.91
1033695664202270464,9411,2,14504,5,2020,-11577.14
1033695664202270464,9411,2,14504,6,2020,-13439.51
1033695664202270464,9411,2,14504,7,2020,-17518.52
1033695664202270464,9411,2,14504,8,2020,-13827.25
1033695664202270464,9411,2,14504,9,2020,-3858.09
1033695664202270464,9411,2,14504,10,2020,-4714.17
1033695664202270464,9411,2,14504,11,2020,-4107.83
1033695664202270464,9411,2,14504,12,2020,2534.7
1035742001266391808,1667,9,71384,1,2020,-3700.78
1035742001266391808,1667,9,71384,2,2020,63.54
1035742001266391808,1667,9,71384,3,2020,-2188.71
1035742001266391808,1667,9,71384,4,2020,953.7
1035742001266391808,1667,9,71384,5,2020,-1325.26
1035742001266391808,1667,9,71384,6,2020,-7584.38
1035742001266391808,1667,9,71384,7,2020,-5599.74
1035742001266391808,1667,9,71384,8,2020,-6204.22
1035742001266391808,1667,9,71384,9,2020,-5377.89
1035742001266391808,1667,9,71384,10,2020,-8157.07
1035742001266391808,1667,9,71384,11,2020,-9897.89
1035742001266391808,1667,9,71384,12,2020,-8266.35
1036124430961792256,4177,9,65852,1,2020,3178.56
1036124430961792256,4177,9,65852,2,2020,1031.23
1036124430961792256,4177,9,65852,3,2020,-484.62
1036124430961792256,4177,9,65852,4,2020,-4328.44
1036124430961792256,4177,9,65852,5,2020,-7227.96
1036124430961792256,4177,9,65852,6,2020,-7759.73
1036124430961792256,4177,9,65852,7,2020,-11887.22
1036124430961792256,4177,9,65852,8,2020,-8350.67
1036124430961792256,4177,9,65852,9,2020,-14.67
1036124430961792256,4177,9,65852,10,2020,-2247.58
1036124430961792256,4177,9,65852,11,2020,-3713.08
1036124430961792256,4177,9,65852,12,2020,-4378.75
