1466878427305472512,1500,6,14125,2,2020,-3421.82
1466878427305472512,1500,6,14125,3,2020,-6156.33
1466878427305472512,1500,6,14125,4,2020,-7516.51
1466878427305472512,1500,6,14125,5,2020,-7004.1
1466878427305472512,1500,6,14125,6,2020,-10196.74
1466878427305472512,1500,6,14125,7,2020,-8587.57
1466878427305472512,1500,6,14125,8,2020,-9595.94
1466878427305472512,1500,6,14125,9,2020,-11427.2
1466878427305472512,1500,6,14125,10,2020,-12766.94
1466878427305472512,1500,6,14125,11,2020,-12319.96
1466878427305472512,1500,6,14125,12,2020,-11447.06
1469496729815507456,6925,2,77315,1,2020,2878.52
1469496729815507456,6925,2,77315,2,2020,4813.57
1469496729815507456,6925,2,77315,3,2020,8427.51
1469496729815507456,6925,2,77315,4,2020,7208.57
1469496729815507456,6925,2,77315,5,2020,7634.05
1469496729815507456,6925,2,77315,6,2020,2246.72
1469496729815507456,6925,2,77315,7,2020,1610.84
1469496729815507456,6925,2,77315,8,2020,8138.72
1469496729815507456,6925,2,77315,9,2020,10577.04
1469496729815507456,6925,2,77315,10,2020,12589.96
1469496729815507456,6925,2,77315,11,2020,5762.2
1469496729815507456,6925,2,77315,12,2020,3728.3
146983024923494048,1827,9,19279,1,2020,1854.5
146983024923494048,1827,9,19279,2,2020,2588.2
146983024923494048,1827,9,19279,3,2020,4109.41
146983024923494048,1827,9,19279,4,2020,2552.53
146983024923494048,1827,9,19279,5,2020,4233.21
146983024923494048,1827,9,19279,6,2020,4564.81
146983024923494048,1827,9,19279,7,2020,3902.92
146983024923494048,1827,9,19279,8,2020,2418.22
146983024923494048,1827,9,19279,9,2020,2035.7
146983024923494048,1827,9,19279,10,2020,1838.26
146983024923494048,1827,9,19279,11,2020,1092.31
146983024923494048,1827,9,19279,12,2020,-245.04
1469833453452055040,4780,3,59649,1,2020,2053.91
1469833453452055040,4780,3,59649,2,2020,5753.67
1469833453452055040,4780,3,59649,3,2020,13333.49
1469833453452055040,4780,3,59649,4,2020,17977.23
1469833453452055040,4780,3,59649,5,2020,14409.73
1469833453452055040,4780,3,59649,6,2020,9590.22
1469833453452055040,4780,3,59649,7,2020,11082.41
1469833453452055040,4780,3,59649,8,2020,13259.32
1469833453452055040,4780,3,59649,9,2020,18428.85
1469833453452055040,4780,3,59649,10,2020,18060.54
1469833453452055040,4780,3,59649,11,2020,11711.76
1469833453452055040,4780,3,59649,12,2020,12803.77
1471477446185023488,77,8,28867,1,2020,-3230.69
1471477446185023488,77,8,28867,2,2020,-4956.55
1471477446185023488,77,8,28867,3,2020,5510.13
1471477446185023488,77,8,28867,4,2020,12426.05
1471477446185023488,77,8,28867,5,2020,18240.2
1471477446185023488,77,8,28867,6,2020,20400.39
1471477446185023488,77,8,28867,7,2020,19680.99
1471477446185023488,77,8,28867,8,2020,24916.8
1471477446185023488,77,8,28867,9,2020,19085.47
1471477446185023488,77,8,28867,10,2020,13895.37
1471477446185023488,77,8,28867,11,2020,8034.75
1471477446185023488,77,8,28867,12,2020,6594.4
1472560058919836160,5158,3,27162,1,2020,2024.06
1472560058919836160,5158,3,27162,2,2020,2024.06
1472560058919836160,5158,3,27162,3,2020,71.35
1472560058919836160,5158,3,27162,4,2020,-101.68
1472560058919836160,5158,3,27162,5,2020,1201.85
1472560058919836160,5158,3,27162,6,2020,2447.2
1472560058919836160,5158,3,27162,7,2020,2447.2
1472560058919836160,5158,3,27162,8,2020,2447.2
1472560058919836160,5158,3,27162,9,2020,900.04
1472560058919836160,5158,3,27162,10,2020,3757.24
1472560058919836160,5158,3,27162,11,2020,2428.25
1472560058919836160,5158,3,27162,12,2020,1551.61
1473492541530060288,7826,3,41283,1,2020,12901.25
1473492541530060288,7826,3,41283,2,2020,14534.57
1473492541530060288,7826,3,41283,3,2020,8686.58
1473492541530060288,7826,3,41283,4,2020,935.76
1473492541530060288,7826,3,41283,5,2020,-6303.27
1473492541530060288,7826,3,41283,6,2020,-4598.07
1473492541530060288,7826,3,41283,7,2020,-5653.99
1473492541530060288,7826,3,41283,8,2020,-13408.92
1473492541530060288,7826,3,41283,9,2020,-17569.56
1473492541530060288,7826,3,41283,10,2020,-10607.17
1473492541530060288,7826,3,41283,11,2020,-8480.26
1473492541530060288,7826,3,41283,12,2020,-7315.63
147533201923466656,107,3,16908,1,2020,1190.1
147533201923466656,107,3,16908,2,2020,941.29
147533201923466656,107,3,16908,3,2020,4717.93
147533201923466656,107,3,16908,4,2020,5064.92
147533201923466656,107,3,16908,5,2020,5564.18
147533201923466656,107,3,16908,6,2020,7090.44
147533201923466656,107,3,16908,7,2020,7049.08
147533201923466656,107,3,16908,8,2020,9367.55
147533201923466656,107,3,16908,9,2020,9733.44
147533201923466656,107,3,16908,10,2020,9733.44
147533201923466656,107,3,16908,11,2020,11411.02
147533201923466656,107,3,16908,12,2020,8776.14
1476366790753276160,5770,8,59799,1,2020,158.43
1476366790753276160,5770,8,59799,2,2020,-2541.07
1476366790753276160,5770,8,59799,3,2020,-3901.76
1476366790753276160,5770,8,59799,4,2020,-5934.41
1476366790753276160,5770,8,59799,5,2020,-11214.67
1476366790753276160,5770,8,59799,6,2020,-16487.35
1476366790753276160,5770,8,59799,7,2020,-16840.49
1476366790753276160,5770,8,59799,8,2020,-16045.12
1476366790753276160,5770,8,59799,9,2020,-21662.22
1476366790753276160,5770,8,59799,10,2020,-12714.8
1476366790753276160,5770,8,59799,11,2020,-8223.66
1476366790753276160,5770,8,59799,12,2020,-8723.56
1477095747112467200,8455,7,84860,1,2020,1540.22
1477095747112467200,8455,7,84860,2,2020,-107.68
1477095747112467200,8455,7,84860,3,2020,564.88
1477095747112467200,8455,7,84860,4,2020,1708.61
1477095747112467200,8455,7,84860,5,2020,1708.61
1477095747112467200,8455,7,84860,6,2020,1708.61
1477095747112467200,8455,7,84860,7,2020,302.85
1477095747112467200,8455,7,84860,8,2020,788.43
1477095747112467200,8455,7,84860,9,2020,1287.66
1477095747112467200,8455,7,84860,10,2020,1287.66
1477095747112467200,8455,7,84860,11,2020,1287.66
1477095747112467200,8455,7,84860,12,2020,1947.56
1477805853276352256,2345,7,11982,1,2020,-1564.71
1477805853276352256,2345,7,11982,2,2020,-417.01
1477805853276352256,2345,7,11982,3,2020,9197.47
1477805853276352256,2345,7,11982,4,2020,6528.33
1477805853276352256,2345,7,11982,5,2020,7907.45
1477805853276352256,2345,7,11982,6,2020,5163.61
1477805853276352256,2345,7,11982,7,2020,4575.31
1477805853276352256,2345,7,11982,8,2020,9125.31
1477805853276352256,2345,7,11982,9,2020,4900.81
1477805853276352256,2345,7,11982,10,2020,5450.51
1477805853276352256,2345,7,11982,11,2020,3328.26
1477805853276352256,2345,7,11982,12,2020,-3871.63
1478768539028224768,8777,8,49325,1,2020,-2299.07
1478768539028224768,8777,8,49325,2,2020,1895.04
1478768539028224768,8777,8,49325,3,2020,7761.68
1478768539028224768,8777,8,49325,4,2020,-107.03
1478768539028224768,8777,8,49325,5,2020,-891.11
1478768539028224768,8777,8,49325,6,2020,-490.58
1478768539028224768,8777,8,49325,7,2020,6834.43
1478768539028224768,8777,8,49325,8,2020,3686.25
1478768539028224768,8777,8,49325,9,2020,1146.13
1478768539028224768,8777,8,49325,10,2020,4137.51
1478768539028224768,8777,8,49325,11,2020,9957.36
1478768539028224768,8777,8,49325,12,2020,4224.66
1479060965714572800,571,9,44110,1,2020,1440.77
1479060965714572800,571,9,44110,2,2020,4066.58
1479060965714572800,571,9,44110,3,2020,13925.67
1479060965714572800,571,9,44110,4,2020,17349.25
1479060965714572800,571,9,44110,5,2020,13329.97
1479060965714572800,571,9,44110,6,2020,11756.67
1479060965714572800,571,9,44110,7,2020,14001.93
1479060965714572800,571,9,44110,8,2020,9894.35
1479060965714572800,571,9,44110,9,2020,12466.11
1479060965714572800,571,9,44110,10,2020,9413.6
1479060965714572800,571,9,44110,11,2020,14882.6
1479060965714572800,571,9,44110,12,2020,15873.96
1479197378962124032,598,1,84753,1,2020,3701.5
1479197378962124032,598,1,84753,2,2020,4912.06
1479197378962124032,598,1,84753,3,2020,1713.77
1479197378962124032,598,1,84753,4,2020,-2573.9
1479197378962124032,598,1,84753,5,2020,1198.69
1479197378962124032,598,1,84753,6,2020,-615.67
1479197378962124032,598,1,84753,7,2020,1173.85
1479197378962124032,598,1,84753,8,2020,7477.41
1479197378962124032,598,1,84753,9,2020,9680.66
1479197378962124032,598,1,84753,10,2020,13267.53
1479197378962124032,598,1,84753,11,2020,12110.18
1479197378962124032,598,1,84753,12,2020,11833.07
1480484080313627904,2281,4,2872,1,2020,7171.59
1480484080313627904,2281,4,2872,2,2020,14305.89
1480484080313627904,2281,4,2872,3,2020,24202.59
1480484080313627904,2281,4,2872,4,2020,26417.6
1480484080313627904,2281,4,2872,5,2020,23467.54
1480484080313627904,2281,4,2872,6,2020,26288.22
1480484080313627904,2281,4,2872,7,2020,24271.77
1480484080313627904,2281,4,2872,8,2020,32006.27
1480484080313627904,2281,4,2872,9,2020,37987.86
1480484080313627904,2281,4,2872,10,2020,27067.27
1480484080313627904,2281,4,2872,11,2020,26707.19
1480484080313627904,2281,4,2872,12,2020,23988.39
1481021858971105536,484,2,67373,1,2020,3534.3
1481021858971105536,484,2,67373,2,2020,9187.8
1481021858971105536,484,2,67373,3,2020,15338.98
1481021858971105536,484,2,67373,4,2020,13592.91
1481021858971105536,484,2,67373,5,2020,15956.25
1481021858971105536,484,2,67373,6,2020,20691.11
1481021858971105536,484,2,67373,7,2020,21536.33
1481021858971105536,484,2,67373,8,2020,17235.57
1481021858971105536,484,2,67373,9,2020,15859.49
1481021858971105536,484,2,67373,10,2020,21313.69
1481021858971105536,484,2,67373,11,2020,15956.59
1481021858971105536,484,2,67373,12,2020,13115.93
1481548554119176192,2827,7,35070,1,2020,-244.44
1481548554119176192,2827,7,35070,2,2020,-386.72
1481548554119176192,2827,7,35070,3,2020,-386.72
1481548554119176192,2827,7,35070,4,2020,-386.72
1481548554119176192,2827,7,35070,5,2020,-386.72
1481548554119176192,2827,7,35070,6,2020,-1290.51
1481548554119176192,2827,7,35070,7,2020,-231.48
1481548554119176192,2827,7,35070,8,2020,-502.16
1481548554119176192,2827,7,35070,9,2020,-324.33
1481548554119176192,2827,7,35070,10,2020,-324.33
1481548554119176192,2827,7,35070,11,2020,-324.33
1481548554119176192,2827,7,35070,12,2020,-1357.47
148212151499662208,841,2,17635,1,2020,-793.3
148212151499662208,841,2,17635,2,2020,-2236.84
148212151499662208,841,2,17635,3,2020,-2816.43
148212151499662208,841,2,17635,4,2020,-6701.79
148212151499662208,841,2,17635,5,2020,-5841.63
148212151499662208,841,2,17635,6,2020,-6216.16
148212151499662208,841,2,17635,7,2020,-4734.94
148212151499662208,841,2,17635,8,2020,-2124.92
148212151499662208,841,2,17635,9,2020,-1096.74
148212151499662208,841,2,17635,10,2020,-1896.66
148212151499662208,841,2,17635,11,2020,4484.48
148212151499662208,841,2,17635,12,2020,14329.49
14823956517654278,6267,9,20103,1,2020,6328.42
14823956517654278,6267,9,20103,2,2020,14255.31
14823956517654278,6267,9,20103,3,2020,13619.4
14823956517654278,6267,9,20103,4,2020,17293.25
14823956517654278,6267,9,20103,5,2020,16561.19
14823956517654278,6267,9,20103,6,2020,17533.14
14823956517654278,6267,9,20103,7,2020,14985.96
14823956517654278,6267,9,20103,8,2020,20707.91
14823956517654278,6267,9,20103,9,2020,31408.48
14823956517654278,6267,9,20103,10,2020,28798.1
14823956517654278,6267,9,20103,11,2020,24870.06
14823956517654278,6267,9,20103,12,2020,27157.77
1484240125005948672,7828,6,755,1,2020,761.12
1484240125005948672,7828,6,755,2,2020,1728.27
1484240125005948672,7828,6,755,3,2020,3298.58
1484240125005948672,7828,6,755,4,2020,1851.71
1484240125005948672,7828,6,755,5,2020,540.35
1484240125005948672,7828,6,755,6,2020,-508.73
1484240125005948672,7828,6,755,7,2020,1300.67
1484240125005948672,7828,6,755,8,2020,-298.23
1484240125005948672,7828,6,755,9,2020,-4993.2
