1600478822880115456,2132,1,73379,5,2020,5532.55
1600478822880115456,2132,1,73379,6,2020,8051.8
1600478822880115456,2132,1,73379,7,2020,9600.47
1600478822880115456,2132,1,73379,8,2020,10736.67
1600478822880115456,2132,1,73379,9,2020,19825.51
1600478822880115456,2132,1,73379,10,2020,16613.88
1600478822880115456,2132,1,73379,11,2020,20141.9
1600478822880115456,2132,1,73379,12,2020,23958.95
1600541709925121792,7802,4,81663,1,2020,4039.92
1600541709925121792,7802,4,81663,2,2020,1787.11
1600541709925121792,7802,4,81663,3,2020,5940.96
1600541709925121792,7802,4,81663,4,2020,7655.0
1600541709925121792,7802,4,81663,5,2020,8798.41
1600541709925121792,7802,4,81663,6,2020,8891.99
1600541709925121792,7802,4,81663,7,2020,14070.94
1600541709925121792,7802,4,81663,8,2020,16517.94
1600541709925121792,7802,4,81663,9,2020,19397.98
1600541709925121792,7802,4,81663,10,2020,18509.75
1600541709925121792,7802,4,81663,11,2020,14598.46
1600541709925121792,7802,4,81663,12,2020,9661.92
1600937766401807360,9071,5,11161,1,2020,-3650.24
1600937766401807360,9071,5,11161,2,2020,1372.31
1600937766401807360,9071,5,11161,3,2020,2299.74
1600937766401807360,9071,5,11161,4,2020,3230.39
1600937766401807360,9071,5,11161,5,2020,6082.68
1600937766401807360,9071,5,11161,6,2020,4014.98
1600937766401807360,9071,5,11161,7,2020,1786.48
1600937766401807360,9071,5,11161,8,2020,2803.78
1600937766401807360,9071,5,11161,9,2020,2260.22
1600937766401807360,9071,5,11161,10,2020,8819.17
1600937766401807360,9071,5,11161,11,2020,10520.57
1600937766401807360,9071,5,11161,12,2020,12080.95
1601319978481409024,9981,8,86125,1,2020,-3739.69
1601319978481409024,9981,8,86125,2,2020,-5142.78
1601319978481409024,9981,8,86125,3,2020,-10979.11
1601319978481409024,9981,8,86125,4,2020,-9936.04
1601319978481409024,9981,8,86125,5,2020,-16884.28
1601319978481409024,9981,8,86125,6,2020,-17507.2
1601319978481409024,9981,8,86125,7,2020,-22523.13
1601319978481409024,9981,8,86125,8,2020,-21698.71
1601319978481409024,9981,8,86125,9,2020,-23363.82
1601319978481409024,9981,8,86125,10,2020,-27248.32
1601319978481409024,9981,8,86125,11,2020,-33360.93
1601319978481409024,9981,8,86125,12,2020,-30363.32
1601977080331490304,9668,9,2701,1,2020,-3011.99
1601977080331490304,9668,9,2701,2,2020,-5045.24
1601977080331490304,9668,9,2701,3,2020,-5968.99
1601977080331490304,9668,9,2701,4,2020,-9734.38
1601977080331490304,9668,9,2701,5,2020,-11186.39
1601977080331490304,9668,9,2701,6,2020,-10311.05
1601977080331490304,9668,9,2701,7,2020,-8175.79
1601977080331490304,9668,9,2701,8,2020,-887.56
1601977080331490304,9668,9,2701,9,2020,1409.78
1601977080331490304,9668,9,2701,10,2020,2302.32
1601977080331490304,9668,9,2701,11,2020,-4632.17
1601977080331490304,9668,9,2701,12,2020,-4515.94
1602036008879004928,76,8,57803,1,2020,-8941.71
1602036008879004928,76,8,57803,2,2020,-12329.59
1602036008879004928,76,8,57803,3,2020,-16131.57
1602036008879004928,76,8,57803,4,2020,-9282.32
1602036008879004928,76,8,57803,5,2020,-3718.7
1602036008879004928,76,8,57803,6,2020,-3656.0
1602036008879004928,76,8,57803,7,2020,-1091.58
1602036008879004928,76,8,57803,8,2020,-1638.73
1602036008879004928,76,8,57803,9,2020,2381.64
1602036008879004928,76,8,57803,10,2020,-2111.9
1602036008879004928,76,8,57803,11,2020,582.19
1602036008879004928,76,8,57803,12,2020,-3997.14
1602354449810963968,6321,3,49960,1,2020,7463.4
1602354449810963968,6321,3,49960,2,2020,7443.61
1602354449810963968,6321,3,49960,3,2020,7803.88
1602354449810963968,6321,3,49960,4,2020,10164.29
1602354449810963968,6321,3,49960,5,2020,13530.71
1602354449810963968,6321,3,49960,6,2020,14294.8
1602354449810963968,6321,3,49960,7,2020,11872.63
1602354449810963968,6321,3,49960,8,2020,10211.87
1602354449810963968,6321,3,49960,9,2020,14079.73
1602354449810963968,6321,3,49960,10,2020,14911.25
1602354449810963968,6321,3,49960,11,2020,11181.42
1602354449810963968,6321,3,49960,12,2020,14471.48
1602644147320315136,3995,5,96697,1,2020,297.97
1602644147320315136,3995,5,96697,2,2020,-12462.38
1602644147320315136,3995,5,96697,3,2020,-9326.6
1602644147320315136,3995,5,96697,4,2020,-6506.4
1602644147320315136,3995,5,96697,5,2020,-2955.86
1602644147320315136,3995,5,96697,6,2020,2111.02
1602644147320315136,3995,5,96697,7,2020,-8150.27
1602644147320315136,3995,5,96697,8,2020,-18435.47
1602644147320315136,3995,5,96697,9,2020,-22475.48
1602644147320315136,3995,5,96697,10,2020,-33484.2
1602644147320315136,3995,5,96697,11,2020,-32717.85
1602644147320315136,3995,5,96697,12,2020,-33789.25
1602694693133013248,7961,3,91684,1,2020,-3573.35
1602694693133013248,7961,3,91684,2,2020,-3801.83
1602694693133013248,7961,3,91684,3,2020,-3532.32
1602694693133013248,7961,3,91684,4,2020,-4228.15
1602694693133013248,7961,3,91684,5,2020,-8958.62
1602694693133013248,7961,3,91684,6,2020,-8638.55
1602694693133013248,7961,3,91684,7,2020,-7651.07
1602694693133013248,7961,3,91684,8,2020,-12313.91
1602694693133013248,7961,3,91684,9,2020,-11760.93
1602694693133013248,7961,3,91684,10,2020,-12060.0
1602694693133013248,7961,3,91684,11,2020,-8502.53
1602694693133013248,7961,3,91684,12,2020,-6610.62
1602930111355037696,492,0,82940,1,2020,3747.16
1602930111355037696,492,0,82940,2,2020,304.39
1602930111355037696,492,0,82940,3,2020,1850.04
1602930111355037696,492,0,82940,4,2020,1237.66
1602930111355037696,492,0,82940,5,2020,-836.3
1602930111355037696,492,0,82940,6,2020,-3264.47
1602930111355037696,492,0,82940,7,2020,-7858.88
1602930111355037696,492,0,82940,8,2020,-21252.81
1602930111355037696,492,0,82940,9,2020,-19789.05
1602930111355037696,492,0,82940,10,2020,-13191.69
1602930111355037696,492,0,82940,11,2020,-19369.32
1602930111355037696,492,0,82940,12,2020,-17269.17
160330498834619040,3979,9,45562,1,2020,-1545.24
160330498834619040,3979,9,45562,2,2020,-4035.61
160330498834619040,3979,9,45562,3,2020,-360.97
160330498834619040,3979,9,45562,4,2020,-1052.2
160330498834619040,3979,9,45562,5,2020,-10833.09
160330498834619040,3979,9,45562,6,2020,-11509.11
160330498834619040,3979,9,45562,7,2020,-7864.79
160330498834619040,3979,9,45562,8,2020,-13061.59
160330498834619040,3979,9,45562,9,2020,-16337.25
160330498834619040,3979,9,45562,10,2020,-28699.63
160330498834619040,3979,9,45562,11,2020,-33911.75
160330498834619040,3979,9,45562,12,2020,-34061.86
1603939871861019904,2932,5,89757,1,2020,-2500.52
1603939871861019904,2932,5,89757,2,2020,3.22
1603939871861019904,2932,5,89757,3,2020,-2530.86
1603939871861019904,2932,5,89757,4,2020,-4797.61
1603939871861019904,2932,5,89757,5,2020,-9040.76
1603939871861019904,2932,5,89757,6,2020,-5688.48
1603939871861019904,2932,5,89757,7,2020,-11918.97
1603939871861019904,2932,5,89757,8,2020,-15790.86
1603939871861019904,2932,5,89757,9,2020,-15939.42
1603939871861019904,2932,5,89757,10,2020,-27510.03
1603939871861019904,2932,5,89757,11,2020,-28019.57
1603939871861019904,2932,5,89757,12,2020,-29597.58
1605385515510825472,3722,5,43084,1,2020,0.0
1605385515510825472,3722,5,43084,2,2020,0.0
1605385515510825472,3722,5,43084,3,2020,0.0
1605385515510825472,3722,5,43084,4,2020,0.0
1605385515510825472,3722,5,43084,5,2020,0.0
1605385515510825472,3722,5,43084,6,2020,0.0
1605385515510825472,3722,5,43084,7,2020,0.0
1605385515510825472,3722,5,43084,8,2020,0.0
1605385515510825472,3722,5,43084,9,2020,930.73
1605385515510825472,3722,5,43084,10,2020,930.73
1605385515510825472,3722,5,43084,11,2020,930.73
1605385515510825472,3722,5,43084,12,2020,2024.45
1605820021126945792,4985,2,87523,1,2020,-3837.41
1605820021126945792,4985,2,87523,2,2020,-4698.71
1605820021126945792,4985,2,87523,3,2020,-3824.94
1605820021126945792,4985,2,87523,4,2020,-3824.94
1605820021126945792,4985,2,87523,5,2020,-5473.62
1605820021126945792,4985,2,87523,6,2020,-6810.53
1605820021126945792,4985,2,87523,7,2020,-6722.9
1605820021126945792,4985,2,87523,8,2020,-6661.93
1605820021126945792,4985,2,87523,9,2020,-8372.74
1605820021126945792,4985,2,87523,10,2020,-11213.83
1605820021126945792,4985,2,87523,11,2020,-5790.74
1605820021126945792,4985,2,87523,12,2020,-8671.85
1606103564181051136,3489,9,25506,1,2020,-1255.42
1606103564181051136,3489,9,25506,2,2020,-8636.4
1606103564181051136,3489,9,25506,3,2020,-10543.16
1606103564181051136,3489,9,25506,4,2020,-7238.65
1606103564181051136,3489,9,25506,5,2020,-6526.34
1606103564181051136,3489,9,25506,6,2020,-2205.89
1606103564181051136,3489,9,25506,7,2020,-3940.49
1606103564181051136,3489,9,25506,8,2020,-7223.66
1606103564181051136,3489,9,25506,9,2020,-10179.18
1606103564181051136,3489,9,25506,10,2020,-9179.77
1606103564181051136,3489,9,25506,11,2020,-4812.66
1606103564181051136,3489,9,25506,12,2020,-12477.09
160821748564778688,3674,7,25576,1,2020,291.74
160821748564778688,3674,7,25576,2,2020,-1412.64
160821748564778688,3674,7,25576,3,2020,-4748.86
160821748564778688,3674,7,25576,4,2020,-6678.13
160821748564778688,3674,7,25576,5,2020,-3312.81
160821748564778688,3674,7,25576,6,2020,-3107.87
160821748564778688,3674,7,25576,7,2020,-922.76
160821748564778688,3674,7,25576,8,2020,1729.16
160821748564778688,3674,7,25576,9,2020,5599.44
160821748564778688,3674,7,25576,10,2020,-2101.3
160821748564778688,3674,7,25576,11,2020,-6128.99
160821748564778688,3674,7,25576,12,2020,-8926.83
160845833937341504,9459,4,84318,1,2020,6452.03
160845833937341504,9459,4,84318,2,2020,14189.49
160845833937341504,9459,4,84318,3,2020,6736.66
160845833937341504,9459,4,84318,4,2020,5648.73
160845833937341504,9459,4,84318,5,2020,9321.77
160845833937341504,9459,4,84318,6,2020,9798.34
160845833937341504,9459,4,84318,7,2020,11340.85
160845833937341504,9459,4,84318,8,2020,6344.69
160845833937341504,9459,4,84318,9,2020,9800.7
160845833937341504,9459,4,84318,10,2020,7990.68
160845833937341504,9459,4,84318,11,2020,5841.21
160845833937341504,9459,4,84318,12,2020,5176.02
1608704200920143360,7164,5,3391,1,2020,8528.97
1608704200920143360,7164,5,3391,2,2020,6659.55
1608704200920143360,7164,5,3391,3,2020,14893.31
1608704200920143360,7164,5,3391,4,2020,12535.29
1608704200920143360,7164,5,3391,5,2020,8655.67
1608704200920143360,7164,5,3391,6,2020,7036.76
1608704200920143360,7164,5,3391,7,2020,6253.42
1608704200920143360,7164,5,3391,8,2020,5445.16
1608704200920143360,7164,5,3391,9,2020,3918.32
1608704200920143360,7164,5,3391,10,2020,4583.99
1608704200920143360,7164,5,3391,11,2020,4192.07
1608704200920143360,7164,5,3391,12,2020,-1013.05
160899060515324256,1204,2,84681,1,2020,882.41
160899060515324256,1204,2,84681,2,2020,6517.81
160899060515324256,1204,2,84681,3,2020,5846.98
160899060515324256,1204,2,84681,4,2020,10271.29
160899060515324256,1204,2,84681,5,2020,12669.59
160899060515324256,1204,2,84681,6,2020,6909.19
160899060515324256,1204,2,84681,7,2020,1454.41
160899060515324256,1204,2,84681,8,2020,8010.59
160899060515324256,1204,2,84681,9,2020,11513.91
160899060515324256,1204,2,84681,10,2020,9909.24
160899060515324256,1204,2,84681,11,2020,14524.33
160899060515324256,1204,2,84681,12,2020,17598.34
160932438394884064,873,6,59104,1,2020,4481.61
160932438394884064,873,6,59104,2,2020,3632.73
160932438394884064,873,6,59104,3,2020,8737.09
160932438394884064,873,6,59104,4,2020,8947.01
160932438394884064,873,6,59104,5,2020,11157.75
160932438394884064,873,6,59104,6,2020,14014.2
160932438394884064,873,6,59104,7,2020,12631.88
160932438394884064,873,6,59104,8,2020,14877.38
160932438394884064,873,6,59104,9,2020,17728.87
160932438394884064,873,6,59104,10,2020,16151.47
160932438394884064,873,6,59104,11,2020,21332.83
160932438394884064,873,6,59104,12,2020,22993.95
1609867818460790272,5815,9,42577,1,2020,-7515.95
1609867818460790272,5815,9,42577,2,2020,-4831.13
1609867818460790272,5815,9,42577,3,2020,-1819.81
1609867818460790272,5815,9,42577,4,2020,-4255.99
