2141085595139931904,6574,0,62166,8,2020,-12049.86
2141085595139931904,6574,0,62166,9,2020,-15912.69
2141085595139931904,6574,0,62166,10,2020,-13230.3
2141085595139931904,6574,0,62166,11,2020,-13586.71
2141085595139931904,6574,0,62166,12,2020,-16614.11
2141607253874302208,2844,9,41676,1,2020,-1003.34
2141607253874302208,2844,9,41676,2,2020,-4423.86
2141607253874302208,2844,9,41676,3,2020,-1515.57
2141607253874302208,2844,9,41676,4,2020,-3918.15
2141607253874302208,2844,9,41676,5,2020,-3400.55
2141607253874302208,2844,9,41676,6,2020,-4810.69
2141607253874302208,2844,9,41676,7,2020,-5432.13
2141607253874302208,2844,9,41676,8,2020,-6351.8
2141607253874302208,2844,9,41676,9,2020,-13163.34
2141607253874302208,2844,9,41676,10,2020,-13610.46
2141607253874302208,2844,9,41676,11,2020,-10608.99
2141607253874302208,2844,9,41676,12,2020,-11987.65
214223691782491808,3544,2,19710,1,2020,509.47
214223691782491808,3544,2,19710,2,2020,1519.85
214223691782491808,3544,2,19710,3,2020,-1543.38
214223691782491808,3544,2,19710,4,2020,-4532.8
214223691782491808,3544,2,19710,5,2020,-4539.77
214223691782491808,3544,2,19710,6,2020,-11225.43
214223691782491808,3544,2,19710,7,2020,-11814.1
214223691782491808,3544,2,19710,8,2020,-14913.23
214223691782491808,3544,2,19710,9,2020,-18757.03
214223691782491808,3544,2,19710,10,2020,-14715.34
214223691782491808,3544,2,19710,11,2020,-20737.92
214223691782491808,3544,2,19710,12,2020,-23101.03
2142709376111000320,9771,1,93883,1,2020,879.89
2142709376111000320,9771,1,93883,2,2020,-1171.3
2142709376111000320,9771,1,93883,3,2020,-7350.59
2142709376111000320,9771,1,93883,4,2020,-4623.4
2142709376111000320,9771,1,93883,5,2020,-4654.88
2142709376111000320,9771,1,93883,6,2020,-13860.12
2142709376111000320,9771,1,93883,7,2020,-10617.65
2142709376111000320,9771,1,93883,8,2020,-14167.42
2142709376111000320,9771,1,93883,9,2020,-11335.76
2142709376111000320,9771,1,93883,10,2020,-6318.94
2142709376111000320,9771,1,93883,11,2020,-7616.82
2142709376111000320,9771,1,93883,12,2020,-9835.27
2142872782173543680,9297,8,70037,1,2020,-550.44
2142872782173543680,9297,8,70037,2,2020,-2055.52
2142872782173543680,9297,8,70037,3,2020,3552.01
2142872782173543680,9297,8,70037,4,2020,6714.71
2142872782173543680,9297,8,70037,5,2020,6820.52
2142872782173543680,9297,8,70037,6,2020,9653.58
2142872782173543680,9297,8,70037,7,2020,14561.39
2142872782173543680,9297,8,70037,8,2020,17845.31
2142872782173543680,9297,8,70037,9,2020,18343.01
2142872782173543680,9297,8,70037,10,2020,18694.38
2142872782173543680,9297,8,70037,11,2020,24348.47
2142872782173543680,9297,8,70037,12,2020,22166.66
214313874517335776,8289,4,29030,1,2020,-1023.38
214313874517335776,8289,4,29030,2,2020,-5968.26
214313874517335776,8289,4,29030,3,2020,-5831.72
214313874517335776,8289,4,29030,4,2020,-7962.75
214313874517335776,8289,4,29030,5,2020,-7885.85
214313874517335776,8289,4,29030,6,2020,-6899.06
214313874517335776,8289,4,29030,7,2020,-4720.46
214313874517335776,8289,4,29030,8,2020,-830.79
214313874517335776,8289,4,29030,9,2020,-1698.94
214313874517335776,8289,4,29030,10,2020,-1284.62
214313874517335776,8289,4,29030,11,2020,1982.22
214313874517335776,8289,4,29030,12,2020,-107.42
2144093510591275776,939,8,3509,1,2020,1768.52
2144093510591275776,939,8,3509,2,2020,719.87
2144093510591275776,939,8,3509,3,2020,-352.13
2144093510591275776,939,8,3509,4,2020,-58.81
2144093510591275776,939,8,3509,5,2020,-845.45
2144093510591275776,939,8,3509,6,2020,-2725.67
2144093510591275776,939,8,3509,7,2020,-961.99
2144093510591275776,939,8,3509,8,2020,-1575.25
2144093510591275776,939,8,3509,9,2020,-7645.17
2144093510591275776,939,8,3509,10,2020,-8004.66
2144093510591275776,939,8,3509,11,2020,-6676.4
2144093510591275776,939,8,3509,12,2020,-10042.16
2145811048990289408,5884,0,3793,1,2020,3200.05
2145811048990289408,5884,0,3793,2,2020,2552.24
2145811048990289408,5884,0,3793,3,2020,4319.22
2145811048990289408,5884,0,3793,4,2020,3812.6
2145811048990289408,5884,0,3793,5,2020,619.83
2145811048990289408,5884,0,3793,6,2020,-3897.87
2145811048990289408,5884,0,3793,7,2020,-5743.89
2145811048990289408,5884,0,3793,8,2020,-2196.29
2145811048990289408,5884,0,3793,9,2020,-3281.69
2145811048990289408,5884,0,3793,10,2020,-5332.81
2145811048990289408,5884,0,3793,11,2020,-3428.1
2145811048990289408,5884,0,3793,12,2020,-6815.02
2146840335397634560,497,3,7495,1,2020,-350.73
2146840335397634560,497,3,7495,2,2020,3662.66
2146840335397634560,497,3,7495,3,2020,7461.3
2146840335397634560,497,3,7495,4,2020,7218.09
2146840335397634560,497,3,7495,5,2020,6509.24
2146840335397634560,497,3,7495,6,2020,3048.0
2146840335397634560,497,3,7495,7,2020,1400.65
2146840335397634560,497,3,7495,8,2020,-66.4
2146840335397634560,497,3,7495,9,2020,-4338.78
2146840335397634560,497,3,7495,10,2020,-2888.24
2146840335397634560,497,3,7495,11,2020,-4679.77
2146840335397634560,497,3,7495,12,2020,-3805.02
2147432070132264704,1861,7,25761,1,2020,-411.55
2147432070132264704,1861,7,25761,2,2020,509.63
2147432070132264704,1861,7,25761,3,2020,-2420.68
2147432070132264704,1861,7,25761,4,2020,-5532.52
2147432070132264704,1861,7,25761,5,2020,-3608.18
2147432070132264704,1861,7,25761,6,2020,-3671.5
2147432070132264704,1861,7,25761,7,2020,3337.79
2147432070132264704,1861,7,25761,8,2020,5091.24
2147432070132264704,1861,7,25761,9,2020,6356.76
2147432070132264704,1861,7,25761,10,2020,3487.18
2147432070132264704,1861,7,25761,11,2020,7301.04
2147432070132264704,1861,7,25761,12,2020,6402.51
2147674345954302208,2618,6,84443,1,2020,5968.13
2147674345954302208,2618,6,84443,2,2020,8872.48
2147674345954302208,2618,6,84443,3,2020,13685.97
2147674345954302208,2618,6,84443,4,2020,8470.9
2147674345954302208,2618,6,84443,5,2020,10762.37
2147674345954302208,2618,6,84443,6,2020,12105.26
2147674345954302208,2618,6,84443,7,2020,21977.57
2147674345954302208,2618,6,84443,8,2020,27760.38
2147674345954302208,2618,6,84443,9,2020,22394.5
2147674345954302208,2618,6,84443,10,2020,26143.2
2147674345954302208,2618,6,84443,11,2020,26771.6
2147674345954302208,2618,6,84443,12,2020,25305.02
2147983495529896192,3585,0,78678,1,2020,2352.22
2147983495529896192,3585,0,78678,2,2020,463.15
2147983495529896192,3585,0,78678,3,2020,1819.86
2147983495529896192,3585,0,78678,4,2020,2448.77
2147983495529896192,3585,0,78678,5,2020,5360.96
2147983495529896192,3585,0,78678,6,2020,6589.25
2147983495529896192,3585,0,78678,7,2020,6576.52
2147983495529896192,3585,0,78678,8,2020,8665.78
2147983495529896192,3585,0,78678,9,2020,6342.49
2147983495529896192,3585,0,78678,10,2020,6778.32
2147983495529896192,3585,0,78678,11,2020,9232.94
2147983495529896192,3585,0,78678,12,2020,10605.7
2148139559227873024,8296,5,3773,1,2020,4329.93
2148139559227873024,8296,5,3773,2,2020,4329.93
2148139559227873024,8296,5,3773,3,2020,4329.93
2148139559227873024,8296,5,3773,4,2020,6315.87
2148139559227873024,8296,5,3773,5,2020,6315.87
2148139559227873024,8296,5,3773,6,2020,5518.14
2148139559227873024,8296,5,3773,7,2020,5181.53
2148139559227873024,8296,5,3773,8,2020,5469.79
2148139559227873024,8296,5,3773,9,2020,3508.56
2148139559227873024,8296,5,3773,10,2020,2158.62
2148139559227873024,8296,5,3773,11,2020,503.88
2148139559227873024,8296,5,3773,12,2020,503.88
2148752158172118272,583,0,99485,1,2020,-5207.08
2148752158172118272,583,0,99485,2,2020,-3796.26
2148752158172118272,583,0,99485,3,2020,-582.65
2148752158172118272,583,0,99485,4,2020,-582.65
2148752158172118272,583,0,99485,5,2020,-795.11
2148752158172118272,583,0,99485,6,2020,-669.98
2148752158172118272,583,0,99485,7,2020,-746.87
2148752158172118272,583,0,99485,8,2020,-3432.51
2148752158172118272,583,0,99485,9,2020,-1781.86
2148752158172118272,583,0,99485,10,2020,656.67
2148752158172118272,583,0,99485,11,2020,2878.92
2148752158172118272,583,0,99485,12,2020,4730.92
2149205394686466560,6381,3,36865,1,2020,1501.87
2149205394686466560,6381,3,36865,2,2020,1917.65
2149205394686466560,6381,3,36865,3,2020,6876.69
2149205394686466560,6381,3,36865,4,2020,4280.47
2149205394686466560,6381,3,36865,5,2020,4709.57
2149205394686466560,6381,3,36865,6,2020,7252.0
2149205394686466560,6381,3,36865,7,2020,3638.58
2149205394686466560,6381,3,36865,8,2020,-982.79
2149205394686466560,6381,3,36865,9,2020,607.62
2149205394686466560,6381,3,36865,10,2020,3453.03
2149205394686466560,6381,3,36865,11,2020,16577.72
2149205394686466560,6381,3,36865,12,2020,14848.13
2149813291607729664,2938,3,20176,1,2020,4465.69
2149813291607729664,2938,3,20176,2,2020,6937.84
2149813291607729664,2938,3,20176,3,2020,6217.6
2149813291607729664,2938,3,20176,4,2020,3822.57
2149813291607729664,2938,3,20176,5,2020,5776.63
2149813291607729664,2938,3,20176,6,2020,2049.45
2149813291607729664,2938,3,20176,7,2020,-562.38
2149813291607729664,2938,3,20176,8,2020,2934.78
2149813291607729664,2938,3,20176,9,2020,7732.74
2149813291607729664,2938,3,20176,10,2020,6235.47
2149813291607729664,2938,3,20176,11,2020,12322.88
2149813291607729664,2938,3,20176,12,2020,12265.95
214998900300485696,2899,6,77986,1,2020,833.07
214998900300485696,2899,6,77986,2,2020,2472.76
214998900300485696,2899,6,77986,3,2020,1224.54
214998900300485696,2899,6,77986,4,2020,4381.79
214998900300485696,2899,6,77986,5,2020,90.59
214998900300485696,2899,6,77986,6,2020,-4727.19
214998900300485696,2899,6,77986,7,2020,-5124.41
214998900300485696,2899,6,77986,8,2020,-1722.11
214998900300485696,2899,6,77986,9,2020,591.63
214998900300485696,2899,6,77986,10,2020,4602.03
214998900300485696,2899,6,77986,11,2020,6199.14
214998900300485696,2899,6,77986,12,2020,4942.11
2152024807476609280,9313,2,1858,1,2020,-1384.01
2152024807476609280,9313,2,1858,2,2020,-3105.89
2152024807476609280,9313,2,1858,3,2020,-6805.11
2152024807476609280,9313,2,1858,4,2020,-8613.98
2152024807476609280,9313,2,1858,5,2020,-8695.67
2152024807476609280,9313,2,1858,6,2020,-3416.19
2152024807476609280,9313,2,1858,7,2020,-2043.48
2152024807476609280,9313,2,1858,8,2020,-5477.75
2152024807476609280,9313,2,1858,9,2020,2655.77
2152024807476609280,9313,2,1858,10,2020,-81.97
2152024807476609280,9313,2,1858,11,2020,-2198.26
2152024807476609280,9313,2,1858,12,2020,-4835.16
2153519345373253376,5731,9,50594,1,2020,2240.29
2153519345373253376,5731,9,50594,2,2020,-957.51
2153519345373253376,5731,9,50594,3,2020,-4426.31
2153519345373253376,5731,9,50594,4,2020,-6166.36
2153519345373253376,5731,9,50594,5,2020,-13134.14
2153519345373253376,5731,9,50594,6,2020,-16439.63
2153519345373253376,5731,9,50594,7,2020,-17992.39
2153519345373253376,5731,9,50594,8,2020,-18184.58
2153519345373253376,5731,9,50594,9,2020,-17456.3
2153519345373253376,5731,9,50594,10,2020,-18846.93
2153519345373253376,5731,9,50594,11,2020,-21170.04
2153519345373253376,5731,9,50594,12,2020,-13321.87
2154630684852369664,7247,4,75834,1,2020,239.47
2154630684852369664,7247,4,75834,2,2020,-2393.05
2154630684852369664,7247,4,75834,3,2020,-3033.17
2154630684852369664,7247,4,75834,4,2020,-581.32
2154630684852369664,7247,4,75834,5,2020,-2250.79
2154630684852369664,7247,4,75834,6,2020,-2963.43
2154630684852369664,7247,4,75834,7,2020,-6296.9
2154630684852369664,7247,4,75834,8,2020,-7414.52
2154630684852369664,7247,4,75834,9,2020,-5783.28
2154630684852369664,7247,4,75834,10,2020,1935.52
2154630684852369664,7247,4,75834,11,2020,1145.98
2154630684852369664,7247,4,75834,12,2020,1432.52
2157653386629824512,8553,3,40451,1,2020,738.69
2157653386629824512,8553,3,40451,2,2020,640.54
2157653386629824512,8553,3,40451,3,2020,763.9
2157653386629824512,8553,3,40451,4,2020,-324.82
2157653386629824512,8553,3,40451,5,2020,-4265.99
