1942450447856802816,7675,4,3168,11,2020,-747.08
1942450447856802816,7675,4,3168,12,2020,272.97
1943572092420033280,3759,8,62876,1,2020,254.84
1943572092420033280,3759,8,62876,2,2020,3595.76
1943572092420033280,3759,8,62876,3,2020,3595.76
1943572092420033280,3759,8,62876,4,2020,3828.7
1943572092420033280,3759,8,62876,5,2020,2550.38
1943572092420033280,3759,8,62876,6,2020,1057.89
1943572092420033280,3759,8,62876,7,2020,2319.78
1943572092420033280,3759,8,62876,8,2020,2503.96
1943572092420033280,3759,8,62876,9,2020,438.31
1943572092420033280,3759,8,62876,10,2020,-2069.54
1943572092420033280,3759,8,62876,11,2020,-675.55
1943572092420033280,3759,8,62876,12,2020,2885.93
1943692487052691456,9458,4,21465,1,2020,964.14
1943692487052691456,9458,4,21465,2,2020,1118.76
1943692487052691456,9458,4,21465,3,2020,1118.76
1943692487052691456,9458,4,21465,4,2020,4563.29
1943692487052691456,9458,4,21465,5,2020,3367.46
1943692487052691456,9458,4,21465,6,2020,4139.53
1943692487052691456,9458,4,21465,7,2020,-1979.31
1943692487052691456,9458,4,21465,8,2020,-3430.07
1943692487052691456,9458,4,21465,9,2020,-2740.68
1943692487052691456,9458,4,21465,10,2020,-215.81
1943692487052691456,9458,4,21465,11,2020,-4117.75
1943692487052691456,9458,4,21465,12,2020,-8053.88
1944597436332945152,5989,2,30041,1,2020,9452.3
1944597436332945152,5989,2,30041,2,2020,9420.38
1944597436332945152,5989,2,30041,3,2020,16239.95
1944597436332945152,5989,2,30041,4,2020,14684.3
1944597436332945152,5989,2,30041,5,2020,7237.78
1944597436332945152,5989,2,30041,6,2020,-3553.79
1944597436332945152,5989,2,30041,7,2020,-6351.22
1944597436332945152,5989,2,30041,8,2020,-14579.16
1944597436332945152,5989,2,30041,9,2020,-14576.39
1944597436332945152,5989,2,30041,10,2020,-14058.38
1944597436332945152,5989,2,30041,11,2020,-7241.86
1944597436332945152,5989,2,30041,12,2020,-8410.72
1945603367318672384,5376,9,15515,1,2020,-3408.56
1945603367318672384,5376,9,15515,2,2020,-9399.41
1945603367318672384,5376,9,15515,3,2020,-7570.76
1945603367318672384,5376,9,15515,4,2020,-15996.0
1945603367318672384,5376,9,15515,5,2020,-22343.4
1945603367318672384,5376,9,15515,6,2020,-22140.05
1945603367318672384,5376,9,15515,7,2020,-20184.84
1945603367318672384,5376,9,15515,8,2020,-14053.81
1945603367318672384,5376,9,15515,9,2020,-12026.38
1945603367318672384,5376,9,15515,10,2020,-17796.98
1945603367318672384,5376,9,15515,11,2020,-19990.42
1945603367318672384,5376,9,15515,12,2020,-19822.13
1948388502601509632,8182,9,59483,1,2020,-935.34
1948388502601509632,8182,9,59483,2,2020,-1234.45
1948388502601509632,8182,9,59483,3,2020,2683.85
1948388502601509632,8182,9,59483,4,2020,7684.24
1948388502601509632,8182,9,59483,5,2020,15100.37
1948388502601509632,8182,9,59483,6,2020,11836.16
1948388502601509632,8182,9,59483,7,2020,15768.36
1948388502601509632,8182,9,59483,8,2020,19643.25
1948388502601509632,8182,9,59483,9,2020,18015.8
1948388502601509632,8182,9,59483,10,2020,19189.54
1948388502601509632,8182,9,59483,11,2020,18930.52
1948388502601509632,8182,9,59483,12,2020,15344.82
1948552165337271808,8717,6,89200,1,2020,2283.28
1948552165337271808,8717,6,89200,2,2020,2456.53
1948552165337271808,8717,6,89200,3,2020,-6385.24
1948552165337271808,8717,6,89200,4,2020,-6988.75
1948552165337271808,8717,6,89200,5,2020,-6783.4
1948552165337271808,8717,6,89200,6,2020,-3661.65
1948552165337271808,8717,6,89200,7,2020,-568.6
1948552165337271808,8717,6,89200,8,2020,5461.24
1948552165337271808,8717,6,89200,9,2020,2604.54
1948552165337271808,8717,6,89200,10,2020,-6901.07
1948552165337271808,8717,6,89200,11,2020,-14045.33
1948552165337271808,8717,6,89200,12,2020,-15129.12
1953112728923266048,8721,3,34332,1,2020,1256.15
1953112728923266048,8721,3,34332,2,2020,1256.15
1953112728923266048,8721,3,34332,3,2020,904.77
1953112728923266048,8721,3,34332,4,2020,-390.73
1953112728923266048,8721,3,34332,5,2020,-113.22
1953112728923266048,8721,3,34332,6,2020,408.57
1953112728923266048,8721,3,34332,7,2020,408.57
1953112728923266048,8721,3,34332,8,2020,408.57
1953112728923266048,8721,3,34332,9,2020,-869.73
1953112728923266048,8721,3,34332,10,2020,-1302.95
1953112728923266048,8721,3,34332,11,2020,-1302.95
1953112728923266048,8721,3,34332,12,2020,-1302.95
1953403675746750464,7864,8,73901,1,2020,-15.98
1953403675746750464,7864,8,73901,2,2020,-254.63
1953403675746750464,7864,8,73901,3,2020,-101.49
1953403675746750464,7864,8,73901,4,2020,702.11
1953403675746750464,7864,8,73901,5,2020,-5396.66
1953403675746750464,7864,8,73901,6,2020,-7154.63
1953403675746750464,7864,8,73901,7,2020,-7769.87
1953403675746750464,7864,8,73901,8,2020,-9740.16
1953403675746750464,7864,8,73901,9,2020,-10876.73
1953403675746750464,7864,8,73901,10,2020,-10149.85
1953403675746750464,7864,8,73901,11,2020,-8126.62
1953403675746750464,7864,8,73901,12,2020,-9342.12
1953888712127537408,678,0,23448,1,2020,5808.0
1953888712127537408,678,0,23448,2,2020,6691.49
1953888712127537408,678,0,23448,3,2020,1544.91
1953888712127537408,678,0,23448,4,2020,3425.37
1953888712127537408,678,0,23448,5,2020,1942.19
1953888712127537408,678,0,23448,6,2020,-5557.14
1953888712127537408,678,0,23448,7,2020,-5951.85
1953888712127537408,678,0,23448,8,2020,1554.99
1953888712127537408,678,0,23448,9,2020,4235.29
1953888712127537408,678,0,23448,10,2020,1006.24
1953888712127537408,678,0,23448,11,2020,4028.01
1953888712127537408,678,0,23448,12,2020,11186.22
1954046449538448384,5450,3,12163,1,2020,-4470.59
1954046449538448384,5450,3,12163,2,2020,-6289.42
1954046449538448384,5450,3,12163,3,2020,-7724.45
1954046449538448384,5450,3,12163,4,2020,-5671.8
1954046449538448384,5450,3,12163,5,2020,-6468.61
1954046449538448384,5450,3,12163,6,2020,-8516.36
1954046449538448384,5450,3,12163,7,2020,2801.56
1954046449538448384,5450,3,12163,8,2020,8705.34
1954046449538448384,5450,3,12163,9,2020,8600.14
1954046449538448384,5450,3,12163,10,2020,6562.29
1954046449538448384,5450,3,12163,11,2020,1128.44
1954046449538448384,5450,3,12163,12,2020,1514.36
1954910759338726912,7867,2,41148,1,2020,-948.89
1954910759338726912,7867,2,41148,2,2020,2502.69
1954910759338726912,7867,2,41148,3,2020,2203.74
1954910759338726912,7867,2,41148,4,2020,-2370.46
1954910759338726912,7867,2,41148,5,2020,696.82
1954910759338726912,7867,2,41148,6,2020,-966.34
1954910759338726912,7867,2,41148,7,2020,-1789.16
1954910759338726912,7867,2,41148,8,2020,1775.62
1954910759338726912,7867,2,41148,9,2020,5180.71
1954910759338726912,7867,2,41148,10,2020,4890.76
1954910759338726912,7867,2,41148,11,2020,9189.23
1954910759338726912,7867,2,41148,12,2020,7714.55
1955342249735495936,2141,0,54611,1,2020,-1766.14
1955342249735495936,2141,0,54611,2,2020,-1881.63
1955342249735495936,2141,0,54611,3,2020,1050.19
1955342249735495936,2141,0,54611,4,2020,266.83
1955342249735495936,2141,0,54611,5,2020,2072.18
1955342249735495936,2141,0,54611,6,2020,1356.66
1955342249735495936,2141,0,54611,7,2020,1302.16
1955342249735495936,2141,0,54611,8,2020,-979.97
1955342249735495936,2141,0,54611,9,2020,-2739.17
1955342249735495936,2141,0,54611,10,2020,-2786.68
1955342249735495936,2141,0,54611,11,2020,-1498.08
1955342249735495936,2141,0,54611,12,2020,-2375.28
195556552817977152,9828,1,29382,1,2020,-3621.16
195556552817977152,9828,1,29382,2,2020,-5965.68
195556552817977152,9828,1,29382,3,2020,-5631.75
195556552817977152,9828,1,29382,4,2020,-7501.04
195556552817977152,9828,1,29382,5,2020,-7781.44
195556552817977152,9828,1,29382,6,2020,-6448.16
195556552817977152,9828,1,29382,7,2020,-6195.08
195556552817977152,9828,1,29382,8,2020,-5409.86
195556552817977152,9828,1,29382,9,2020,-2828.62
195556552817977152,9828,1,29382,10,2020,-5192.27
195556552817977152,9828,1,29382,11,2020,-5718.5
195556552817977152,9828,1,29382,12,2020,-8143.29
195659247558715680,2586,2,47118,1,2020,-6788.0
195659247558715680,2586,2,47118,2,2020,-675.71
195659247558715680,2586,2,47118,3,2020,-1084.64
195659247558715680,2586,2,47118,4,2020,-2069.25
195659247558715680,2586,2,47118,5,2020,-5961.8
195659247558715680,2586,2,47118,6,2020,-12803.93
195659247558715680,2586,2,47118,7,2020,-7261.92
195659247558715680,2586,2,47118,8,2020,-9392.94
195659247558715680,2586,2,47118,9,2020,-6269.15
195659247558715680,2586,2,47118,10,2020,-16139.87
195659247558715680,2586,2,47118,11,2020,-14010.76
195659247558715680,2586,2,47118,12,2020,-8433.35
1958747504009500672,4214,3,41824,1,2020,-3188.43
1958747504009500672,4214,3,41824,2,2020,-6154.33
1958747504009500672,4214,3,41824,3,2020,-3917.42
1958747504009500672,4214,3,41824,4,2020,-4443.03
1958747504009500672,4214,3,41824,5,2020,-4571.12
1958747504009500672,4214,3,41824,6,2020,-6656.57
1958747504009500672,4214,3,41824,7,2020,-6667.99
1958747504009500672,4214,3,41824,8,2020,-4557.36
1958747504009500672,4214,3,41824,9,2020,-2217.84
1958747504009500672,4214,3,41824,10,2020,-1789.14
1958747504009500672,4214,3,41824,11,2020,-1587.52
1958747504009500672,4214,3,41824,12,2020,-5121.56
1958828896084349184,9112,1,3822,1,2020,1477.85
1958828896084349184,9112,1,3822,2,2020,1507.2
1958828896084349184,9112,1,3822,3,2020,394.55
1958828896084349184,9112,1,3822,4,2020,377.84
1958828896084349184,9112,1,3822,5,2020,-457.06
1958828896084349184,9112,1,3822,6,2020,-1430.61
1958828896084349184,9112,1,3822,7,2020,-4105.53
1958828896084349184,9112,1,3822,8,2020,-4771.35
1958828896084349184,9112,1,3822,9,2020,-6368.73
1958828896084349184,9112,1,3822,10,2020,-9207.57
1958828896084349184,9112,1,3822,11,2020,-2028.29
1958828896084349184,9112,1,3822,12,2020,-5096.35
1959448192281450496,3700,8,70520,1,2020,-2784.91
1959448192281450496,3700,8,70520,2,2020,-3685.35
1959448192281450496,3700,8,70520,3,2020,-4242.98
1959448192281450496,3700,8,70520,4,2020,-3827.97
1959448192281450496,3700,8,70520,5,2020,-7107.04
1959448192281450496,3700,8,70520,6,2020,-8985.67
1959448192281450496,3700,8,70520,7,2020,-7058.94
1959448192281450496,3700,8,70520,8,2020,-7588.72
1959448192281450496,3700,8,70520,9,2020,-4176.96
1959448192281450496,3700,8,70520,10,2020,-5088.45
1959448192281450496,3700,8,70520,11,2020,-5062.75
1959448192281450496,3700,8,70520,12,2020,-10651.56
1960812770162024960,4087,6,7680,1,2020,-298.05
1960812770162024960,4087,6,7680,2,2020,-1317.44
1960812770162024960,4087,6,7680,3,2020,-257.09
1960812770162024960,4087,6,7680,4,2020,-6256.68
1960812770162024960,4087,6,7680,5,2020,-2920.12
1960812770162024960,4087,6,7680,6,2020,-1041.8
1960812770162024960,4087,6,7680,7,2020,-3858.91
1960812770162024960,4087,6,7680,8,2020,-1952.09
1960812770162024960,4087,6,7680,9,2020,-1332.89
1960812770162024960,4087,6,7680,10,2020,660.24
1960812770162024960,4087,6,7680,11,2020,1022.14
1960812770162024960,4087,6,7680,12,2020,2253.08
1961772406601338880,8856,6,59927,1,2020,841.21
1961772406601338880,8856,6,59927,2,2020,-1568.16
1961772406601338880,8856,6,59927,3,2020,-186.36
1961772406601338880,8856,6,59927,4,2020,-6315.28
1961772406601338880,8856,6,59927,5,2020,-6753.72
1961772406601338880,8856,6,59927,6,2020,-220.09
1961772406601338880,8856,6,59927,7,2020,123.54
1961772406601338880,8856,6,59927,8,2020,1039.26
1961772406601338880,8856,6,59927,9,2020,-629.78
1961772406601338880,8856,6,59927,10,2020,-739.18
1961772406601338880,8856,6,59927,11,2020,1083.99
1961772406601338880,8856,6,59927,12,2020,2470.58
1962590066672242176,6639,0,26590,1,2020,685.27
1962590066672242176,6639,0,26590,2,2020,697.07
1962590066672242176,6639,0,26590,3,2020,-3631.32
1962590066672242176,6639,0,26590,4,2020,-5452.47
1962590066672242176,6639,0,26590,5,2020,-4471.96
1962590066672242176,6639,0,26590,6,2020,-5054.92
1962590066672242176,6639,0,26590,7,2020,2596.81
1962590066672242176,6639,0,26590,8,2020,10822.96
1962590066672242176,6639,0,26590,9,2020,13443.96
1962590066672242176,6639,0,26590,10,2020,12915.23
