1544383750174618368,7817,7,31904,11,2020,1724.15
1544383750174618368,7817,7,31904,12,2020,4674.56
1544735128301050880,2120,2,10009,1,2020,5305.74
1544735128301050880,2120,2,10009,2,2020,-305.78
1544735128301050880,2120,2,10009,3,2020,5267.86
1544735128301050880,2120,2,10009,4,2020,699.69
1544735128301050880,2120,2,10009,5,2020,-6540.15
1544735128301050880,2120,2,10009,6,2020,-8519.35
1544735128301050880,2120,2,10009,7,2020,-10832.86
1544735128301050880,2120,2,10009,8,2020,-10838.92
1544735128301050880,2120,2,10009,9,2020,-9763.37
1544735128301050880,2120,2,10009,10,2020,-8194.75
1544735128301050880,2120,2,10009,11,2020,-11733.48
1544735128301050880,2120,2,10009,12,2020,-17661.71
154482077363836576,88,5,4319,1,2020,1045.77
154482077363836576,88,5,4319,2,2020,1979.38
154482077363836576,88,5,4319,3,2020,2199.8
154482077363836576,88,5,4319,4,2020,3695.23
154482077363836576,88,5,4319,5,2020,3695.23
154482077363836576,88,5,4319,6,2020,3695.23
154482077363836576,88,5,4319,7,2020,3999.64
154482077363836576,88,5,4319,8,2020,1725.93
154482077363836576,88,5,4319,9,2020,3914.77
154482077363836576,88,5,4319,10,2020,3914.77
154482077363836576,88,5,4319,11,2020,7772.45
154482077363836576,88,5,4319,12,2020,8448.32
154567951775666912,1959,4,99644,1,2020,3602.83
154567951775666912,1959,4,99644,2,2020,-83.63
154567951775666912,1959,4,99644,3,2020,161.57
154567951775666912,1959,4,99644,4,2020,-419.58
154567951775666912,1959,4,99644,5,2020,-6013.2
154567951775666912,1959,4,99644,6,2020,-13678.28
154567951775666912,1959,4,99644,7,2020,-14083.13
154567951775666912,1959,4,99644,8,2020,-20970.95
154567951775666912,1959,4,99644,9,2020,-28135.81
154567951775666912,1959,4,99644,10,2020,-30781.27
154567951775666912,1959,4,99644,11,2020,-22780.82
154567951775666912,1959,4,99644,12,2020,-23967.7
1547632621207276288,5256,3,69668,1,2020,-1269.41
1547632621207276288,5256,3,69668,2,2020,-1428.31
1547632621207276288,5256,3,69668,3,2020,-1428.31
1547632621207276288,5256,3,69668,4,2020,1149.62
1547632621207276288,5256,3,69668,5,2020,1149.62
1547632621207276288,5256,3,69668,6,2020,1157.13
1547632621207276288,5256,3,69668,7,2020,1140.87
1547632621207276288,5256,3,69668,8,2020,-919.37
1547632621207276288,5256,3,69668,9,2020,-1408.74
1547632621207276288,5256,3,69668,10,2020,541.77
1547632621207276288,5256,3,69668,11,2020,853.82
1547632621207276288,5256,3,69668,12,2020,157.12
1548553045059124736,3461,8,59598,1,2020,-1120.01
1548553045059124736,3461,8,59598,2,2020,-2701.81
1548553045059124736,3461,8,59598,3,2020,2303.82
1548553045059124736,3461,8,59598,4,2020,3002.69
1548553045059124736,3461,8,59598,5,2020,4339.94
1548553045059124736,3461,8,59598,6,2020,75.34
1548553045059124736,3461,8,59598,7,2020,2497.43
1548553045059124736,3461,8,59598,8,2020,5738.84
1548553045059124736,3461,8,59598,9,2020,4020.36
1548553045059124736,3461,8,59598,10,2020,-60.26
1548553045059124736,3461,8,59598,11,2020,-629.56
1548553045059124736,3461,8,59598,12,2020,5051.59
1549057679995080704,910,6,67020,1,2020,-4484.09
1549057679995080704,910,6,67020,2,2020,-693.82
1549057679995080704,910,6,67020,3,2020,70.19
1549057679995080704,910,6,67020,4,2020,-2788.99
1549057679995080704,910,6,67020,5,2020,-93.1
1549057679995080704,910,6,67020,6,2020,-1035.31
1549057679995080704,910,6,67020,7,2020,-3250.56
1549057679995080704,910,6,67020,8,2020,501.97
1549057679995080704,910,6,67020,9,2020,-1829.78
1549057679995080704,910,6,67020,10,2020,-3680.61
1549057679995080704,910,6,67020,11,2020,1903.77
1549057679995080704,910,6,67020,12,2020,3446.05
1550862119853243648,5460,2,9281,1,2020,-729.27
1550862119853243648,5460,2,9281,2,2020,1267.6
1550862119853243648,5460,2,9281,3,2020,1631.43
1550862119853243648,5460,2,9281,4,2020,4005.52
1550862119853243648,5460,2,9281,5,2020,1607.61
1550862119853243648,5460,2,9281,6,2020,-193.91
1550862119853243648,5460,2,9281,7,2020,-1269.33
1550862119853243648,5460,2,9281,8,2020,805.18
1550862119853243648,5460,2,9281,9,2020,805.18
1550862119853243648,5460,2,9281,10,2020,4338.09
1550862119853243648,5460,2,9281,11,2020,3070.29
1550862119853243648,5460,2,9281,12,2020,3070.29
1551010190939437824,4909,4,95169,1,2020,-843.92
1551010190939437824,4909,4,95169,2,2020,-9355.64
1551010190939437824,4909,4,95169,3,2020,-11564.33
1551010190939437824,4909,4,95169,4,2020,-12312.64
1551010190939437824,4909,4,95169,5,2020,-14265.81
1551010190939437824,4909,4,95169,6,2020,-15228.13
1551010190939437824,4909,4,95169,7,2020,-12956.57
1551010190939437824,4909,4,95169,8,2020,-15407.57
1551010190939437824,4909,4,95169,9,2020,-16885.11
1551010190939437824,4909,4,95169,10,2020,-16578.99
1551010190939437824,4909,4,95169,11,2020,-15865.52
1551010190939437824,4909,4,95169,12,2020,-11351.61
1551387418913939456,7004,8,20239,1,2020,111.79
1551387418913939456,7004,8,20239,2,2020,1366.85
1551387418913939456,7004,8,20239,3,2020,1542.94
1551387418913939456,7004,8,20239,4,2020,3305.78
1551387418913939456,7004,8,20239,5,2020,6289.57
1551387418913939456,7004,8,20239,6,2020,2111.11
1551387418913939456,7004,8,20239,7,2020,1787.91
1551387418913939456,7004,8,20239,8,2020,2356.45
1551387418913939456,7004,8,20239,9,2020,4348.7
1551387418913939456,7004,8,20239,10,2020,6960.44
1551387418913939456,7004,8,20239,11,2020,595.21
1551387418913939456,7004,8,20239,12,2020,2480.53
1554036876957794560,113,9,15820,1,2020,-9385.89
1554036876957794560,113,9,15820,2,2020,-11959.03
1554036876957794560,113,9,15820,3,2020,-13830.69
1554036876957794560,113,9,15820,4,2020,-16292.39
1554036876957794560,113,9,15820,5,2020,-27848.63
1554036876957794560,113,9,15820,6,2020,-30681.23
1554036876957794560,113,9,15820,7,2020,-33381.35
1554036876957794560,113,9,15820,8,2020,-31128.53
1554036876957794560,113,9,15820,9,2020,-24689.53
1554036876957794560,113,9,15820,10,2020,-25610.59
1554036876957794560,113,9,15820,11,2020,-23680.9
1554036876957794560,113,9,15820,12,2020,-19907.69
1554552852646432768,5725,0,49486,1,2020,190.2
1554552852646432768,5725,0,49486,2,2020,284.49
1554552852646432768,5725,0,49486,3,2020,-1277.21
1554552852646432768,5725,0,49486,4,2020,-5054.15
1554552852646432768,5725,0,49486,5,2020,-6861.38
1554552852646432768,5725,0,49486,6,2020,-3811.08
1554552852646432768,5725,0,49486,7,2020,-4967.68
1554552852646432768,5725,0,49486,8,2020,-5323.92
1554552852646432768,5725,0,49486,9,2020,-3676.33
1554552852646432768,5725,0,49486,10,2020,1503.69
1554552852646432768,5725,0,49486,11,2020,2760.57
1554552852646432768,5725,0,49486,12,2020,1794.19
1555215846128155392,8280,6,39468,1,2020,-776.95
1555215846128155392,8280,6,39468,2,2020,-3295.73
1555215846128155392,8280,6,39468,3,2020,-4889.2
1555215846128155392,8280,6,39468,4,2020,-6348.35
1555215846128155392,8280,6,39468,5,2020,-9570.6
1555215846128155392,8280,6,39468,6,2020,-13787.28
1555215846128155392,8280,6,39468,7,2020,-13745.06
1555215846128155392,8280,6,39468,8,2020,-16182.12
1555215846128155392,8280,6,39468,9,2020,-11888.24
1555215846128155392,8280,6,39468,10,2020,-8975.39
1555215846128155392,8280,6,39468,11,2020,-7430.03
1555215846128155392,8280,6,39468,12,2020,-5400.08
1555317396187085056,8813,8,74986,1,2020,-6401.71
1555317396187085056,8813,8,74986,2,2020,-1204.16
1555317396187085056,8813,8,74986,3,2020,883.03
1555317396187085056,8813,8,74986,4,2020,-1138.17
1555317396187085056,8813,8,74986,5,2020,-4757.21
1555317396187085056,8813,8,74986,6,2020,-6726.15
1555317396187085056,8813,8,74986,7,2020,-5292.81
1555317396187085056,8813,8,74986,8,2020,-10065.82
1555317396187085056,8813,8,74986,9,2020,-6901.38
1555317396187085056,8813,8,74986,10,2020,-6307.65
1555317396187085056,8813,8,74986,11,2020,-1359.44
1555317396187085056,8813,8,74986,12,2020,6289.82
1555361346259049728,8258,7,26673,1,2020,4484.12
1555361346259049728,8258,7,26673,2,2020,6280.04
1555361346259049728,8258,7,26673,3,2020,8036.32
1555361346259049728,8258,7,26673,4,2020,1626.64
1555361346259049728,8258,7,26673,5,2020,3682.76
1555361346259049728,8258,7,26673,6,2020,2818.16
1555361346259049728,8258,7,26673,7,2020,2127.55
1555361346259049728,8258,7,26673,8,2020,8768.09
1555361346259049728,8258,7,26673,9,2020,9581.1
1555361346259049728,8258,7,26673,10,2020,4892.67
1555361346259049728,8258,7,26673,11,2020,9139.24
1555361346259049728,8258,7,26673,12,2020,11869.89
1555429869388049920,9980,5,79310,1,2020,-345.06
1555429869388049920,9980,5,79310,2,2020,-1377.88
1555429869388049920,9980,5,79310,3,2020,1510.85
1555429869388049920,9980,5,79310,4,2020,-24.81
1555429869388049920,9980,5,79310,5,2020,1395.37
1555429869388049920,9980,5,79310,6,2020,1590.86
1555429869388049920,9980,5,79310,7,2020,2766.74
1555429869388049920,9980,5,79310,8,2020,6062.31
1555429869388049920,9980,5,79310,9,2020,9876.63
1555429869388049920,9980,5,79310,10,2020,14461.83
1555429869388049920,9980,5,79310,11,2020,14423.6
1555429869388049920,9980,5,79310,12,2020,11482.19
1558252945903991040,1115,8,3704,1,2020,-4278.12
1558252945903991040,1115,8,3704,2,2020,-959.68
1558252945903991040,1115,8,3704,3,2020,-8759.33
1558252945903991040,1115,8,3704,4,2020,-11486.27
1558252945903991040,1115,8,3704,5,2020,-12417.66
1558252945903991040,1115,8,3704,6,2020,-18663.12
1558252945903991040,1115,8,3704,7,2020,-22918.15
1558252945903991040,1115,8,3704,8,2020,-22663.92
1558252945903991040,1115,8,3704,9,2020,-17340.7
1558252945903991040,1115,8,3704,10,2020,-17429.42
1558252945903991040,1115,8,3704,11,2020,-7270.48
1558252945903991040,1115,8,3704,12,2020,-6871.92
1558822922835950592,5914,7,21223,1,2020,1420.96
1558822922835950592,5914,7,21223,2,2020,1155.89
1558822922835950592,5914,7,21223,3,2020,1127.78
1558822922835950592,5914,7,21223,4,2020,-763.27
1558822922835950592,5914,7,21223,5,2020,-978.51
1558822922835950592,5914,7,21223,6,2020,-4171.2
1558822922835950592,5914,7,21223,7,2020,1421.78
1558822922835950592,5914,7,21223,8,2020,-4694.91
1558822922835950592,5914,7,21223,9,2020,-5740.7
1558822922835950592,5914,7,21223,10,2020,-9129.75
1558822922835950592,5914,7,21223,11,2020,-5733.83
1558822922835950592,5914,7,21223,12,2020,-1595.22
1559685886168767488,757,7,2287,1,2020,4742.31
1559685886168767488,757,7,2287,2,2020,5378.03
1559685886168767488,757,7,2287,3,2020,5389.34
1559685886168767488,757,7,2287,4,2020,3657.22
1559685886168767488,757,7,2287,5,2020,226.87
1559685886168767488,757,7,2287,6,2020,-937.74
1559685886168767488,757,7,2287,7,2020,-2938.26
1559685886168767488,757,7,2287,8,2020,-3204.47
1559685886168767488,757,7,2287,9,2020,-2714.15
1559685886168767488,757,7,2287,10,2020,-5659.16
1559685886168767488,757,7,2287,11,2020,-4205.12
1559685886168767488,757,7,2287,12,2020,-1351.32
1559977778735476224,5792,0,92358,1,2020,3875.99
1559977778735476224,5792,0,92358,2,2020,1275.18
1559977778735476224,5792,0,92358,3,2020,442.24
1559977778735476224,5792,0,92358,4,2020,4736.58
1559977778735476224,5792,0,92358,5,2020,3978.75
1559977778735476224,5792,0,92358,6,2020,3369.27
1559977778735476224,5792,0,92358,7,2020,4642.63
1559977778735476224,5792,0,92358,8,2020,4582.98
1559977778735476224,5792,0,92358,9,2020,5248.2
1559977778735476224,5792,0,92358,10,2020,3496.43
1559977778735476224,5792,0,92358,11,2020,2127.58
1559977778735476224,5792,0,92358,12,2020,-712.65
1560419686815516928,7596,4,51523,1,2020,2074.79
1560419686815516928,7596,4,51523,2,2020,4537.28
1560419686815516928,7596,4,51523,3,2020,4427.67
1560419686815516928,7596,4,51523,4,2020,4088.19
1560419686815516928,7596,4,51523,5,2020,3157.18
1560419686815516928,7596,4,51523,6,2020,3242.64
1560419686815516928,7596,4,51523,7,2020,3242.64
1560419686815516928,7596,4,51523,8,2020,654.22
1560419686815516928,7596,4,51523,9,2020,-1772.07
1560419686815516928,7596,4,51523,10,2020,-3768.96
