206127305156916512,1425,1,83103,8,2020,10824.71
206127305156916512,1425,1,83103,9,2020,9963.12
206127305156916512,1425,1,83103,10,2020,12393.6
206127305156916512,1425,1,83103,11,2020,8936.21
206127305156916512,1425,1,83103,12,2020,9755.92
2061498143081993728,1347,3,37439,1,2020,1187.97
2061498143081993728,1347,3,37439,2,2020,1055.8
2061498143081993728,1347,3,37439,3,2020,1615.65
2061498143081993728,1347,3,37439,4,2020,1077.5
2061498143081993728,1347,3,37439,5,2020,2853.8
2061498143081993728,1347,3,37439,6,2020,5898.9
2061498143081993728,1347,3,37439,7,2020,5898.9
2061498143081993728,1347,3,37439,8,2020,3591.96
2061498143081993728,1347,3,37439,9,2020,1912.67
2061498143081993728,1347,3,37439,10,2020,-60.73
2061498143081993728,1347,3,37439,11,2020,-1127.46
2061498143081993728,1347,3,37439,12,2020,-3896.77
2062085282714886144,7267,3,37381,1,2020,1181.28
2062085282714886144,7267,3,37381,2,2020,494.63
2062085282714886144,7267,3,37381,3,2020,1961.31
2062085282714886144,7267,3,37381,4,2020,10234.82
2062085282714886144,7267,3,37381,5,2020,19445.48
2062085282714886144,7267,3,37381,6,2020,16134.47
2062085282714886144,7267,3,37381,7,2020,12764.37
2062085282714886144,7267,3,37381,8,2020,10594.01
2062085282714886144,7267,3,37381,9,2020,15092.43
2062085282714886144,7267,3,37381,10,2020,21696.22
2062085282714886144,7267,3,37381,11,2020,22473.08
2062085282714886144,7267,3,37381,12,2020,23299.66
2065072019821918976,3044,4,84512,1,2020,1865.17
2065072019821918976,3044,4,84512,2,2020,4763.17
2065072019821918976,3044,4,84512,3,2020,9870.42
2065072019821918976,3044,4,84512,4,2020,10504.45
2065072019821918976,3044,4,84512,5,2020,12250.24
2065072019821918976,3044,4,84512,6,2020,9233.02
2065072019821918976,3044,4,84512,7,2020,9606.57
2065072019821918976,3044,4,84512,8,2020,9648.57
2065072019821918976,3044,4,84512,9,2020,9382.94
2065072019821918976,3044,4,84512,10,2020,5119.36
2065072019821918976,3044,4,84512,11,2020,4099.86
2065072019821918976,3044,4,84512,12,2020,2262.28
2065441937448028672,1649,2,1747,1,2020,-5063.97
2065441937448028672,1649,2,1747,2,2020,4940.74
2065441937448028672,1649,2,1747,3,2020,-5077.57
2065441937448028672,1649,2,1747,4,2020,-4541.42
2065441937448028672,1649,2,1747,5,2020,-7820.48
2065441937448028672,1649,2,1747,6,2020,-4128.53
2065441937448028672,1649,2,1747,7,2020,-9549.72
2065441937448028672,1649,2,1747,8,2020,-8402.63
2065441937448028672,1649,2,1747,9,2020,-13120.17
2065441937448028672,1649,2,1747,10,2020,-10898.08
2065441937448028672,1649,2,1747,11,2020,-15753.64
2065441937448028672,1649,2,1747,12,2020,-23987.95
2065461453644014080,3339,9,9301,1,2020,5568.98
2065461453644014080,3339,9,9301,2,2020,264.48
2065461453644014080,3339,9,9301,3,2020,-1069.68
2065461453644014080,3339,9,9301,4,2020,-553.81
2065461453644014080,3339,9,9301,5,2020,-3685.49
2065461453644014080,3339,9,9301,6,2020,1316.01
2065461453644014080,3339,9,9301,7,2020,4539.49
2065461453644014080,3339,9,9301,8,2020,14.37
2065461453644014080,3339,9,9301,9,2020,1860.97
2065461453644014080,3339,9,9301,10,2020,-2708.1
2065461453644014080,3339,9,9301,11,2020,-5725.65
2065461453644014080,3339,9,9301,12,2020,-3131.24
2065593350303830016,8601,6,31725,1,2020,161.8
2065593350303830016,8601,6,31725,2,2020,-1021.83
2065593350303830016,8601,6,31725,3,2020,-8156.41
2065593350303830016,8601,6,31725,4,2020,-9455.94
2065593350303830016,8601,6,31725,5,2020,-6930.81
2065593350303830016,8601,6,31725,6,2020,-11454.83
2065593350303830016,8601,6,31725,7,2020,-13613.55
2065593350303830016,8601,6,31725,8,2020,-2657.89
2065593350303830016,8601,6,31725,9,2020,-638.27
2065593350303830016,8601,6,31725,10,2020,4534.08
2065593350303830016,8601,6,31725,11,2020,6764.55
2065593350303830016,8601,6,31725,12,2020,9676.92
2065612921324553216,6624,9,42837,1,2020,-2300.21
2065612921324553216,6624,9,42837,2,2020,-10194.2
2065612921324553216,6624,9,42837,3,2020,-13249.79
2065612921324553216,6624,9,42837,4,2020,-13584.42
2065612921324553216,6624,9,42837,5,2020,-23469.63
2065612921324553216,6624,9,42837,6,2020,-24827.47
2065612921324553216,6624,9,42837,7,2020,-25418.02
2065612921324553216,6624,9,42837,8,2020,-24089.4
2065612921324553216,6624,9,42837,9,2020,-22312.22
2065612921324553216,6624,9,42837,10,2020,-18066.99
2065612921324553216,6624,9,42837,11,2020,-14920.83
2065612921324553216,6624,9,42837,12,2020,-13145.67
2065710005671612416,665,6,30581,1,2020,3051.16
2065710005671612416,665,6,30581,2,2020,-624.13
2065710005671612416,665,6,30581,3,2020,1104.74
2065710005671612416,665,6,30581,4,2020,1035.26
2065710005671612416,665,6,30581,5,2020,3980.76
2065710005671612416,665,6,30581,6,2020,5654.36
2065710005671612416,665,6,30581,7,2020,7480.52
2065710005671612416,665,6,30581,8,2020,5851.73
2065710005671612416,665,6,30581,9,2020,13489.88
2065710005671612416,665,6,30581,10,2020,16899.94
2065710005671612416,665,6,30581,11,2020,13771.49
2065710005671612416,665,6,30581,12,2020,16056.71
2066216576378385920,3151,4,83184,1,2020,-1480.68
2066216576378385920,3151,4,83184,2,2020,-803.29
2066216576378385920,3151,4,83184,3,2020,-1742.0
2066216576378385920,3151,4,83184,4,2020,-2933.63
2066216576378385920,3151,4,83184,5,2020,243.25
2066216576378385920,3151,4,83184,6,2020,-1341.76
2066216576378385920,3151,4,83184,7,2020,-639.84
2066216576378385920,3151,4,83184,8,2020,-3834.16
2066216576378385920,3151,4,83184,9,2020,-3809.67
2066216576378385920,3151,4,83184,10,2020,-3390.01
2066216576378385920,3151,4,83184,11,2020,-2388.95
2066216576378385920,3151,4,83184,12,2020,-2823.36
2066527308670583296,8715,9,33041,1,2020,609.58
2066527308670583296,8715,9,33041,2,2020,940.64
2066527308670583296,8715,9,33041,3,2020,-8981.87
2066527308670583296,8715,9,33041,4,2020,-14304.21
2066527308670583296,8715,9,33041,5,2020,-13006.69
2066527308670583296,8715,9,33041,6,2020,-8894.31
2066527308670583296,8715,9,33041,7,2020,-11260.18
2066527308670583296,8715,9,33041,8,2020,-9563.82
2066527308670583296,8715,9,33041,9,2020,-18130.32
2066527308670583296,8715,9,33041,10,2020,-15780.94
2066527308670583296,8715,9,33041,11,2020,-16405.34
2066527308670583296,8715,9,33041,12,2020,-13377.59
2067046635542224896,4434,2,67365,1,2020,-375.65
2067046635542224896,4434,2,67365,2,2020,-194.64
2067046635542224896,4434,2,67365,3,2020,1673.47
2067046635542224896,4434,2,67365,4,2020,2349.61
2067046635542224896,4434,2,67365,5,2020,2292.0
2067046635542224896,4434,2,67365,6,2020,1759.03
2067046635542224896,4434,2,67365,7,2020,231.01
2067046635542224896,4434,2,67365,8,2020,-715.12
2067046635542224896,4434,2,67365,9,2020,-613.71
2067046635542224896,4434,2,67365,10,2020,-1977.0
2067046635542224896,4434,2,67365,11,2020,3900.08
2067046635542224896,4434,2,67365,12,2020,4901.15
2067651541475991808,8579,8,52355,1,2020,564.3
2067651541475991808,8579,8,52355,2,2020,183.49
2067651541475991808,8579,8,52355,3,2020,-2647.58
2067651541475991808,8579,8,52355,4,2020,2036.23
2067651541475991808,8579,8,52355,5,2020,-221.5
2067651541475991808,8579,8,52355,6,2020,3581.62
2067651541475991808,8579,8,52355,7,2020,-1625.74
2067651541475991808,8579,8,52355,8,2020,194.61
2067651541475991808,8579,8,52355,9,2020,-2623.28
2067651541475991808,8579,8,52355,10,2020,-3941.76
2067651541475991808,8579,8,52355,11,2020,-1225.92
2067651541475991808,8579,8,52355,12,2020,-1745.0
2068244080672996352,5768,4,18885,1,2020,-8222.87
2068244080672996352,5768,4,18885,2,2020,-12104.9
2068244080672996352,5768,4,18885,3,2020,-8051.66
2068244080672996352,5768,4,18885,4,2020,-4274.47
2068244080672996352,5768,4,18885,5,2020,-1260.35
2068244080672996352,5768,4,18885,6,2020,996.23
2068244080672996352,5768,4,18885,7,2020,5290.42
2068244080672996352,5768,4,18885,8,2020,6796.31
2068244080672996352,5768,4,18885,9,2020,1054.16
2068244080672996352,5768,4,18885,10,2020,-6923.09
2068244080672996352,5768,4,18885,11,2020,-428.25
2068244080672996352,5768,4,18885,12,2020,-3723.64
2068622109737670656,1765,4,80281,1,2020,2376.89
2068622109737670656,1765,4,80281,2,2020,1020.38
2068622109737670656,1765,4,80281,3,2020,1907.16
2068622109737670656,1765,4,80281,4,2020,303.25
2068622109737670656,1765,4,80281,5,2020,839.65
2068622109737670656,1765,4,80281,6,2020,2065.68
2068622109737670656,1765,4,80281,7,2020,1157.85
2068622109737670656,1765,4,80281,8,2020,-2875.32
2068622109737670656,1765,4,80281,9,2020,-3324.72
2068622109737670656,1765,4,80281,10,2020,-3882.08
2068622109737670656,1765,4,80281,11,2020,-6238.38
2068622109737670656,1765,4,80281,12,2020,-6331.01
2071355715266916864,5847,0,40653,1,2020,5660.4
2071355715266916864,5847,0,40653,2,2020,5716.8
2071355715266916864,5847,0,40653,3,2020,8453.74
2071355715266916864,5847,0,40653,4,2020,6639.28
2071355715266916864,5847,0,40653,5,2020,7987.19
2071355715266916864,5847,0,40653,6,2020,4659.76
2071355715266916864,5847,0,40653,7,2020,7734.17
2071355715266916864,5847,0,40653,8,2020,9852.81
2071355715266916864,5847,0,40653,9,2020,8630.38
2071355715266916864,5847,0,40653,10,2020,6990.04
2071355715266916864,5847,0,40653,11,2020,1931.73
2071355715266916864,5847,0,40653,12,2020,1044.66
2071688252907312640,5970,4,69292,1,2020,-2470.71
2071688252907312640,5970,4,69292,2,2020,-2470.71
2071688252907312640,5970,4,69292,3,2020,-869.0
2071688252907312640,5970,4,69292,4,2020,-1050.93
2071688252907312640,5970,4,69292,5,2020,-435.04
2071688252907312640,5970,4,69292,6,2020,1464.01
2071688252907312640,5970,4,69292,7,2020,3497.93
2071688252907312640,5970,4,69292,8,2020,6632.2
2071688252907312640,5970,4,69292,9,2020,7141.46
2071688252907312640,5970,4,69292,10,2020,10114.56
2071688252907312640,5970,4,69292,11,2020,9598.78
2071688252907312640,5970,4,69292,12,2020,9603.48
207214958808762976,2301,3,62432,1,2020,1998.57
207214958808762976,2301,3,62432,2,2020,-607.04
207214958808762976,2301,3,62432,3,2020,177.08
207214958808762976,2301,3,62432,4,2020,-4179.3
207214958808762976,2301,3,62432,5,2020,-2603.48
207214958808762976,2301,3,62432,6,2020,3058.37
207214958808762976,2301,3,62432,7,2020,1458.13
207214958808762976,2301,3,62432,8,2020,3304.78
207214958808762976,2301,3,62432,9,2020,6718.9
207214958808762976,2301,3,62432,10,2020,6380.48
207214958808762976,2301,3,62432,11,2020,8401.98
207214958808762976,2301,3,62432,12,2020,12250.55
2072603460403802880,380,2,70956,1,2020,12384.75
2072603460403802880,380,2,70956,2,2020,11335.06
2072603460403802880,380,2,70956,3,2020,13860.06
2072603460403802880,380,2,70956,4,2020,14258.3
2072603460403802880,380,2,70956,5,2020,16222.64
2072603460403802880,380,2,70956,6,2020,18662.87
2072603460403802880,380,2,70956,7,2020,18945.23
2072603460403802880,380,2,70956,8,2020,25327.45
2072603460403802880,380,2,70956,9,2020,23896.65
2072603460403802880,380,2,70956,10,2020,25056.04
2072603460403802880,380,2,70956,11,2020,21570.05
2072603460403802880,380,2,70956,12,2020,31920.84
2073966996690176256,3896,2,11326,1,2020,12020.66
2073966996690176256,3896,2,11326,2,2020,20695.24
2073966996690176256,3896,2,11326,3,2020,18578.86
2073966996690176256,3896,2,11326,4,2020,17941.37
2073966996690176256,3896,2,11326,5,2020,15761.91
2073966996690176256,3896,2,11326,6,2020,16254.27
2073966996690176256,3896,2,11326,7,2020,20696.91
2073966996690176256,3896,2,11326,8,2020,24442.32
2073966996690176256,3896,2,11326,9,2020,19778.1
2073966996690176256,3896,2,11326,10,2020,23262.79
2073966996690176256,3896,2,11326,11,2020,29692.47
2073966996690176256,3896,2,11326,12,2020,31132.33
2074732183890123008,8481,3,47289,1,2020,43.17
2074732183890123008,8481,3,47289,2,2020,4470.69
2074732183890123008,8481,3,47289,3,2020,4725.35
2074732183890123008,8481,3,47289,4,2020,7738.27
2074732183890123008,8481,3,47289,5,2020,4985.35
2074732183890123008,8481,3,47289,6,2020,6008.18
2074732183890123008,8481,3,47289,7,2020,3413.02
