1292579669853481216,5226,1,84938,4,2020,-996.88
1292579669853481216,5226,1,84938,5,2020,309.73
1292579669853481216,5226,1,84938,6,2020,-4130.53
1292579669853481216,5226,1,84938,7,2020,-2859.59
1292579669853481216,5226,1,84938,8,2020,-3916.19
1292579669853481216,5226,1,84938,9,2020,511.07
1292579669853481216,5226,1,84938,10,2020,-811.37
1292579669853481216,5226,1,84938,11,2020,-5288.09
1292579669853481216,5226,1,84938,12,2020,-4597.07
1293322747315032064,9872,8,81944,1,2020,2740.11
1293322747315032064,9872,8,81944,2,2020,2740.11
1293322747315032064,9872,8,81944,3,2020,3995.94
1293322747315032064,9872,8,81944,4,2020,3995.94
1293322747315032064,9872,8,81944,5,2020,3995.94
1293322747315032064,9872,8,81944,6,2020,5715.43
1293322747315032064,9872,8,81944,7,2020,5715.43
1293322747315032064,9872,8,81944,8,2020,4652.87
1293322747315032064,9872,8,81944,9,2020,4652.87
1293322747315032064,9872,8,81944,10,2020,4652.87
1293322747315032064,9872,8,81944,11,2020,2753.33
1293322747315032064,9872,8,81944,12,2020,2753.33
1293431270570676224,2928,3,6434,1,2020,6315.75
1293431270570676224,2928,3,6434,2,2020,2962.53
1293431270570676224,2928,3,6434,3,2020,4088.17
1293431270570676224,2928,3,6434,4,2020,-10997.64
1293431270570676224,2928,3,6434,5,2020,-18013.32
1293431270570676224,2928,3,6434,6,2020,-11118.23
1293431270570676224,2928,3,6434,7,2020,-8843.22
1293431270570676224,2928,3,6434,8,2020,-13052.59
1293431270570676224,2928,3,6434,9,2020,-13240.99
1293431270570676224,2928,3,6434,10,2020,-10962.51
1293431270570676224,2928,3,6434,11,2020,-13134.84
1293431270570676224,2928,3,6434,12,2020,-20719.52
1294042862303319296,5958,8,39545,1,2020,7159.28
1294042862303319296,5958,8,39545,2,2020,5472.05
1294042862303319296,5958,8,39545,3,2020,3772.88
1294042862303319296,5958,8,39545,4,2020,4317.57
1294042862303319296,5958,8,39545,5,2020,3843.46
1294042862303319296,5958,8,39545,6,2020,10238.69
1294042862303319296,5958,8,39545,7,2020,6972.91
1294042862303319296,5958,8,39545,8,2020,5415.88
1294042862303319296,5958,8,39545,9,2020,5705.34
1294042862303319296,5958,8,39545,10,2020,7421.76
1294042862303319296,5958,8,39545,11,2020,9416.07
1294042862303319296,5958,8,39545,12,2020,8871.17
129426260996028448,2562,1,32234,1,2020,2534.98
129426260996028448,2562,1,32234,2,2020,525.95
129426260996028448,2562,1,32234,3,2020,2669.08
129426260996028448,2562,1,32234,4,2020,3341.46
129426260996028448,2562,1,32234,5,2020,-1051.87
129426260996028448,2562,1,32234,6,2020,-5832.08
129426260996028448,2562,1,32234,7,2020,-1566.17
129426260996028448,2562,1,32234,8,2020,-8052.71
129426260996028448,2562,1,32234,9,2020,-9784.09
129426260996028448,2562,1,32234,10,2020,-5524.1
129426260996028448,2562,1,32234,11,2020,-4714.4
129426260996028448,2562,1,32234,12,2020,-1012.84
1295878338325011456,1766,2,35737,1,2020,-3919.59
1295878338325011456,1766,2,35737,2,2020,-5717.33
1295878338325011456,1766,2,35737,3,2020,-1789.61
1295878338325011456,1766,2,35737,4,2020,-5991.3
1295878338325011456,1766,2,35737,5,2020,-4144.54
1295878338325011456,1766,2,35737,6,2020,-2032.83
1295878338325011456,1766,2,35737,7,2020,-746.06
1295878338325011456,1766,2,35737,8,2020,-5941.53
1295878338325011456,1766,2,35737,9,2020,-11867.83
1295878338325011456,1766,2,35737,10,2020,-4243.77
1295878338325011456,1766,2,35737,11,2020,557.7
1295878338325011456,1766,2,35737,12,2020,-3396.6
1295903460963459072,6204,9,68561,1,2020,3703.25
1295903460963459072,6204,9,68561,2,2020,-21.78
1295903460963459072,6204,9,68561,3,2020,-465.85
1295903460963459072,6204,9,68561,4,2020,-3225.43
1295903460963459072,6204,9,68561,5,2020,-4411.29
1295903460963459072,6204,9,68561,6,2020,-4321.35
1295903460963459072,6204,9,68561,7,2020,-5091.49
1295903460963459072,6204,9,68561,8,2020,-10119.56
1295903460963459072,6204,9,68561,9,2020,-9389.06
1295903460963459072,6204,9,68561,10,2020,-6711.16
1295903460963459072,6204,9,68561,11,2020,-11168.64
1295903460963459072,6204,9,68561,12,2020,-13523.94
1296050040601823744,8698,7,62069,1,2020,-492.87
1296050040601823744,8698,7,62069,2,2020,-36.34
1296050040601823744,8698,7,62069,3,2020,95.9
1296050040601823744,8698,7,62069,4,2020,303.57
1296050040601823744,8698,7,62069,5,2020,1474.84
1296050040601823744,8698,7,62069,6,2020,218.32
1296050040601823744,8698,7,62069,7,2020,-560.11
1296050040601823744,8698,7,62069,8,2020,792.65
1296050040601823744,8698,7,62069,9,2020,-236.46
1296050040601823744,8698,7,62069,10,2020,4936.12
1296050040601823744,8698,7,62069,11,2020,1195.81
1296050040601823744,8698,7,62069,12,2020,2245.71
1297262328016654080,9479,7,47644,1,2020,2399.98
1297262328016654080,9479,7,47644,2,2020,5387.45
1297262328016654080,9479,7,47644,3,2020,7024.33
1297262328016654080,9479,7,47644,4,2020,12465.19
1297262328016654080,9479,7,47644,5,2020,11242.62
1297262328016654080,9479,7,47644,6,2020,9046.29
1297262328016654080,9479,7,47644,7,2020,11934.62
1297262328016654080,9479,7,47644,8,2020,10414.72
1297262328016654080,9479,7,47644,9,2020,9728.0
1297262328016654080,9479,7,47644,10,2020,9325.27
1297262328016654080,9479,7,47644,11,2020,7364.02
1297262328016654080,9479,7,47644,12,2020,5591.15
1297862076081032704,693,6,34962,1,2020,-1690.67
1297862076081032704,693,6,34962,2,2020,6262.43
1297862076081032704,693,6,34962,3,2020,4105.7
1297862076081032704,693,6,34962,4,2020,1867.97
1297862076081032704,693,6,34962,5,2020,-604.96
1297862076081032704,693,6,34962,6,2020,403.35
1297862076081032704,693,6,34962,7,2020,7325.35
1297862076081032704,693,6,34962,8,2020,6592.39
1297862076081032704,693,6,34962,9,2020,6472.5
1297862076081032704,693,6,34962,10,2020,14963.01
1297862076081032704,693,6,34962,11,2020,10199.59
1297862076081032704,693,6,34962,12,2020,7957.83
1299482816693197824,1449,1,86875,1,2020,3924.17
1299482816693197824,1449,1,86875,2,2020,7668.76
1299482816693197824,1449,1,86875,3,2020,1500.35
1299482816693197824,1449,1,86875,4,2020,2029.17
1299482816693197824,1449,1,86875,5,2020,2729.81
1299482816693197824,1449,1,86875,6,2020,6765.6
1299482816693197824,1449,1,86875,7,2020,3903.79
1299482816693197824,1449,1,86875,8,2020,3951.95
1299482816693197824,1449,1,86875,9,2020,6452.76
1299482816693197824,1449,1,86875,10,2020,8875.58
1299482816693197824,1449,1,86875,11,2020,5887.95
1299482816693197824,1449,1,86875,12,2020,5481.58
1300383533041650688,3560,3,68037,1,2020,-8103.0
1300383533041650688,3560,3,68037,2,2020,-16628.25
1300383533041650688,3560,3,68037,3,2020,-7970.91
1300383533041650688,3560,3,68037,4,2020,-9775.36
1300383533041650688,3560,3,68037,5,2020,-10603.27
1300383533041650688,3560,3,68037,6,2020,-20513.12
1300383533041650688,3560,3,68037,7,2020,-20723.76
1300383533041650688,3560,3,68037,8,2020,-19461.14
1300383533041650688,3560,3,68037,9,2020,-16545.6
1300383533041650688,3560,3,68037,10,2020,-15243.64
1300383533041650688,3560,3,68037,11,2020,-8389.08
1300383533041650688,3560,3,68037,12,2020,-17718.17
1301605141148749568,4708,8,79873,1,2020,0.0
1301605141148749568,4708,8,79873,2,2020,0.0
1301605141148749568,4708,8,79873,3,2020,0.0
1301605141148749568,4708,8,79873,4,2020,0.0
1301605141148749568,4708,8,79873,5,2020,0.0
1301605141148749568,4708,8,79873,6,2020,0.0
1301605141148749568,4708,8,79873,7,2020,0.0
1301605141148749568,4708,8,79873,8,2020,0.0
1301605141148749568,4708,8,79873,9,2020,0.0
1301605141148749568,4708,8,79873,10,2020,781.97
1301605141148749568,4708,8,79873,11,2020,781.97
1301605141148749568,4708,8,79873,12,2020,781.97
1301969213890651392,5794,9,14594,1,2020,-268.81
1301969213890651392,5794,9,14594,2,2020,-2697.16
1301969213890651392,5794,9,14594,3,2020,5814.79
1301969213890651392,5794,9,14594,4,2020,11099.65
1301969213890651392,5794,9,14594,5,2020,21626.23
1301969213890651392,5794,9,14594,6,2020,19350.74
1301969213890651392,5794,9,14594,7,2020,18894.68
1301969213890651392,5794,9,14594,8,2020,23028.0
1301969213890651392,5794,9,14594,9,2020,21923.87
1301969213890651392,5794,9,14594,10,2020,25911.75
1301969213890651392,5794,9,14594,11,2020,25491.78
1301969213890651392,5794,9,14594,12,2020,18706.03
1302057829811040768,4235,4,97814,1,2020,-9047.12
1302057829811040768,4235,4,97814,2,2020,-8491.4
1302057829811040768,4235,4,97814,3,2020,-5809.67
1302057829811040768,4235,4,97814,4,2020,-13193.7
1302057829811040768,4235,4,97814,5,2020,-18975.83
1302057829811040768,4235,4,97814,6,2020,-13259.95
1302057829811040768,4235,4,97814,7,2020,-16565.16
1302057829811040768,4235,4,97814,8,2020,-18421.83
1302057829811040768,4235,4,97814,9,2020,-18312.67
1302057829811040768,4235,4,97814,10,2020,-26660.3
1302057829811040768,4235,4,97814,11,2020,-30830.42
1302057829811040768,4235,4,97814,12,2020,-29281.15
130313332445630048,4922,6,22400,1,2020,481.84
130313332445630048,4922,6,22400,2,2020,1754.2
130313332445630048,4922,6,22400,3,2020,4319.51
130313332445630048,4922,6,22400,4,2020,1450.42
130313332445630048,4922,6,22400,5,2020,2880.14
130313332445630048,4922,6,22400,6,2020,8101.18
130313332445630048,4922,6,22400,7,2020,15598.26
130313332445630048,4922,6,22400,8,2020,18735.37
130313332445630048,4922,6,22400,9,2020,13598.43
130313332445630048,4922,6,22400,10,2020,8532.16
130313332445630048,4922,6,22400,11,2020,12620.57
130313332445630048,4922,6,22400,12,2020,19085.56
1303453712708750592,8304,1,87050,1,2020,-1351.44
1303453712708750592,8304,1,87050,2,2020,-1351.44
1303453712708750592,8304,1,87050,3,2020,628.44
1303453712708750592,8304,1,87050,4,2020,-134.08
1303453712708750592,8304,1,87050,5,2020,-134.08
1303453712708750592,8304,1,87050,6,2020,922.56
1303453712708750592,8304,1,87050,7,2020,922.56
1303453712708750592,8304,1,87050,8,2020,922.56
1303453712708750592,8304,1,87050,9,2020,922.56
1303453712708750592,8304,1,87050,10,2020,1621.78
1303453712708750592,8304,1,87050,11,2020,1384.8
1303453712708750592,8304,1,87050,12,2020,-817.43
1304562713001272832,8614,2,71325,1,2020,0.0
1304562713001272832,8614,2,71325,2,2020,0.0
1304562713001272832,8614,2,71325,3,2020,0.0
1304562713001272832,8614,2,71325,4,2020,223.23
1304562713001272832,8614,2,71325,5,2020,223.23
1304562713001272832,8614,2,71325,6,2020,-919.06
1304562713001272832,8614,2,71325,7,2020,-2619.67
1304562713001272832,8614,2,71325,8,2020,-3296.56
1304562713001272832,8614,2,71325,9,2020,-3296.56
1304562713001272832,8614,2,71325,10,2020,-4443.75
1304562713001272832,8614,2,71325,11,2020,-4443.75
1304562713001272832,8614,2,71325,12,2020,-4443.75
1304903573347649024,8267,9,30506,1,2020,-4859.29
1304903573347649024,8267,9,30506,2,2020,-9806.22
1304903573347649024,8267,9,30506,3,2020,-14948.88
1304903573347649024,8267,9,30506,4,2020,-9296.36
1304903573347649024,8267,9,30506,5,2020,-8741.49
1304903573347649024,8267,9,30506,6,2020,-10793.71
1304903573347649024,8267,9,30506,7,2020,-17241.09
1304903573347649024,8267,9,30506,8,2020,-16002.07
1304903573347649024,8267,9,30506,9,2020,-12425.66
1304903573347649024,8267,9,30506,10,2020,-13318.77
1304903573347649024,8267,9,30506,11,2020,-13871.17
1304903573347649024,8267,9,30506,12,2020,-12117.02
1304908104716074240,8216,1,59709,1,2020,-1142.26
1304908104716074240,8216,1,59709,2,2020,1505.2
1304908104716074240,8216,1,59709,3,2020,-1646.84
1304908104716074240,8216,1,59709,4,2020,-1431.48
1304908104716074240,8216,1,59709,5,2020,-1673.97
1304908104716074240,8216,1,59709,6,2020,-1214.61
1304908104716074240,8216,1,59709,7,2020,2696.11
1304908104716074240,8216,1,59709,8,2020,416.91
1304908104716074240,8216,1,59709,9,2020,-1945.9
1304908104716074240,8216,1,59709,10,2020,-2390.09
1304908104716074240,8216,1,59709,11,2020,-2530.57
1304908104716074240,8216,1,59709,12,2020,-4495.23
1305691642190616832,2679,7,74625,1,2020,4248.9
1305691642190616832,2679,7,74625,2,2020,297.09
1305691642190616832,2679,7,74625,3,2020,7169.64
1305691642190616832,2679,7,74625,4,2020,7205.76
1305691642190616832,2679,7,74625,5,2020,5633.41
1305691642190616832,2679,7,74625,6,2020,11216.33
