1624650626798849536,2746,7,72922,2,2020,10191.07
1624650626798849536,2746,7,72922,3,2020,7344.47
1624650626798849536,2746,7,72922,4,2020,649.9
1624650626798849536,2746,7,72922,5,2020,7334.69
1624650626798849536,2746,7,72922,6,2020,5533.87
1624650626798849536,2746,7,72922,7,2020,906.95
1624650626798849536,2746,7,72922,8,2020,10204.61
1624650626798849536,2746,7,72922,9,2020,12758.36
1624650626798849536,2746,7,72922,10,2020,17310.03
1624650626798849536,2746,7,72922,11,2020,20157.47
1624650626798849536,2746,7,72922,12,2020,16381.24
162622600770855616,9220,8,77132,1,2020,12448.88
162622600770855616,9220,8,77132,2,2020,12268.72
162622600770855616,9220,8,77132,3,2020,10848.86
162622600770855616,9220,8,77132,4,2020,5887.23
162622600770855616,9220,8,77132,5,2020,4772.04
162622600770855616,9220,8,77132,6,2020,-4842.37
162622600770855616,9220,8,77132,7,2020,-6205.15
162622600770855616,9220,8,77132,8,2020,-4328.74
162622600770855616,9220,8,77132,9,2020,-3271.5
162622600770855616,9220,8,77132,10,2020,-2154.02
162622600770855616,9220,8,77132,11,2020,3297.97
162622600770855616,9220,8,77132,12,2020,10737.95
1626325833591865600,481,9,82122,1,2020,1074.25
1626325833591865600,481,9,82122,2,2020,8247.05
1626325833591865600,481,9,82122,3,2020,9991.61
1626325833591865600,481,9,82122,4,2020,8533.62
1626325833591865600,481,9,82122,5,2020,9786.46
1626325833591865600,481,9,82122,6,2020,11128.09
1626325833591865600,481,9,82122,7,2020,6392.38
1626325833591865600,481,9,82122,8,2020,7771.98
1626325833591865600,481,9,82122,9,2020,4226.0
1626325833591865600,481,9,82122,10,2020,4869.0
1626325833591865600,481,9,82122,11,2020,11256.87
1626325833591865600,481,9,82122,12,2020,1943.68
1626849174829862144,4226,9,84583,1,2020,-8478.12
1626849174829862144,4226,9,84583,2,2020,-11616.02
1626849174829862144,4226,9,84583,3,2020,-13654.74
1626849174829862144,4226,9,84583,4,2020,-5585.33
1626849174829862144,4226,9,84583,5,2020,-12.67
1626849174829862144,4226,9,84583,6,2020,1629.13
1626849174829862144,4226,9,84583,7,2020,-866.67
1626849174829862144,4226,9,84583,8,2020,-3260.07
1626849174829862144,4226,9,84583,9,2020,-7150.93
1626849174829862144,4226,9,84583,10,2020,-7738.88
1626849174829862144,4226,9,84583,11,2020,-1809.0
1626849174829862144,4226,9,84583,12,2020,-5405.19
1626896285740826624,185,1,22128,1,2020,-128.9
1626896285740826624,185,1,22128,2,2020,492.88
1626896285740826624,185,1,22128,3,2020,-444.92
1626896285740826624,185,1,22128,4,2020,-23.55
1626896285740826624,185,1,22128,5,2020,435.38
1626896285740826624,185,1,22128,6,2020,-647.04
1626896285740826624,185,1,22128,7,2020,-2518.21
1626896285740826624,185,1,22128,8,2020,-4314.35
1626896285740826624,185,1,22128,9,2020,-2155.14
1626896285740826624,185,1,22128,10,2020,-3293.89
1626896285740826624,185,1,22128,11,2020,3542.0
1626896285740826624,185,1,22128,12,2020,5574.83
1627899401346944768,8271,3,25593,1,2020,-1410.09
1627899401346944768,8271,3,25593,2,2020,-7107.76
1627899401346944768,8271,3,25593,3,2020,-5678.98
1627899401346944768,8271,3,25593,4,2020,-12195.48
1627899401346944768,8271,3,25593,5,2020,-11858.68
1627899401346944768,8271,3,25593,6,2020,-8989.93
1627899401346944768,8271,3,25593,7,2020,-2247.64
1627899401346944768,8271,3,25593,8,2020,-2382.48
1627899401346944768,8271,3,25593,9,2020,-512.33
1627899401346944768,8271,3,25593,10,2020,3155.42
1627899401346944768,8271,3,25593,11,2020,-2856.99
1627899401346944768,8271,3,25593,12,2020,-5856.27
1628506633971594752,6648,3,28475,1,2020,4753.42
1628506633971594752,6648,3,28475,2,2020,9928.49
1628506633971594752,6648,3,28475,3,2020,6197.0
1628506633971594752,6648,3,28475,4,2020,9276.95
1628506633971594752,6648,3,28475,5,2020,9099.78
1628506633971594752,6648,3,28475,6,2020,5811.75
1628506633971594752,6648,3,28475,7,2020,3365.63
1628506633971594752,6648,3,28475,8,2020,2957.01
1628506633971594752,6648,3,28475,9,2020,1644.64
1628506633971594752,6648,3,28475,10,2020,2179.95
1628506633971594752,6648,3,28475,11,2020,8583.76
1628506633971594752,6648,3,28475,12,2020,12091.43
1628646924130924800,6856,6,35306,1,2020,6833.97
1628646924130924800,6856,6,35306,2,2020,6356.41
1628646924130924800,6856,6,35306,3,2020,5937.91
1628646924130924800,6856,6,35306,4,2020,7634.99
1628646924130924800,6856,6,35306,5,2020,9738.23
1628646924130924800,6856,6,35306,6,2020,4269.1
1628646924130924800,6856,6,35306,7,2020,-11.36
1628646924130924800,6856,6,35306,8,2020,-2461.54
1628646924130924800,6856,6,35306,9,2020,-1971.5
1628646924130924800,6856,6,35306,10,2020,-2276.08
1628646924130924800,6856,6,35306,11,2020,451.62
1628646924130924800,6856,6,35306,12,2020,10485.09
162933258938612864,2314,3,90826,1,2020,807.86
162933258938612864,2314,3,90826,2,2020,608.64
162933258938612864,2314,3,90826,3,2020,1038.02
162933258938612864,2314,3,90826,4,2020,507.69
162933258938612864,2314,3,90826,5,2020,-3529.85
162933258938612864,2314,3,90826,6,2020,-4065.29
162933258938612864,2314,3,90826,7,2020,-3735.64
162933258938612864,2314,3,90826,8,2020,-1840.91
162933258938612864,2314,3,90826,9,2020,-489.26
162933258938612864,2314,3,90826,10,2020,-3252.57
162933258938612864,2314,3,90826,11,2020,-3350.66
162933258938612864,2314,3,90826,12,2020,-1313.36
1629997526381032704,325,2,137,1,2020,1621.87
1629997526381032704,325,2,137,2,2020,1100.88
1629997526381032704,325,2,137,3,2020,169.07
1629997526381032704,325,2,137,4,2020,-1571.26
1629997526381032704,325,2,137,5,2020,2391.12
1629997526381032704,325,2,137,6,2020,4131.39
1629997526381032704,325,2,137,7,2020,232.66
1629997526381032704,325,2,137,8,2020,715.36
1629997526381032704,325,2,137,9,2020,-1184.85
1629997526381032704,325,2,137,10,2020,-4342.0
1629997526381032704,325,2,137,11,2020,-2476.48
1629997526381032704,325,2,137,12,2020,-7365.35
1630092878511708160,6226,6,83051,1,2020,-1303.29
1630092878511708160,6226,6,83051,2,2020,8007.64
1630092878511708160,6226,6,83051,3,2020,595.16
1630092878511708160,6226,6,83051,4,2020,7815.6
1630092878511708160,6226,6,83051,5,2020,10637.54
1630092878511708160,6226,6,83051,6,2020,3416.95
1630092878511708160,6226,6,83051,7,2020,5410.27
1630092878511708160,6226,6,83051,8,2020,1382.34
1630092878511708160,6226,6,83051,9,2020,2057.42
1630092878511708160,6226,6,83051,10,2020,3571.66
1630092878511708160,6226,6,83051,11,2020,7077.52
1630092878511708160,6226,6,83051,12,2020,1700.85
1630169910566005760,7267,9,91600,1,2020,2947.61
1630169910566005760,7267,9,91600,2,2020,139.99
1630169910566005760,7267,9,91600,3,2020,1458.25
1630169910566005760,7267,9,91600,4,2020,1058.32
1630169910566005760,7267,9,91600,5,2020,-1869.1
1630169910566005760,7267,9,91600,6,2020,340.76
1630169910566005760,7267,9,91600,7,2020,153.88
1630169910566005760,7267,9,91600,8,2020,675.09
1630169910566005760,7267,9,91600,9,2020,-724.78
1630169910566005760,7267,9,91600,10,2020,376.64
1630169910566005760,7267,9,91600,11,2020,3350.85
1630169910566005760,7267,9,91600,12,2020,5855.88
1631962099788180736,5577,1,77231,1,2020,0.0
1631962099788180736,5577,1,77231,2,2020,1320.84
1631962099788180736,5577,1,77231,3,2020,1320.84
1631962099788180736,5577,1,77231,4,2020,1758.64
1631962099788180736,5577,1,77231,5,2020,1758.64
1631962099788180736,5577,1,77231,6,2020,4746.07
1631962099788180736,5577,1,77231,7,2020,4746.07
1631962099788180736,5577,1,77231,8,2020,4041.92
1631962099788180736,5577,1,77231,9,2020,4131.37
1631962099788180736,5577,1,77231,10,2020,4414.89
1631962099788180736,5577,1,77231,11,2020,4414.89
1631962099788180736,5577,1,77231,12,2020,2673.55
163277502836618848,7193,1,57357,1,2020,930.91
163277502836618848,7193,1,57357,2,2020,3495.27
163277502836618848,7193,1,57357,3,2020,-1375.22
163277502836618848,7193,1,57357,4,2020,2629.12
163277502836618848,7193,1,57357,5,2020,8991.44
163277502836618848,7193,1,57357,6,2020,18156.19
163277502836618848,7193,1,57357,7,2020,20687.7
163277502836618848,7193,1,57357,8,2020,17162.56
163277502836618848,7193,1,57357,9,2020,14757.89
163277502836618848,7193,1,57357,10,2020,11108.69
163277502836618848,7193,1,57357,11,2020,17936.63
163277502836618848,7193,1,57357,12,2020,16511.33
163290819979202624,1409,7,64975,1,2020,-660.0
163290819979202624,1409,7,64975,2,2020,-3858.94
163290819979202624,1409,7,64975,3,2020,1367.99
163290819979202624,1409,7,64975,4,2020,4738.59
163290819979202624,1409,7,64975,5,2020,7832.36
163290819979202624,1409,7,64975,6,2020,5018.22
163290819979202624,1409,7,64975,7,2020,-71.18
163290819979202624,1409,7,64975,8,2020,1071.45
163290819979202624,1409,7,64975,9,2020,3049.27
163290819979202624,1409,7,64975,10,2020,1502.19
163290819979202624,1409,7,64975,11,2020,4626.9
163290819979202624,1409,7,64975,12,2020,356.32
1633089046569117952,7079,8,85805,1,2020,530.16
1633089046569117952,7079,8,85805,2,2020,1964.09
1633089046569117952,7079,8,85805,3,2020,1964.09
1633089046569117952,7079,8,85805,4,2020,903.87
1633089046569117952,7079,8,85805,5,2020,1901.93
1633089046569117952,7079,8,85805,6,2020,5097.98
1633089046569117952,7079,8,85805,7,2020,3232.45
1633089046569117952,7079,8,85805,8,2020,3001.59
1633089046569117952,7079,8,85805,9,2020,3780.59
1633089046569117952,7079,8,85805,10,2020,2246.33
1633089046569117952,7079,8,85805,11,2020,2246.33
1633089046569117952,7079,8,85805,12,2020,-869.55
1635713438520084992,1317,3,87740,1,2020,-691.58
1635713438520084992,1317,3,87740,2,2020,-3445.97
1635713438520084992,1317,3,87740,3,2020,-2278.14
1635713438520084992,1317,3,87740,4,2020,-723.52
1635713438520084992,1317,3,87740,5,2020,-987.93
1635713438520084992,1317,3,87740,6,2020,-2401.97
1635713438520084992,1317,3,87740,7,2020,-736.39
1635713438520084992,1317,3,87740,8,2020,-3901.35
1635713438520084992,1317,3,87740,9,2020,-3814.31
1635713438520084992,1317,3,87740,10,2020,-2870.18
1635713438520084992,1317,3,87740,11,2020,-2870.18
1635713438520084992,1317,3,87740,12,2020,-999.24
1636461889835848960,8574,6,85350,1,2020,-1346.76
1636461889835848960,8574,6,85350,2,2020,-1449.7
1636461889835848960,8574,6,85350,3,2020,-1449.7
1636461889835848960,8574,6,85350,4,2020,-816.88
1636461889835848960,8574,6,85350,5,2020,-4068.8
1636461889835848960,8574,6,85350,6,2020,-3153.4
1636461889835848960,8574,6,85350,7,2020,-6021.07
1636461889835848960,8574,6,85350,8,2020,-6021.07
1636461889835848960,8574,6,85350,9,2020,-6122.41
1636461889835848960,8574,6,85350,10,2020,-6122.41
1636461889835848960,8574,6,85350,11,2020,-4730.72
1636461889835848960,8574,6,85350,12,2020,-4730.72
1636625324427217152,8758,9,40082,1,2020,-2004.84
1636625324427217152,8758,9,40082,2,2020,4087.28
1636625324427217152,8758,9,40082,3,2020,3513.28
1636625324427217152,8758,9,40082,4,2020,1541.2
1636625324427217152,8758,9,40082,5,2020,3717.5
1636625324427217152,8758,9,40082,6,2020,4811.82
1636625324427217152,8758,9,40082,7,2020,1883.27
1636625324427217152,8758,9,40082,8,2020,3790.63
1636625324427217152,8758,9,40082,9,2020,4967.29
1636625324427217152,8758,9,40082,10,2020,6975.22
1636625324427217152,8758,9,40082,11,2020,7080.7
1636625324427217152,8758,9,40082,12,2020,6353.9
1636836985879253760,1203,5,46162,1,2020,198.4
1636836985879253760,1203,5,46162,2,2020,791.06
1636836985879253760,1203,5,46162,3,2020,1490.57
1636836985879253760,1203,5,46162,4,2020,2403.05
1636836985879253760,1203,5,46162,5,2020,757.55
1636836985879253760,1203,5,46162,6,2020,7180.39
1636836985879253760,1203,5,46162,7,2020,8093.39
1636836985879253760,1203,5,46162,8,2020,9068.05
1636836985879253760,1203,5,46162,9,2020,10375.87
1636836985879253760,1203,5,46162,10,2020,9892.12
1636836985879253760,1203,5,46162,11,2020,10496.08
1636836985879253760,1203,5,46162,12,2020,13776.64
1638582747813087488,6561,9,2306,1,2020,610.56
1638582747813087488,6561,9,2306,2,2020,1423.68
1638582747813087488,6561,9,2306,3,2020,2013.23
1638582747813087488,6561,9,2306,4,2020,3720.86
