2239100888537095424,6277,2,51116,6,2020,-3155.02
2239100888537095424,6277,2,51116,7,2020,-2967.97
2239100888537095424,6277,2,51116,8,2020,-1533.87
2239100888537095424,6277,2,51116,9,2020,-8036.86
2239100888537095424,6277,2,51116,10,2020,-5111.47
2239100888537095424,6277,2,51116,11,2020,-5825.49
2239100888537095424,6277,2,51116,12,2020,-10509.13
2241345359711316480,7488,7,93961,1,2020,-1606.46
2241345359711316480,7488,7,93961,2,2020,-4234.73
2241345359711316480,7488,7,93961,3,2020,-4234.73
2241345359711316480,7488,7,93961,4,2020,-3863.8
2241345359711316480,7488,7,93961,5,2020,-5978.5
2241345359711316480,7488,7,93961,6,2020,-5057.04
2241345359711316480,7488,7,93961,7,2020,-5140.81
2241345359711316480,7488,7,93961,8,2020,-2821.98
2241345359711316480,7488,7,93961,9,2020,-4471.89
2241345359711316480,7488,7,93961,10,2020,-958.76
2241345359711316480,7488,7,93961,11,2020,-4111.89
2241345359711316480,7488,7,93961,12,2020,-5523.45
2242399703599138048,748,4,46016,1,2020,-1781.4
2242399703599138048,748,4,46016,2,2020,-7323.56
2242399703599138048,748,4,46016,3,2020,-11667.61
2242399703599138048,748,4,46016,4,2020,-10411.52
2242399703599138048,748,4,46016,5,2020,-13948.3
2242399703599138048,748,4,46016,6,2020,-10102.87
2242399703599138048,748,4,46016,7,2020,-9102.37
2242399703599138048,748,4,46016,8,2020,-8568.92
2242399703599138048,748,4,46016,9,2020,-14600.19
2242399703599138048,748,4,46016,10,2020,-16315.18
2242399703599138048,748,4,46016,11,2020,-15625.55
2242399703599138048,748,4,46016,12,2020,-24630.0
2243577405791411712,267,6,4146,1,2020,-2622.8
2243577405791411712,267,6,4146,2,2020,-6052.29
2243577405791411712,267,6,4146,3,2020,-1420.12
2243577405791411712,267,6,4146,4,2020,-1466.98
2243577405791411712,267,6,4146,5,2020,2137.46
2243577405791411712,267,6,4146,6,2020,222.73
2243577405791411712,267,6,4146,7,2020,972.25
2243577405791411712,267,6,4146,8,2020,-1149.49
2243577405791411712,267,6,4146,9,2020,-3128.77
2243577405791411712,267,6,4146,10,2020,1152.24
2243577405791411712,267,6,4146,11,2020,5927.37
2243577405791411712,267,6,4146,12,2020,6750.82
2243629027947047424,1981,1,88150,1,2020,-7254.13
2243629027947047424,1981,1,88150,2,2020,-12418.03
2243629027947047424,1981,1,88150,3,2020,-16605.6
2243629027947047424,1981,1,88150,4,2020,-17130.76
2243629027947047424,1981,1,88150,5,2020,-14571.84
2243629027947047424,1981,1,88150,6,2020,-18989.23
2243629027947047424,1981,1,88150,7,2020,-17399.78
2243629027947047424,1981,1,88150,8,2020,-22618.69
2243629027947047424,1981,1,88150,9,2020,-23385.15
2243629027947047424,1981,1,88150,10,2020,-22912.94
2243629027947047424,1981,1,88150,11,2020,-24269.58
2243629027947047424,1981,1,88150,12,2020,-30713.37
2246836444947273728,7389,2,116,1,2020,3992.38
2246836444947273728,7389,2,116,2,2020,-3142.93
2246836444947273728,7389,2,116,3,2020,1679.55
2246836444947273728,7389,2,116,4,2020,2906.7
2246836444947273728,7389,2,116,5,2020,-5408.83
2246836444947273728,7389,2,116,6,2020,-310.55
2246836444947273728,7389,2,116,7,2020,539.64
2246836444947273728,7389,2,116,8,2020,3022.36
2246836444947273728,7389,2,116,9,2020,8545.43
2246836444947273728,7389,2,116,10,2020,13502.29
2246836444947273728,7389,2,116,11,2020,6790.38
2246836444947273728,7389,2,116,12,2020,6154.84
2248278083951468032,3049,7,99222,1,2020,3680.87
2248278083951468032,3049,7,99222,2,2020,7285.92
2248278083951468032,3049,7,99222,3,2020,8836.42
2248278083951468032,3049,7,99222,4,2020,12718.1
2248278083951468032,3049,7,99222,5,2020,12497.43
2248278083951468032,3049,7,99222,6,2020,10706.25
2248278083951468032,3049,7,99222,7,2020,9560.95
2248278083951468032,3049,7,99222,8,2020,4388.41
2248278083951468032,3049,7,99222,9,2020,-87.12
2248278083951468032,3049,7,99222,10,2020,-1728.88
2248278083951468032,3049,7,99222,11,2020,-1467.17
2248278083951468032,3049,7,99222,12,2020,1032.39
2248547741503355904,653,8,11428,1,2020,-33.32
2248547741503355904,653,8,11428,2,2020,4808.39
2248547741503355904,653,8,11428,3,2020,1552.46
2248547741503355904,653,8,11428,4,2020,-2995.61
2248547741503355904,653,8,11428,5,2020,2185.72
2248547741503355904,653,8,11428,6,2020,3145.99
2248547741503355904,653,8,11428,7,2020,393.69
2248547741503355904,653,8,11428,8,2020,583.66
2248547741503355904,653,8,11428,9,2020,3382.32
2248547741503355904,653,8,11428,10,2020,9163.26
2248547741503355904,653,8,11428,11,2020,12668.32
2248547741503355904,653,8,11428,12,2020,17200.87
22491927182770952,2484,5,74146,1,2020,2560.51
22491927182770952,2484,5,74146,2,2020,-6425.46
22491927182770952,2484,5,74146,3,2020,-7602.64
22491927182770952,2484,5,74146,4,2020,-8650.38
22491927182770952,2484,5,74146,5,2020,-1105.16
22491927182770952,2484,5,74146,6,2020,3489.43
22491927182770952,2484,5,74146,7,2020,729.71
22491927182770952,2484,5,74146,8,2020,10042.32
22491927182770952,2484,5,74146,9,2020,11310.24
22491927182770952,2484,5,74146,10,2020,12721.37
22491927182770952,2484,5,74146,11,2020,13824.86
22491927182770952,2484,5,74146,12,2020,5613.02
2249912244459725056,5285,1,369,1,2020,816.7
2249912244459725056,5285,1,369,2,2020,-4191.56
2249912244459725056,5285,1,369,3,2020,-2931.83
2249912244459725056,5285,1,369,4,2020,-1727.48
2249912244459725056,5285,1,369,5,2020,-13693.5
2249912244459725056,5285,1,369,6,2020,-13329.05
2249912244459725056,5285,1,369,7,2020,-20833.99
2249912244459725056,5285,1,369,8,2020,-28589.8
2249912244459725056,5285,1,369,9,2020,-37900.78
2249912244459725056,5285,1,369,10,2020,-36180.72
2249912244459725056,5285,1,369,11,2020,-37056.55
2249912244459725056,5285,1,369,12,2020,-37588.72
224998961076740000,2818,4,89375,1,2020,2257.07
224998961076740000,2818,4,89375,2,2020,6560.85
224998961076740000,2818,4,89375,3,2020,11265.72
224998961076740000,2818,4,89375,4,2020,15760.31
224998961076740000,2818,4,89375,5,2020,14962.18
224998961076740000,2818,4,89375,6,2020,18979.11
224998961076740000,2818,4,89375,7,2020,21432.68
224998961076740000,2818,4,89375,8,2020,23854.97
224998961076740000,2818,4,89375,9,2020,22698.3
224998961076740000,2818,4,89375,10,2020,14027.72
224998961076740000,2818,4,89375,11,2020,18026.26
224998961076740000,2818,4,89375,12,2020,20476.78
225026510017061184,34,7,51796,1,2020,-623.97
225026510017061184,34,7,51796,2,2020,-1393.41
225026510017061184,34,7,51796,3,2020,-1759.09
225026510017061184,34,7,51796,4,2020,-1474.78
225026510017061184,34,7,51796,5,2020,-2681.87
225026510017061184,34,7,51796,6,2020,-373.15
225026510017061184,34,7,51796,7,2020,66.34
225026510017061184,34,7,51796,8,2020,-1221.0
225026510017061184,34,7,51796,9,2020,-1333.64
225026510017061184,34,7,51796,10,2020,-1333.64
225026510017061184,34,7,51796,11,2020,-1333.64
225026510017061184,34,7,51796,12,2020,-341.4
2251334511689657856,5842,6,74957,1,2020,-466.28
2251334511689657856,5842,6,74957,2,2020,4005.91
2251334511689657856,5842,6,74957,3,2020,7215.88
2251334511689657856,5842,6,74957,4,2020,3086.99
2251334511689657856,5842,6,74957,5,2020,-1875.62
2251334511689657856,5842,6,74957,6,2020,811.84
2251334511689657856,5842,6,74957,7,2020,-4095.41
2251334511689657856,5842,6,74957,8,2020,1313.59
2251334511689657856,5842,6,74957,9,2020,-1182.53
2251334511689657856,5842,6,74957,10,2020,-4030.24
2251334511689657856,5842,6,74957,11,2020,-11875.09
2251334511689657856,5842,6,74957,12,2020,-13268.01
2253080743478568192,8436,9,35645,1,2020,-6175.77
2253080743478568192,8436,9,35645,2,2020,-4438.35
2253080743478568192,8436,9,35645,3,2020,-4665.3
2253080743478568192,8436,9,35645,4,2020,-8602.25
2253080743478568192,8436,9,35645,5,2020,-7444.4
2253080743478568192,8436,9,35645,6,2020,-11559.43
2253080743478568192,8436,9,35645,7,2020,-11223.22
2253080743478568192,8436,9,35645,8,2020,-15994.25
2253080743478568192,8436,9,35645,9,2020,-14419.76
2253080743478568192,8436,9,35645,10,2020,-10859.44
2253080743478568192,8436,9,35645,11,2020,-10759.74
2253080743478568192,8436,9,35645,12,2020,-14869.15
2253586325817857792,3178,8,24783,1,2020,-5615.54
2253586325817857792,3178,8,24783,2,2020,-8225.39
2253586325817857792,3178,8,24783,3,2020,-5102.91
2253586325817857792,3178,8,24783,4,2020,-6607.97
2253586325817857792,3178,8,24783,5,2020,-7239.62
2253586325817857792,3178,8,24783,6,2020,-10823.37
2253586325817857792,3178,8,24783,7,2020,-11465.71
2253586325817857792,3178,8,24783,8,2020,-4189.24
2253586325817857792,3178,8,24783,9,2020,-11859.85
2253586325817857792,3178,8,24783,10,2020,-9880.79
2253586325817857792,3178,8,24783,11,2020,-9794.92
2253586325817857792,3178,8,24783,12,2020,-7672.96
2253700469073051904,5383,9,75919,1,2020,3696.15
2253700469073051904,5383,9,75919,2,2020,6615.5
2253700469073051904,5383,9,75919,3,2020,7213.86
2253700469073051904,5383,9,75919,4,2020,5121.71
2253700469073051904,5383,9,75919,5,2020,4936.14
2253700469073051904,5383,9,75919,6,2020,6215.51
2253700469073051904,5383,9,75919,7,2020,4183.23
2253700469073051904,5383,9,75919,8,2020,13374.08
2253700469073051904,5383,9,75919,9,2020,11952.7
2253700469073051904,5383,9,75919,10,2020,11951.42
2253700469073051904,5383,9,75919,11,2020,12569.23
2253700469073051904,5383,9,75919,12,2020,13793.9
2254484841803291904,2747,0,16403,1,2020,2114.19
2254484841803291904,2747,0,16403,2,2020,2549.62
2254484841803291904,2747,0,16403,3,2020,3253.6
2254484841803291904,2747,0,16403,4,2020,6022.82
2254484841803291904,2747,0,16403,5,2020,8994.55
2254484841803291904,2747,0,16403,6,2020,14569.7
2254484841803291904,2747,0,16403,7,2020,12708.49
2254484841803291904,2747,0,16403,8,2020,13474.3
2254484841803291904,2747,0,16403,9,2020,17156.44
2254484841803291904,2747,0,16403,10,2020,11700.51
2254484841803291904,2747,0,16403,11,2020,10985.57
2254484841803291904,2747,0,16403,12,2020,11171.83
2255372244110817792,5946,8,68777,1,2020,-3364.54
2255372244110817792,5946,8,68777,2,2020,-7094.83
2255372244110817792,5946,8,68777,3,2020,-7411.36
2255372244110817792,5946,8,68777,4,2020,-11301.97
2255372244110817792,5946,8,68777,5,2020,-9669.33
2255372244110817792,5946,8,68777,6,2020,-8146.54
2255372244110817792,5946,8,68777,7,2020,-7034.71
2255372244110817792,5946,8,68777,8,2020,-5050.04
2255372244110817792,5946,8,68777,9,2020,-4038.46
2255372244110817792,5946,8,68777,10,2020,-6649.91
2255372244110817792,5946,8,68777,11,2020,-7890.29
2255372244110817792,5946,8,68777,12,2020,-9383.13
2255377869527491328,5811,9,13796,1,2020,-79.24
2255377869527491328,5811,9,13796,2,2020,1299.8
2255377869527491328,5811,9,13796,3,2020,369.83
2255377869527491328,5811,9,13796,4,2020,-479.05
2255377869527491328,5811,9,13796,5,2020,819.61
2255377869527491328,5811,9,13796,6,2020,-417.61
2255377869527491328,5811,9,13796,7,2020,162.49
2255377869527491328,5811,9,13796,8,2020,-1922.35
2255377869527491328,5811,9,13796,9,2020,-999.65
2255377869527491328,5811,9,13796,10,2020,1097.09
2255377869527491328,5811,9,13796,11,2020,653.12
2255377869527491328,5811,9,13796,12,2020,19.21
2256437627562322944,4232,2,45263,1,2020,-5858.01
2256437627562322944,4232,2,45263,2,2020,4181.0
2256437627562322944,4232,2,45263,3,2020,2807.27
2256437627562322944,4232,2,45263,4,2020,-634.47
2256437627562322944,4232,2,45263,5,2020,392.28
2256437627562322944,4232,2,45263,6,2020,-4676.36
2256437627562322944,4232,2,45263,7,2020,-7308.32
2256437627562322944,4232,2,45263,8,2020,-6702.46
2256437627562322944,4232,2,45263,9,2020,-6147.25
2256437627562322944,4232,2,45263,10,2020,-2797.04
2256437627562322944,4232,2,45263,11,2020,-565.22
2256437627562322944,4232,2,45263,12,2020,-2042.02
2256498309837981184,3011,9,81573,1,2020,-335.28
2256498309837981184,3011,9,81573,2,2020,-801.86
2256498309837981184,3011,9,81573,3,2020,7.1
2256498309837981184,3011,9,81573,4,2020,3384.02
