2382280971780218368,5158,3,73772,1,2020,0.0
2382280971780218368,5158,3,73772,2,2020,0.0
2382280971780218368,5158,3,73772,3,2020,0.0
2382280971780218368,5158,3,73772,4,2020,0.0
2382280971780218368,5158,3,73772,5,2020,0.0
2382280971780218368,5158,3,73772,6,2020,0.0
2382280971780218368,5158,3,73772,7,2020,0.0
2382280971780218368,5158,3,73772,8,2020,0.0
2382280971780218368,5158,3,73772,9,2020,0.0
2382280971780218368,5158,3,73772,10,2020,0.0
2382280971780218368,5158,3,73772,11,2020,0.0
2382280971780218368,5158,3,73772,12,2020,0.0
2382513899347590656,3816,2,48961,1,2020,1779.8
2382513899347590656,3816,2,48961,2,2020,-3130.41
2382513899347590656,3816,2,48961,3,2020,-5965.56
2382513899347590656,3816,2,48961,4,2020,-6510.19
2382513899347590656,3816,2,48961,5,2020,-5328.59
2382513899347590656,3816,2,48961,6,2020,-1930.21
2382513899347590656,3816,2,48961,7,2020,1798.09
2382513899347590656,3816,2,48961,8,2020,-692.39
2382513899347590656,3816,2,48961,9,2020,5606.68
2382513899347590656,3816,2,48961,10,2020,8811.05
2382513899347590656,3816,2,48961,11,2020,17789.76
2382513899347590656,3816,2,48961,12,2020,21861.81
2383132883429978112,8625,5,79491,1,2020,844.56
2383132883429978112,8625,5,79491,2,2020,-1134.96
2383132883429978112,8625,5,79491,3,2020,-3486.49
2383132883429978112,8625,5,79491,4,2020,-6518.36
2383132883429978112,8625,5,79491,5,2020,-6871.97
2383132883429978112,8625,5,79491,6,2020,-5230.78
2383132883429978112,8625,5,79491,7,2020,-2638.89
2383132883429978112,8625,5,79491,8,2020,-4035.78
2383132883429978112,8625,5,79491,9,2020,1303.07
2383132883429978112,8625,5,79491,10,2020,-2522.04
2383132883429978112,8625,5,79491,11,2020,-1674.82
2383132883429978112,8625,5,79491,12,2020,-1121.62
2384232374733266432,1823,0,97872,1,2020,-3707.88
2384232374733266432,1823,0,97872,2,2020,-4778.51
2384232374733266432,1823,0,97872,3,2020,-9174.24
2384232374733266432,1823,0,97872,4,2020,-3836.44
2384232374733266432,1823,0,97872,5,2020,-1403.33
2384232374733266432,1823,0,97872,6,2020,3806.57
2384232374733266432,1823,0,97872,7,2020,3971.74
2384232374733266432,1823,0,97872,8,2020,2987.61
2384232374733266432,1823,0,97872,9,2020,3774.08
2384232374733266432,1823,0,97872,10,2020,6661.32
2384232374733266432,1823,0,97872,11,2020,6680.98
2384232374733266432,1823,0,97872,12,2020,9224.12
2384768619476467712,7027,7,9696,1,2020,471.37
2384768619476467712,7027,7,9696,2,2020,-1508.81
2384768619476467712,7027,7,9696,3,2020,9725.51
2384768619476467712,7027,7,9696,4,2020,6560.04
2384768619476467712,7027,7,9696,5,2020,14834.23
2384768619476467712,7027,7,9696,6,2020,11457.27
2384768619476467712,7027,7,9696,7,2020,10423.0
2384768619476467712,7027,7,9696,8,2020,11368.88
2384768619476467712,7027,7,9696,9,2020,10434.08
2384768619476467712,7027,7,9696,10,2020,10683.43
2384768619476467712,7027,7,9696,11,2020,11110.45
2384768619476467712,7027,7,9696,12,2020,11602.24
2385133380184565760,6432,6,83338,1,2020,544.61
2385133380184565760,6432,6,83338,2,2020,714.32
2385133380184565760,6432,6,83338,3,2020,8825.89
2385133380184565760,6432,6,83338,4,2020,6546.03
2385133380184565760,6432,6,83338,5,2020,5100.31
2385133380184565760,6432,6,83338,6,2020,9486.58
2385133380184565760,6432,6,83338,7,2020,8844.21
2385133380184565760,6432,6,83338,8,2020,7978.55
2385133380184565760,6432,6,83338,9,2020,7961.84
2385133380184565760,6432,6,83338,10,2020,11049.88
2385133380184565760,6432,6,83338,11,2020,10422.12
2385133380184565760,6432,6,83338,12,2020,13398.17
2385333750693284864,7068,1,90586,1,2020,-681.8
2385333750693284864,7068,1,90586,2,2020,-978.53
2385333750693284864,7068,1,90586,3,2020,-978.53
2385333750693284864,7068,1,90586,4,2020,-1643.79
2385333750693284864,7068,1,90586,5,2020,-1975.2
2385333750693284864,7068,1,90586,6,2020,564.71
2385333750693284864,7068,1,90586,7,2020,1035.51
2385333750693284864,7068,1,90586,8,2020,4168.11
2385333750693284864,7068,1,90586,9,2020,6139.78
2385333750693284864,7068,1,90586,10,2020,8135.76
2385333750693284864,7068,1,90586,11,2020,7114.29
2385333750693284864,7068,1,90586,12,2020,8470.32
2385891860881815552,6308,0,25594,1,2020,-9063.91
2385891860881815552,6308,0,25594,2,2020,2625.68
2385891860881815552,6308,0,25594,3,2020,4605.28
2385891860881815552,6308,0,25594,4,2020,-5006.71
2385891860881815552,6308,0,25594,5,2020,-3594.69
2385891860881815552,6308,0,25594,6,2020,-9873.29
2385891860881815552,6308,0,25594,7,2020,-13932.67
2385891860881815552,6308,0,25594,8,2020,-6760.56
2385891860881815552,6308,0,25594,9,2020,-9090.3
2385891860881815552,6308,0,25594,10,2020,-13248.31
2385891860881815552,6308,0,25594,11,2020,-16186.5
2385891860881815552,6308,0,25594,12,2020,-13460.76
2386404099650325504,1721,8,14858,1,2020,1752.44
2386404099650325504,1721,8,14858,2,2020,-399.38
2386404099650325504,1721,8,14858,3,2020,-170.16
2386404099650325504,1721,8,14858,4,2020,-7547.87
2386404099650325504,1721,8,14858,5,2020,-6265.84
2386404099650325504,1721,8,14858,6,2020,-7287.84
2386404099650325504,1721,8,14858,7,2020,-2074.83
2386404099650325504,1721,8,14858,8,2020,-3650.94
2386404099650325504,1721,8,14858,9,2020,-2477.43
2386404099650325504,1721,8,14858,10,2020,2322.69
2386404099650325504,1721,8,14858,11,2020,3241.02
2386404099650325504,1721,8,14858,12,2020,90.89
2387418697221875712,7283,4,12681,1,2020,-964.79
2387418697221875712,7283,4,12681,2,2020,-1198.94
2387418697221875712,7283,4,12681,3,2020,1569.2
2387418697221875712,7283,4,12681,4,2020,4612.41
2387418697221875712,7283,4,12681,5,2020,10037.27
2387418697221875712,7283,4,12681,6,2020,8802.63
2387418697221875712,7283,4,12681,7,2020,2190.91
2387418697221875712,7283,4,12681,8,2020,4833.99
2387418697221875712,7283,4,12681,9,2020,6514.88
2387418697221875712,7283,4,12681,10,2020,9635.34
2387418697221875712,7283,4,12681,11,2020,10956.32
2387418697221875712,7283,4,12681,12,2020,11194.94
2387627290592962560,9179,2,53602,1,2020,5449.6
2387627290592962560,9179,2,53602,2,2020,-2673.03
2387627290592962560,9179,2,53602,3,2020,-6624.31
2387627290592962560,9179,2,53602,4,2020,-2378.93
2387627290592962560,9179,2,53602,5,2020,426.3
2387627290592962560,9179,2,53602,6,2020,-2375.89
2387627290592962560,9179,2,53602,7,2020,4090.31
2387627290592962560,9179,2,53602,8,2020,-2022.04
2387627290592962560,9179,2,53602,9,2020,5936.05
2387627290592962560,9179,2,53602,10,2020,9834.44
2387627290592962560,9179,2,53602,11,2020,10519.99
2387627290592962560,9179,2,53602,12,2020,13416.67
238935372242917888,290,9,73350,1,2020,138.68
238935372242917888,290,9,73350,2,2020,4832.75
238935372242917888,290,9,73350,3,2020,6390.59
238935372242917888,290,9,73350,4,2020,7454.56
238935372242917888,290,9,73350,5,2020,3585.25
238935372242917888,290,9,73350,6,2020,3482.16
238935372242917888,290,9,73350,7,2020,4445.21
238935372242917888,290,9,73350,8,2020,453.25
238935372242917888,290,9,73350,9,2020,-2864.35
238935372242917888,290,9,73350,10,2020,-1154.24
238935372242917888,290,9,73350,11,2020,-3535.67
238935372242917888,290,9,73350,12,2020,-3567.18
2391238189739306496,6005,9,2965,1,2020,2748.15
2391238189739306496,6005,9,2965,2,2020,4103.81
2391238189739306496,6005,9,2965,3,2020,1158.61
2391238189739306496,6005,9,2965,4,2020,-1904.84
2391238189739306496,6005,9,2965,5,2020,-1411.94
2391238189739306496,6005,9,2965,6,2020,2064.03
2391238189739306496,6005,9,2965,7,2020,4446.87
2391238189739306496,6005,9,2965,8,2020,-2167.67
2391238189739306496,6005,9,2965,9,2020,-4916.26
2391238189739306496,6005,9,2965,10,2020,-4436.11
2391238189739306496,6005,9,2965,11,2020,-778.34
2391238189739306496,6005,9,2965,12,2020,-1856.68
2391308015264220672,5095,8,62344,1,2020,1843.8
2391308015264220672,5095,8,62344,2,2020,1963.5
2391308015264220672,5095,8,62344,3,2020,5037.6
2391308015264220672,5095,8,62344,4,2020,-2452.5
2391308015264220672,5095,8,62344,5,2020,-16116.4
2391308015264220672,5095,8,62344,6,2020,-21318.66
2391308015264220672,5095,8,62344,7,2020,-10663.11
2391308015264220672,5095,8,62344,8,2020,-5075.46
2391308015264220672,5095,8,62344,9,2020,-11209.6
2391308015264220672,5095,8,62344,10,2020,-15387.05
2391308015264220672,5095,8,62344,11,2020,-14823.53
2391308015264220672,5095,8,62344,12,2020,-8999.16
2395183535512676864,3322,7,50082,1,2020,269.79
2395183535512676864,3322,7,50082,2,2020,-4323.84
2395183535512676864,3322,7,50082,3,2020,19.51
2395183535512676864,3322,7,50082,4,2020,-2856.32
2395183535512676864,3322,7,50082,5,2020,-3110.34
2395183535512676864,3322,7,50082,6,2020,-7330.84
2395183535512676864,3322,7,50082,7,2020,-3052.35
2395183535512676864,3322,7,50082,8,2020,-1944.55
2395183535512676864,3322,7,50082,9,2020,987.76
2395183535512676864,3322,7,50082,10,2020,-2050.69
2395183535512676864,3322,7,50082,11,2020,-4130.01
2395183535512676864,3322,7,50082,12,2020,-11643.31
2395548401983009792,4024,3,41000,1,2020,-1814.34
2395548401983009792,4024,3,41000,2,2020,3325.4
2395548401983009792,4024,3,41000,3,2020,-524.58
2395548401983009792,4024,3,41000,4,2020,-6518.65
2395548401983009792,4024,3,41000,5,2020,-4545.01
2395548401983009792,4024,3,41000,6,2020,-9305.01
2395548401983009792,4024,3,41000,7,2020,-10558.98
2395548401983009792,4024,3,41000,8,2020,-8144.18
2395548401983009792,4024,3,41000,9,2020,-7083.21
2395548401983009792,4024,3,41000,10,2020,-6211.6
2395548401983009792,4024,3,41000,11,2020,-2725.35
2395548401983009792,4024,3,41000,12,2020,-241.7
2396150102693153792,7103,5,63164,1,2020,-2061.14
2396150102693153792,7103,5,63164,2,2020,-10028.58
2396150102693153792,7103,5,63164,3,2020,-12625.58
2396150102693153792,7103,5,63164,4,2020,-6579.92
2396150102693153792,7103,5,63164,5,2020,-5795.49
2396150102693153792,7103,5,63164,6,2020,-9063.45
2396150102693153792,7103,5,63164,7,2020,2097.74
2396150102693153792,7103,5,63164,8,2020,872.43
2396150102693153792,7103,5,63164,9,2020,-7836.04
2396150102693153792,7103,5,63164,10,2020,-7152.53
2396150102693153792,7103,5,63164,11,2020,-10969.1
2396150102693153792,7103,5,63164,12,2020,-9612.77
2396269390305317888,1009,2,91433,1,2020,-2309.43
2396269390305317888,1009,2,91433,2,2020,-6013.72
2396269390305317888,1009,2,91433,3,2020,-1217.76
2396269390305317888,1009,2,91433,4,2020,2307.55
2396269390305317888,1009,2,91433,5,2020,2894.01
2396269390305317888,1009,2,91433,6,2020,4348.87
2396269390305317888,1009,2,91433,7,2020,6268.85
2396269390305317888,1009,2,91433,8,2020,-3069.54
2396269390305317888,1009,2,91433,9,2020,-6087.45
2396269390305317888,1009,2,91433,10,2020,-7106.69
2396269390305317888,1009,2,91433,11,2020,-11496.61
2396269390305317888,1009,2,91433,12,2020,-14580.4
2398205840510124032,5539,1,51979,1,2020,-3604.19
2398205840510124032,5539,1,51979,2,2020,-3440.99
2398205840510124032,5539,1,51979,3,2020,-5897.59
2398205840510124032,5539,1,51979,4,2020,-1492.8
2398205840510124032,5539,1,51979,5,2020,2513.15
2398205840510124032,5539,1,51979,6,2020,2097.83
2398205840510124032,5539,1,51979,7,2020,7201.96
2398205840510124032,5539,1,51979,8,2020,3789.28
2398205840510124032,5539,1,51979,9,2020,1596.45
2398205840510124032,5539,1,51979,10,2020,5590.62
2398205840510124032,5539,1,51979,11,2020,4180.36
2398205840510124032,5539,1,51979,12,2020,8861.62
2399710096974452224,2269,6,61439,1,2020,-139.46
2399710096974452224,2269,6,61439,2,2020,818.85
2399710096974452224,2269,6,61439,3,2020,8252.54
2399710096974452224,2269,6,61439,4,2020,10466.08
2399710096974452224,2269,6,61439,5,2020,6138.28
2399710096974452224,2269,6,61439,6,2020,-52.15
2399710096974452224,2269,6,61439,7,2020,1985.68
2399710096974452224,2269,6,61439,8,2020,541.2
2399710096974452224,2269,6,61439,9,2020,-2060.05
2399710096974452224,2269,6,61439,10,2020,-3589.57
2399710096974452224,2269,6,61439,11,2020,1025.84
2399710096974452224,2269,6,61439,12,2020,-3962.44
