1765647532023913984,7894,6,45351,1,2020,474.96
1765647532023913984,7894,6,45351,2,2020,2391.43
1765647532023913984,7894,6,45351,3,2020,2204.68
1765647532023913984,7894,6,45351,4,2020,-1136.05
1765647532023913984,7894,6,45351,5,2020,1299.46
1765647532023913984,7894,6,45351,6,2020,2809.13
1765647532023913984,7894,6,45351,7,2020,5905.55
1765647532023913984,7894,6,45351,8,2020,8409.91
1765647532023913984,7894,6,45351,9,2020,7818.54
1765647532023913984,7894,6,45351,10,2020,7087.07
1765647532023913984,7894,6,45351,11,2020,9570.36
1765647532023913984,7894,6,45351,12,2020,9627.93
1765886428558445056,323,1,32861,1,2020,-1426.26
1765886428558445056,323,1,32861,2,2020,-3069.66
1765886428558445056,323,1,32861,3,2020,-2832.9
1765886428558445056,323,1,32861,4,2020,4078.77
1765886428558445056,323,1,32861,5,2020,-3459.68
1765886428558445056,323,1,32861,6,2020,-3009.44
1765886428558445056,323,1,32861,7,2020,-7654.38
1765886428558445056,323,1,32861,8,2020,-14352.49
1765886428558445056,323,1,32861,9,2020,-15475.05
1765886428558445056,323,1,32861,10,2020,-9878.48
1765886428558445056,323,1,32861,11,2020,-9799.47
1765886428558445056,323,1,32861,12,2020,-10210.15
1766735553364081152,5187,0,25413,1,2020,-631.72
1766735553364081152,5187,0,25413,2,2020,2448.97
1766735553364081152,5187,0,25413,3,2020,-1931.29
1766735553364081152,5187,0,25413,4,2020,1058.18
1766735553364081152,5187,0,25413,5,2020,8911.78
1766735553364081152,5187,0,25413,6,2020,7535.15
1766735553364081152,5187,0,25413,7,2020,4904.61
1766735553364081152,5187,0,25413,8,2020,1261.69
1766735553364081152,5187,0,25413,9,2020,-950.12
1766735553364081152,5187,0,25413,10,2020,-6386.53
1766735553364081152,5187,0,25413,11,2020,803.53
1766735553364081152,5187,0,25413,12,2020,3868.59
1768655622738419712,1983,7,13315,1,2020,-4088.42
1768655622738419712,1983,7,13315,2,2020,-2934.88
1768655622738419712,1983,7,13315,3,2020,-1508.8
1768655622738419712,1983,7,13315,4,2020,-4177.4
1768655622738419712,1983,7,13315,5,2020,-5047.64
1768655622738419712,1983,7,13315,6,2020,-16014.89
1768655622738419712,1983,7,13315,7,2020,-23003.81
1768655622738419712,1983,7,13315,8,2020,-18953.41
1768655622738419712,1983,7,13315,9,2020,-16861.42
1768655622738419712,1983,7,13315,10,2020,-15590.86
1768655622738419712,1983,7,13315,11,2020,-21862.05
1768655622738419712,1983,7,13315,12,2020,-21930.31
1768815828991949824,7736,7,961,1,2020,-6718.8
1768815828991949824,7736,7,961,2,2020,-7197.84
1768815828991949824,7736,7,961,3,2020,-8715.95
1768815828991949824,7736,7,961,4,2020,-9412.26
1768815828991949824,7736,7,961,5,2020,-14172.95
1768815828991949824,7736,7,961,6,2020,-12545.14
1768815828991949824,7736,7,961,7,2020,-12959.97
1768815828991949824,7736,7,961,8,2020,-16019.48
1768815828991949824,7736,7,961,9,2020,-19772.09
1768815828991949824,7736,7,961,10,2020,-20517.37
1768815828991949824,7736,7,961,11,2020,-18285.73
1768815828991949824,7736,7,961,12,2020,-17900.56
1769190276088097536,3674,0,5453,1,2020,-2354.6
1769190276088097536,3674,0,5453,2,2020,-4368.1
1769190276088097536,3674,0,5453,3,2020,-9710.2
1769190276088097536,3674,0,5453,4,2020,-9866.54
1769190276088097536,3674,0,5453,5,2020,-7997.1
1769190276088097536,3674,0,5453,6,2020,-7672.35
1769190276088097536,3674,0,5453,7,2020,-3262.38
1769190276088097536,3674,0,5453,8,2020,-8718.04
1769190276088097536,3674,0,5453,9,2020,-4647.03
1769190276088097536,3674,0,5453,10,2020,-3877.45
1769190276088097536,3674,0,5453,11,2020,-3916.72
1769190276088097536,3674,0,5453,12,2020,-2713.25
1769368735038235136,1925,8,2524,1,2020,730.56
1769368735038235136,1925,8,2524,2,2020,1964.52
1769368735038235136,1925,8,2524,3,2020,3107.3
1769368735038235136,1925,8,2524,4,2020,4892.59
1769368735038235136,1925,8,2524,5,2020,3809.54
1769368735038235136,1925,8,2524,6,2020,1652.44
1769368735038235136,1925,8,2524,7,2020,2711.09
1769368735038235136,1925,8,2524,8,2020,2711.09
1769368735038235136,1925,8,2524,9,2020,1105.39
1769368735038235136,1925,8,2524,10,2020,3118.84
1769368735038235136,1925,8,2524,11,2020,8892.28
1769368735038235136,1925,8,2524,12,2020,5330.06
1771575913546463232,5862,3,68299,1,2020,-1426.28
1771575913546463232,5862,3,68299,2,2020,-432.93
1771575913546463232,5862,3,68299,3,2020,-2952.57
1771575913546463232,5862,3,68299,4,2020,-5745.81
1771575913546463232,5862,3,68299,5,2020,-11475.08
1771575913546463232,5862,3,68299,6,2020,-16215.43
1771575913546463232,5862,3,68299,7,2020,-21624.6
1771575913546463232,5862,3,68299,8,2020,-11965.07
1771575913546463232,5862,3,68299,9,2020,-12243.77
1771575913546463232,5862,3,68299,10,2020,-4772.56
1771575913546463232,5862,3,68299,11,2020,-7004.42
1771575913546463232,5862,3,68299,12,2020,-11711.84
1772826018266408192,5371,7,72740,1,2020,6896.81
1772826018266408192,5371,7,72740,2,2020,3363.98
1772826018266408192,5371,7,72740,3,2020,2851.52
1772826018266408192,5371,7,72740,4,2020,-2068.39
1772826018266408192,5371,7,72740,5,2020,-5491.29
1772826018266408192,5371,7,72740,6,2020,-2642.97
1772826018266408192,5371,7,72740,7,2020,2330.16
1772826018266408192,5371,7,72740,8,2020,2517.9
1772826018266408192,5371,7,72740,9,2020,3791.26
1772826018266408192,5371,7,72740,10,2020,5905.46
1772826018266408192,5371,7,72740,11,2020,5935.98
1772826018266408192,5371,7,72740,12,2020,5387.42
177287887246077696,1181,1,67068,1,2020,1013.04
177287887246077696,1181,1,67068,2,2020,3781.88
177287887246077696,1181,1,67068,3,2020,1588.24
177287887246077696,1181,1,67068,4,2020,-1431.25
177287887246077696,1181,1,67068,5,2020,-473.97
177287887246077696,1181,1,67068,6,2020,4643.99
177287887246077696,1181,1,67068,7,2020,431.08
177287887246077696,1181,1,67068,8,2020,3809.03
177287887246077696,1181,1,67068,9,2020,170.29
177287887246077696,1181,1,67068,10,2020,2585.81
177287887246077696,1181,1,67068,11,2020,1378.81
177287887246077696,1181,1,67068,12,2020,3736.13
1773172367794700288,3568,2,30073,1,2020,4804.12
1773172367794700288,3568,2,30073,2,2020,6088.91
1773172367794700288,3568,2,30073,3,2020,4424.09
1773172367794700288,3568,2,30073,4,2020,934.67
1773172367794700288,3568,2,30073,5,2020,3611.81
1773172367794700288,3568,2,30073,6,2020,4446.92
1773172367794700288,3568,2,30073,7,2020,4856.39
1773172367794700288,3568,2,30073,8,2020,4105.74
1773172367794700288,3568,2,30073,9,2020,8146.67
1773172367794700288,3568,2,30073,10,2020,6864.22
1773172367794700288,3568,2,30073,11,2020,5545.85
1773172367794700288,3568,2,30073,12,2020,5713.96
1773340765386551808,4620,6,63388,1,2020,-6635.18
1773340765386551808,4620,6,63388,2,2020,-9599.48
1773340765386551808,4620,6,63388,3,2020,-11483.36
1773340765386551808,4620,6,63388,4,2020,-11428.8
1773340765386551808,4620,6,63388,5,2020,-13121.35
1773340765386551808,4620,6,63388,6,2020,-15570.22
1773340765386551808,4620,6,63388,7,2020,-21524.39
1773340765386551808,4620,6,63388,8,2020,-21090.41
1773340765386551808,4620,6,63388,9,2020,-18104.74
1773340765386551808,4620,6,63388,10,2020,-11949.54
1773340765386551808,4620,6,63388,11,2020,-16233.56
1773340765386551808,4620,6,63388,12,2020,-17935.42
1774901771851541760,4683,4,47619,1,2020,-548.0
1774901771851541760,4683,4,47619,2,2020,-2642.19
1774901771851541760,4683,4,47619,3,2020,-2642.19
1774901771851541760,4683,4,47619,4,2020,-2642.19
1774901771851541760,4683,4,47619,5,2020,-2642.19
1774901771851541760,4683,4,47619,6,2020,-2642.19
1774901771851541760,4683,4,47619,7,2020,-2642.19
1774901771851541760,4683,4,47619,8,2020,-2642.19
1774901771851541760,4683,4,47619,9,2020,-1843.33
1774901771851541760,4683,4,47619,10,2020,-3550.31
1774901771851541760,4683,4,47619,11,2020,-3662.52
1774901771851541760,4683,4,47619,12,2020,-3662.52
1775336270397537280,5246,8,63000,1,2020,2832.44
1775336270397537280,5246,8,63000,2,2020,-1009.4
1775336270397537280,5246,8,63000,3,2020,2386.05
1775336270397537280,5246,8,63000,4,2020,-1912.49
1775336270397537280,5246,8,63000,5,2020,-352.89
1775336270397537280,5246,8,63000,6,2020,2320.49
1775336270397537280,5246,8,63000,7,2020,9709.01
1775336270397537280,5246,8,63000,8,2020,6360.91
1775336270397537280,5246,8,63000,9,2020,4121.52
1775336270397537280,5246,8,63000,10,2020,-2586.33
1775336270397537280,5246,8,63000,11,2020,-6807.61
1775336270397537280,5246,8,63000,12,2020,-6882.95
1777340188857756672,3960,2,1743,1,2020,129.62
1777340188857756672,3960,2,1743,2,2020,5095.83
1777340188857756672,3960,2,1743,3,2020,-1735.0
1777340188857756672,3960,2,1743,4,2020,-4453.2
1777340188857756672,3960,2,1743,5,2020,4228.25
1777340188857756672,3960,2,1743,6,2020,5243.1
1777340188857756672,3960,2,1743,7,2020,-5805.18
1777340188857756672,3960,2,1743,8,2020,-4935.17
1777340188857756672,3960,2,1743,9,2020,-6231.66
1777340188857756672,3960,2,1743,10,2020,-21.83
1777340188857756672,3960,2,1743,11,2020,2391.4
1777340188857756672,3960,2,1743,12,2020,-6472.89
1779605608609878784,5205,4,37663,1,2020,-5438.9
1779605608609878784,5205,4,37663,2,2020,-16606.87
1779605608609878784,5205,4,37663,3,2020,-17561.03
1779605608609878784,5205,4,37663,4,2020,-23167.7
1779605608609878784,5205,4,37663,5,2020,-25047.75
1779605608609878784,5205,4,37663,6,2020,-24644.23
1779605608609878784,5205,4,37663,7,2020,-19418.25
1779605608609878784,5205,4,37663,8,2020,-9213.93
1779605608609878784,5205,4,37663,9,2020,-2402.06
1779605608609878784,5205,4,37663,10,2020,-179.87
1779605608609878784,5205,4,37663,11,2020,-1243.31
1779605608609878784,5205,4,37663,12,2020,-61.89
1779939391076306944,3455,0,22975,1,2020,-6091.78
1779939391076306944,3455,0,22975,2,2020,-2353.22
1779939391076306944,3455,0,22975,3,2020,-6363.87
1779939391076306944,3455,0,22975,4,2020,-3520.92
1779939391076306944,3455,0,22975,5,2020,-2958.55
1779939391076306944,3455,0,22975,6,2020,-5459.51
1779939391076306944,3455,0,22975,7,2020,-6676.57
1779939391076306944,3455,0,22975,8,2020,-4695.94
1779939391076306944,3455,0,22975,9,2020,-5081.26
1779939391076306944,3455,0,22975,10,2020,-10557.26
1779939391076306944,3455,0,22975,11,2020,-10408.34
1779939391076306944,3455,0,22975,12,2020,-8581.62
1780566198283901184,2759,7,30832,1,2020,0.0
1780566198283901184,2759,7,30832,2,2020,-55.92
1780566198283901184,2759,7,30832,3,2020,1235.23
1780566198283901184,2759,7,30832,4,2020,1235.23
1780566198283901184,2759,7,30832,5,2020,-305.66
1780566198283901184,2759,7,30832,6,2020,-305.66
1780566198283901184,2759,7,30832,7,2020,-305.66
1780566198283901184,2759,7,30832,8,2020,-305.66
1780566198283901184,2759,7,30832,9,2020,911.35
1780566198283901184,2759,7,30832,10,2020,694.2
1780566198283901184,2759,7,30832,11,2020,404.47
1780566198283901184,2759,7,30832,12,2020,404.47
178066533003927904,1206,5,20426,1,2020,-1720.54
178066533003927904,1206,5,20426,2,2020,547.49
178066533003927904,1206,5,20426,3,2020,-3401.47
178066533003927904,1206,5,20426,4,2020,3121.62
178066533003927904,1206,5,20426,5,2020,-652.59
178066533003927904,1206,5,20426,6,2020,-4293.43
178066533003927904,1206,5,20426,7,2020,-8319.43
178066533003927904,1206,5,20426,8,2020,-19279.07
178066533003927904,1206,5,20426,9,2020,-23023.38
178066533003927904,1206,5,20426,10,2020,-20171.03
178066533003927904,1206,5,20426,11,2020,-22985.96
178066533003927904,1206,5,20426,12,2020,-20281.96
178099128706221440,8997,4,34732,1,2020,238.62
178099128706221440,8997,4,34732,2,2020,-178.23
178099128706221440,8997,4,34732,3,2020,-3794.73
178099128706221440,8997,4,34732,4,2020,-9823.25
178099128706221440,8997,4,34732,5,2020,-1827.19
178099128706221440,8997,4,34732,6,2020,1435.28
178099128706221440,8997,4,34732,7,2020,2328.17
178099128706221440,8997,4,34732,8,2020,743.79
178099128706221440,8997,4,34732,9,2020,-2748.09
178099128706221440,8997,4,34732,10,2020,-1118.58
178099128706221440,8997,4,34732,11,2020,7562.15
178099128706221440,8997,4,34732,12,2020,7758.26
178254733220854432,469,6,91990,1,2020,-2476.19
178254733220854432,469,6,91990,2,2020,-8908.68
178254733220854432,469,6,91990,3,2020,-1304.24
