1156076761998805504,8831,7,63543,5,2020,-4757.91
1156076761998805504,8831,7,63543,6,2020,-1884.76
1156076761998805504,8831,7,63543,7,2020,-2138.67
1156076761998805504,8831,7,63543,8,2020,-7077.29
1156076761998805504,8831,7,63543,9,2020,-8737.02
1156076761998805504,8831,7,63543,10,2020,-5898.36
1156076761998805504,8831,7,63543,11,2020,-5221.29
1156076761998805504,8831,7,63543,12,2020,-8057.29
1156772845794232832,3044,5,209,1,2020,1130.1
1156772845794232832,3044,5,209,2,2020,4550.15
1156772845794232832,3044,5,209,3,2020,4107.53
1156772845794232832,3044,5,209,4,2020,6534.0
1156772845794232832,3044,5,209,5,2020,7990.23
1156772845794232832,3044,5,209,6,2020,10204.28
1156772845794232832,3044,5,209,7,2020,2830.53
1156772845794232832,3044,5,209,8,2020,3912.83
1156772845794232832,3044,5,209,9,2020,3085.54
1156772845794232832,3044,5,209,10,2020,1477.16
1156772845794232832,3044,5,209,11,2020,3552.45
1156772845794232832,3044,5,209,12,2020,4429.7
1157119775477140224,9351,4,68415,1,2020,884.66
1157119775477140224,9351,4,68415,2,2020,7696.3
1157119775477140224,9351,4,68415,3,2020,4726.34
1157119775477140224,9351,4,68415,4,2020,3697.42
1157119775477140224,9351,4,68415,5,2020,4082.18
1157119775477140224,9351,4,68415,6,2020,4983.78
1157119775477140224,9351,4,68415,7,2020,1506.69
1157119775477140224,9351,4,68415,8,2020,247.75
1157119775477140224,9351,4,68415,9,2020,-1916.36
1157119775477140224,9351,4,68415,10,2020,-4713.51
1157119775477140224,9351,4,68415,11,2020,-8177.34
1157119775477140224,9351,4,68415,12,2020,-11601.61
1158006953795349504,9681,9,6784,1,2020,-2138.88
1158006953795349504,9681,9,6784,2,2020,-2327.11
1158006953795349504,9681,9,6784,3,2020,-2493.48
1158006953795349504,9681,9,6784,4,2020,-2493.48
1158006953795349504,9681,9,6784,5,2020,-3504.5
1158006953795349504,9681,9,6784,6,2020,-3504.5
1158006953795349504,9681,9,6784,7,2020,-5482.53
1158006953795349504,9681,9,6784,8,2020,-5028.12
1158006953795349504,9681,9,6784,9,2020,-4225.99
1158006953795349504,9681,9,6784,10,2020,-1576.15
1158006953795349504,9681,9,6784,11,2020,-4141.34
1158006953795349504,9681,9,6784,12,2020,-4181.24
1158262855792564480,4190,5,2104,1,2020,-317.72
1158262855792564480,4190,5,2104,2,2020,4226.7
1158262855792564480,4190,5,2104,3,2020,-90.57
1158262855792564480,4190,5,2104,4,2020,-5726.29
1158262855792564480,4190,5,2104,5,2020,-6084.19
1158262855792564480,4190,5,2104,6,2020,-6289.41
1158262855792564480,4190,5,2104,7,2020,-5002.6
1158262855792564480,4190,5,2104,8,2020,-8241.53
1158262855792564480,4190,5,2104,9,2020,-8496.2
1158262855792564480,4190,5,2104,10,2020,-10687.73
1158262855792564480,4190,5,2104,11,2020,-9439.59
1158262855792564480,4190,5,2104,12,2020,-5989.7
1158945660897203968,3749,6,2994,1,2020,7642.37
1158945660897203968,3749,6,2994,2,2020,4425.1
1158945660897203968,3749,6,2994,3,2020,15780.28
1158945660897203968,3749,6,2994,4,2020,19309.88
1158945660897203968,3749,6,2994,5,2020,28553.53
1158945660897203968,3749,6,2994,6,2020,29712.47
1158945660897203968,3749,6,2994,7,2020,28464.74
1158945660897203968,3749,6,2994,8,2020,25594.96
1158945660897203968,3749,6,2994,9,2020,27282.62
1158945660897203968,3749,6,2994,10,2020,32052.87
1158945660897203968,3749,6,2994,11,2020,28659.09
1158945660897203968,3749,6,2994,12,2020,24982.4
1159330086767907840,1531,1,37339,1,2020,0.0
1159330086767907840,1531,1,37339,2,2020,0.0
1159330086767907840,1531,1,37339,3,2020,694.05
1159330086767907840,1531,1,37339,4,2020,-854.54
1159330086767907840,1531,1,37339,5,2020,-854.54
1159330086767907840,1531,1,37339,6,2020,315.22
1159330086767907840,1531,1,37339,7,2020,794.87
1159330086767907840,1531,1,37339,8,2020,4988.03
1159330086767907840,1531,1,37339,9,2020,4988.03
1159330086767907840,1531,1,37339,10,2020,3016.56
1159330086767907840,1531,1,37339,11,2020,3593.94
1159330086767907840,1531,1,37339,12,2020,1333.21
1159366850877460736,8955,2,82947,1,2020,-1509.45
1159366850877460736,8955,2,82947,2,2020,9140.62
1159366850877460736,8955,2,82947,3,2020,2938.28
1159366850877460736,8955,2,82947,4,2020,9315.69
1159366850877460736,8955,2,82947,5,2020,21325.82
1159366850877460736,8955,2,82947,6,2020,20376.96
1159366850877460736,8955,2,82947,7,2020,26262.38
1159366850877460736,8955,2,82947,8,2020,30506.78
1159366850877460736,8955,2,82947,9,2020,37836.12
1159366850877460736,8955,2,82947,10,2020,40046.49
1159366850877460736,8955,2,82947,11,2020,38992.7
1159366850877460736,8955,2,82947,12,2020,39203.44
115941320519204784,2519,9,83304,1,2020,1970.94
115941320519204784,2519,9,83304,2,2020,214.0
115941320519204784,2519,9,83304,3,2020,-808.31
115941320519204784,2519,9,83304,4,2020,-3187.22
115941320519204784,2519,9,83304,5,2020,-832.06
115941320519204784,2519,9,83304,6,2020,-1898.53
115941320519204784,2519,9,83304,7,2020,-2878.67
115941320519204784,2519,9,83304,8,2020,-6425.56
115941320519204784,2519,9,83304,9,2020,-8439.91
115941320519204784,2519,9,83304,10,2020,-9381.1
115941320519204784,2519,9,83304,11,2020,-9259.14
115941320519204784,2519,9,83304,12,2020,-9132.3
1159551567029026304,755,1,36722,1,2020,1284.84
1159551567029026304,755,1,36722,2,2020,-3267.73
1159551567029026304,755,1,36722,3,2020,6546.83
1159551567029026304,755,1,36722,4,2020,6765.65
1159551567029026304,755,1,36722,5,2020,1325.39
1159551567029026304,755,1,36722,6,2020,3691.52
1159551567029026304,755,1,36722,7,2020,9529.41
1159551567029026304,755,1,36722,8,2020,4240.95
1159551567029026304,755,1,36722,9,2020,4965.29
1159551567029026304,755,1,36722,10,2020,8228.09
1159551567029026304,755,1,36722,11,2020,788.68
1159551567029026304,755,1,36722,12,2020,3091.33
1161219940642378240,3080,0,75043,1,2020,4780.98
1161219940642378240,3080,0,75043,2,2020,11850.95
1161219940642378240,3080,0,75043,3,2020,5935.82
1161219940642378240,3080,0,75043,4,2020,5496.3
1161219940642378240,3080,0,75043,5,2020,3667.52
1161219940642378240,3080,0,75043,6,2020,3164.13
1161219940642378240,3080,0,75043,7,2020,5458.7
1161219940642378240,3080,0,75043,8,2020,3624.81
1161219940642378240,3080,0,75043,9,2020,5866.34
1161219940642378240,3080,0,75043,10,2020,5769.92
1161219940642378240,3080,0,75043,11,2020,7636.67
1161219940642378240,3080,0,75043,12,2020,4080.16
1162245146144792576,4667,5,96962,1,2020,0.0
1162245146144792576,4667,5,96962,2,2020,828.61
1162245146144792576,4667,5,96962,3,2020,2773.64
1162245146144792576,4667,5,96962,4,2020,4067.77
1162245146144792576,4667,5,96962,5,2020,5534.11
1162245146144792576,4667,5,96962,6,2020,6093.56
1162245146144792576,4667,5,96962,7,2020,6093.56
1162245146144792576,4667,5,96962,8,2020,6093.56
1162245146144792576,4667,5,96962,9,2020,7722.07
1162245146144792576,4667,5,96962,10,2020,7722.07
1162245146144792576,4667,5,96962,11,2020,7722.07
1162245146144792576,4667,5,96962,12,2020,9437.98
1165422013542530048,789,6,58270,1,2020,5557.04
1165422013542530048,789,6,58270,2,2020,10499.28
1165422013542530048,789,6,58270,3,2020,12382.46
1165422013542530048,789,6,58270,4,2020,3917.56
1165422013542530048,789,6,58270,5,2020,1297.7
1165422013542530048,789,6,58270,6,2020,-3787.34
1165422013542530048,789,6,58270,7,2020,-1125.36
1165422013542530048,789,6,58270,8,2020,-986.39
1165422013542530048,789,6,58270,9,2020,1074.48
1165422013542530048,789,6,58270,10,2020,5706.25
1165422013542530048,789,6,58270,11,2020,7394.4
1165422013542530048,789,6,58270,12,2020,7408.83
1166892296450124288,7887,5,53537,1,2020,-8694.8
1166892296450124288,7887,5,53537,2,2020,-12982.47
1166892296450124288,7887,5,53537,3,2020,-15853.33
1166892296450124288,7887,5,53537,4,2020,-20224.24
1166892296450124288,7887,5,53537,5,2020,-25476.79
1166892296450124288,7887,5,53537,6,2020,-29308.65
1166892296450124288,7887,5,53537,7,2020,-31511.14
1166892296450124288,7887,5,53537,8,2020,-31729.31
1166892296450124288,7887,5,53537,9,2020,-33732.24
1166892296450124288,7887,5,53537,10,2020,-33100.6
1166892296450124288,7887,5,53537,11,2020,-31578.21
1166892296450124288,7887,5,53537,12,2020,-29689.19
1167203371979416064,4298,9,953,1,2020,-3957.67
1167203371979416064,4298,9,953,2,2020,-4647.67
1167203371979416064,4298,9,953,3,2020,-2177.41
1167203371979416064,4298,9,953,4,2020,-5374.08
1167203371979416064,4298,9,953,5,2020,108.73
1167203371979416064,4298,9,953,6,2020,-109.7
1167203371979416064,4298,9,953,7,2020,-3392.13
1167203371979416064,4298,9,953,8,2020,-1294.5
1167203371979416064,4298,9,953,9,2020,-1504.81
1167203371979416064,4298,9,953,10,2020,-960.71
1167203371979416064,4298,9,953,11,2020,3874.03
1167203371979416064,4298,9,953,12,2020,3336.55
116832098447238816,6643,6,30069,1,2020,-3593.09
116832098447238816,6643,6,30069,2,2020,886.75
116832098447238816,6643,6,30069,3,2020,-2560.84
116832098447238816,6643,6,30069,4,2020,-9472.84
116832098447238816,6643,6,30069,5,2020,-7931.36
116832098447238816,6643,6,30069,6,2020,-10952.36
116832098447238816,6643,6,30069,7,2020,-12613.72
116832098447238816,6643,6,30069,8,2020,-6189.84
116832098447238816,6643,6,30069,9,2020,-548.28
116832098447238816,6643,6,30069,10,2020,-3903.37
116832098447238816,6643,6,30069,11,2020,-5027.15
116832098447238816,6643,6,30069,12,2020,-3102.06
1171203017793766656,7319,0,17075,1,2020,828.48
1171203017793766656,7319,0,17075,2,2020,-1608.58
1171203017793766656,7319,0,17075,3,2020,-2135.82
1171203017793766656,7319,0,17075,4,2020,-7593.47
1171203017793766656,7319,0,17075,5,2020,-11996.2
1171203017793766656,7319,0,17075,6,2020,-9330.72
1171203017793766656,7319,0,17075,7,2020,-9517.27
1171203017793766656,7319,0,17075,8,2020,-9381.12
1171203017793766656,7319,0,17075,9,2020,-13359.71
1171203017793766656,7319,0,17075,10,2020,-12620.13
1171203017793766656,7319,0,17075,11,2020,-9941.65
1171203017793766656,7319,0,17075,12,2020,-6271.09
1172031951509287680,8612,0,56152,1,2020,-756.52
1172031951509287680,8612,0,56152,2,2020,-2689.17
1172031951509287680,8612,0,56152,3,2020,1380.48
1172031951509287680,8612,0,56152,4,2020,5423.42
1172031951509287680,8612,0,56152,5,2020,5414.32
1172031951509287680,8612,0,56152,6,2020,9103.32
1172031951509287680,8612,0,56152,7,2020,4860.46
1172031951509287680,8612,0,56152,8,2020,1997.73
1172031951509287680,8612,0,56152,9,2020,1268.68
1172031951509287680,8612,0,56152,10,2020,1855.24
1172031951509287680,8612,0,56152,11,2020,3150.07
1172031951509287680,8612,0,56152,12,2020,3947.96
117282333912587520,1112,4,35388,1,2020,-9661.36
117282333912587520,1112,4,35388,2,2020,-9749.88
117282333912587520,1112,4,35388,3,2020,-10638.2
117282333912587520,1112,4,35388,4,2020,-7390.3
117282333912587520,1112,4,35388,5,2020,-7173.96
117282333912587520,1112,4,35388,6,2020,-9712.79
117282333912587520,1112,4,35388,7,2020,-2585.45
117282333912587520,1112,4,35388,8,2020,-11598.4
117282333912587520,1112,4,35388,9,2020,-15742.41
117282333912587520,1112,4,35388,10,2020,-14855.12
117282333912587520,1112,4,35388,11,2020,-9777.53
117282333912587520,1112,4,35388,12,2020,-1893.88
1173097305793426432,4558,9,95502,1,2020,-3885.95
1173097305793426432,4558,9,95502,2,2020,-3547.31
1173097305793426432,4558,9,95502,3,2020,-8798.13
1173097305793426432,4558,9,95502,4,2020,-8303.81
1173097305793426432,4558,9,95502,5,2020,-13140.0
1173097305793426432,4558,9,95502,6,2020,-11537.53
1173097305793426432,4558,9,95502,7,2020,-14487.92
1173097305793426432,4558,9,95502,8,2020,-13453.29
1173097305793426432,4558,9,95502,9,2020,-9576.58
1173097305793426432,4558,9,95502,10,2020,-10661.4
1173097305793426432,4558,9,95502,11,2020,-12152.01
1173097305793426432,4558,9,95502,12,2020,-10863.43
1173306636433992960,8458,7,10165,1,2020,-3226.96
1173306636433992960,8458,7,10165,2,2020,-1220.66
1173306636433992960,8458,7,10165,3,2020,-2976.52
1173306636433992960,8458,7,10165,4,2020,-4310.98
1173306636433992960,8458,7,10165,5,2020,-6073.28
