2202638589575794944,110,7,15048,3,2020,-15543.05
2202638589575794944,110,7,15048,4,2020,-7929.42
2202638589575794944,110,7,15048,5,2020,-12126.3
2202638589575794944,110,7,15048,6,2020,-9719.44
2202638589575794944,110,7,15048,7,2020,-6241.8
2202638589575794944,110,7,15048,8,2020,-778.31
2202638589575794944,110,7,15048,9,2020,-3837.38
2202638589575794944,110,7,15048,10,2020,-2859.39
2202638589575794944,110,7,15048,11,2020,-2575.11
2202638589575794944,110,7,15048,12,2020,-1067.39
2203479485731741696,1165,3,56221,1,2020,1644.99
2203479485731741696,1165,3,56221,2,2020,3720.44
2203479485731741696,1165,3,56221,3,2020,5056.81
2203479485731741696,1165,3,56221,4,2020,8787.9
2203479485731741696,1165,3,56221,5,2020,17612.63
2203479485731741696,1165,3,56221,6,2020,12240.19
2203479485731741696,1165,3,56221,7,2020,5661.58
2203479485731741696,1165,3,56221,8,2020,8299.78
2203479485731741696,1165,3,56221,9,2020,6550.96
2203479485731741696,1165,3,56221,10,2020,10345.42
2203479485731741696,1165,3,56221,11,2020,10919.09
2203479485731741696,1165,3,56221,12,2020,5269.12
220444232987512352,3278,9,61051,1,2020,2405.0
220444232987512352,3278,9,61051,2,2020,1442.9
220444232987512352,3278,9,61051,3,2020,766.42
220444232987512352,3278,9,61051,4,2020,770.28
220444232987512352,3278,9,61051,5,2020,-97.58
220444232987512352,3278,9,61051,6,2020,-2659.44
220444232987512352,3278,9,61051,7,2020,-1470.15
220444232987512352,3278,9,61051,8,2020,-5384.13
220444232987512352,3278,9,61051,9,2020,-2972.93
220444232987512352,3278,9,61051,10,2020,-7964.74
220444232987512352,3278,9,61051,11,2020,-6164.88
220444232987512352,3278,9,61051,12,2020,-8342.97
2204532748493270272,6618,1,19280,1,2020,1627.17
2204532748493270272,6618,1,19280,2,2020,-1620.36
2204532748493270272,6618,1,19280,3,2020,-3067.23
2204532748493270272,6618,1,19280,4,2020,2474.34
2204532748493270272,6618,1,19280,5,2020,4697.49
2204532748493270272,6618,1,19280,6,2020,200.15
2204532748493270272,6618,1,19280,7,2020,-2224.62
2204532748493270272,6618,1,19280,8,2020,-4499.61
2204532748493270272,6618,1,19280,9,2020,-2742.34
2204532748493270272,6618,1,19280,10,2020,11100.44
2204532748493270272,6618,1,19280,11,2020,9934.71
2204532748493270272,6618,1,19280,12,2020,6105.7
2206151069675144192,8355,6,16593,1,2020,-132.11
2206151069675144192,8355,6,16593,2,2020,-710.08
2206151069675144192,8355,6,16593,3,2020,1412.79
2206151069675144192,8355,6,16593,4,2020,6520.42
2206151069675144192,8355,6,16593,5,2020,4232.1
2206151069675144192,8355,6,16593,6,2020,11693.5
2206151069675144192,8355,6,16593,7,2020,17356.75
2206151069675144192,8355,6,16593,8,2020,15881.55
2206151069675144192,8355,6,16593,9,2020,19628.37
2206151069675144192,8355,6,16593,10,2020,21630.42
2206151069675144192,8355,6,16593,11,2020,15736.19
2206151069675144192,8355,6,16593,12,2020,22935.79
2206566510438400256,2088,7,77211,1,2020,6411.14
2206566510438400256,2088,7,77211,2,2020,6310.49
2206566510438400256,2088,7,77211,3,2020,6860.46
2206566510438400256,2088,7,77211,4,2020,8839.86
2206566510438400256,2088,7,77211,5,2020,5283.69
2206566510438400256,2088,7,77211,6,2020,9029.88
2206566510438400256,2088,7,77211,7,2020,12243.39
2206566510438400256,2088,7,77211,8,2020,11317.72
2206566510438400256,2088,7,77211,9,2020,12022.09
2206566510438400256,2088,7,77211,10,2020,11061.45
2206566510438400256,2088,7,77211,11,2020,11061.45
2206566510438400256,2088,7,77211,12,2020,11017.06
2207020235492051968,4486,7,89091,1,2020,4310.4
2207020235492051968,4486,7,89091,2,2020,11326.47
2207020235492051968,4486,7,89091,3,2020,14875.91
2207020235492051968,4486,7,89091,4,2020,20157.1
2207020235492051968,4486,7,89091,5,2020,21166.79
2207020235492051968,4486,7,89091,6,2020,31425.9
2207020235492051968,4486,7,89091,7,2020,29339.63
2207020235492051968,4486,7,89091,8,2020,22430.6
2207020235492051968,4486,7,89091,9,2020,25845.02
2207020235492051968,4486,7,89091,10,2020,26068.05
2207020235492051968,4486,7,89091,11,2020,27616.84
2207020235492051968,4486,7,89091,12,2020,32412.62
2208136940070074624,6306,1,42816,1,2020,406.9
2208136940070074624,6306,1,42816,2,2020,2428.4
2208136940070074624,6306,1,42816,3,2020,-156.28
2208136940070074624,6306,1,42816,4,2020,137.69
2208136940070074624,6306,1,42816,5,2020,-1752.91
2208136940070074624,6306,1,42816,6,2020,-604.51
2208136940070074624,6306,1,42816,7,2020,612.7
2208136940070074624,6306,1,42816,8,2020,-1749.99
2208136940070074624,6306,1,42816,9,2020,-852.34
2208136940070074624,6306,1,42816,10,2020,866.4
2208136940070074624,6306,1,42816,11,2020,36.47
2208136940070074624,6306,1,42816,12,2020,1977.95
2209295257158338048,3614,9,81690,1,2020,0.0
2209295257158338048,3614,9,81690,2,2020,0.0
2209295257158338048,3614,9,81690,3,2020,0.0
2209295257158338048,3614,9,81690,4,2020,0.0
2209295257158338048,3614,9,81690,5,2020,3639.65
2209295257158338048,3614,9,81690,6,2020,4916.76
2209295257158338048,3614,9,81690,7,2020,4916.76
2209295257158338048,3614,9,81690,8,2020,7503.89
2209295257158338048,3614,9,81690,9,2020,7503.89
2209295257158338048,3614,9,81690,10,2020,7503.89
2209295257158338048,3614,9,81690,11,2020,7503.89
2209295257158338048,3614,9,81690,12,2020,7503.89
2210751711588044288,6490,4,78557,1,2020,-8067.86
2210751711588044288,6490,4,78557,2,2020,-1435.66
2210751711588044288,6490,4,78557,3,2020,1526.39
2210751711588044288,6490,4,78557,4,2020,1422.6
2210751711588044288,6490,4,78557,5,2020,3495.22
2210751711588044288,6490,4,78557,6,2020,-707.62
2210751711588044288,6490,4,78557,7,2020,2630.48
2210751711588044288,6490,4,78557,8,2020,-6978.21
2210751711588044288,6490,4,78557,9,2020,-6119.44
2210751711588044288,6490,4,78557,10,2020,2089.48
2210751711588044288,6490,4,78557,11,2020,-1512.49
2210751711588044288,6490,4,78557,12,2020,-2048.86
2210849036922171136,5509,5,51059,1,2020,1683.72
2210849036922171136,5509,5,51059,2,2020,1683.72
2210849036922171136,5509,5,51059,3,2020,3305.11
2210849036922171136,5509,5,51059,4,2020,3305.11
2210849036922171136,5509,5,51059,5,2020,3305.11
2210849036922171136,5509,5,51059,6,2020,3305.11
2210849036922171136,5509,5,51059,7,2020,3305.11
2210849036922171136,5509,5,51059,8,2020,1872.42
2210849036922171136,5509,5,51059,9,2020,1845.77
2210849036922171136,5509,5,51059,10,2020,1845.77
2210849036922171136,5509,5,51059,11,2020,1845.77
2210849036922171136,5509,5,51059,12,2020,2600.81
221139396845409280,878,0,54209,1,2020,1023.46
221139396845409280,878,0,54209,2,2020,1023.46
221139396845409280,878,0,54209,3,2020,2023.68
221139396845409280,878,0,54209,4,2020,2679.26
221139396845409280,878,0,54209,5,2020,2679.26
221139396845409280,878,0,54209,6,2020,1747.98
221139396845409280,878,0,54209,7,2020,2142.44
221139396845409280,878,0,54209,8,2020,2265.7
221139396845409280,878,0,54209,9,2020,1547.39
221139396845409280,878,0,54209,10,2020,1547.39
221139396845409280,878,0,54209,11,2020,4172.3
221139396845409280,878,0,54209,12,2020,2467.74
2212853929898049280,2591,9,71499,1,2020,-84.77
2212853929898049280,2591,9,71499,2,2020,-2243.31
2212853929898049280,2591,9,71499,3,2020,1621.04
2212853929898049280,2591,9,71499,4,2020,2436.0
2212853929898049280,2591,9,71499,5,2020,-2744.45
2212853929898049280,2591,9,71499,6,2020,-6770.15
2212853929898049280,2591,9,71499,7,2020,-6944.13
2212853929898049280,2591,9,71499,8,2020,-6007.32
2212853929898049280,2591,9,71499,9,2020,-9815.87
2212853929898049280,2591,9,71499,10,2020,-12821.89
2212853929898049280,2591,9,71499,11,2020,-8283.95
2212853929898049280,2591,9,71499,12,2020,-7360.26
2213562073001345536,2503,2,70752,1,2020,579.15
2213562073001345536,2503,2,70752,2,2020,5949.24
2213562073001345536,2503,2,70752,3,2020,7884.53
2213562073001345536,2503,2,70752,4,2020,8204.6
2213562073001345536,2503,2,70752,5,2020,3579.51
2213562073001345536,2503,2,70752,6,2020,4882.22
2213562073001345536,2503,2,70752,7,2020,6631.64
2213562073001345536,2503,2,70752,8,2020,5206.62
2213562073001345536,2503,2,70752,9,2020,9297.44
2213562073001345536,2503,2,70752,10,2020,8773.36
2213562073001345536,2503,2,70752,11,2020,11427.73
2213562073001345536,2503,2,70752,12,2020,7616.04
2214434589992021248,2145,3,46137,1,2020,-1086.87
2214434589992021248,2145,3,46137,2,2020,687.51
2214434589992021248,2145,3,46137,3,2020,7818.57
2214434589992021248,2145,3,46137,4,2020,4528.48
2214434589992021248,2145,3,46137,5,2020,7253.06
2214434589992021248,2145,3,46137,6,2020,8568.35
2214434589992021248,2145,3,46137,7,2020,12828.89
2214434589992021248,2145,3,46137,8,2020,8684.84
2214434589992021248,2145,3,46137,9,2020,10349.68
2214434589992021248,2145,3,46137,10,2020,7630.59
2214434589992021248,2145,3,46137,11,2020,6748.47
2214434589992021248,2145,3,46137,12,2020,12945.58
2214613405832631040,3170,9,12740,1,2020,-1263.3
2214613405832631040,3170,9,12740,2,2020,3271.95
2214613405832631040,3170,9,12740,3,2020,-729.23
2214613405832631040,3170,9,12740,4,2020,-1649.04
2214613405832631040,3170,9,12740,5,2020,-2942.81
2214613405832631040,3170,9,12740,6,2020,-5554.48
2214613405832631040,3170,9,12740,7,2020,1144.08
2214613405832631040,3170,9,12740,8,2020,-380.68
2214613405832631040,3170,9,12740,9,2020,58.91
2214613405832631040,3170,9,12740,10,2020,-784.0
2214613405832631040,3170,9,12740,11,2020,-3973.87
2214613405832631040,3170,9,12740,12,2020,-9258.61
2218206367459557120,7416,7,41759,1,2020,-4919.03
2218206367459557120,7416,7,41759,2,2020,-6325.19
2218206367459557120,7416,7,41759,3,2020,-8072.9
2218206367459557120,7416,7,41759,4,2020,-8992.43
2218206367459557120,7416,7,41759,5,2020,-15785.4
2218206367459557120,7416,7,41759,6,2020,-16740.06
2218206367459557120,7416,7,41759,7,2020,-25114.91
2218206367459557120,7416,7,41759,8,2020,-25426.9
2218206367459557120,7416,7,41759,9,2020,-13900.88
2218206367459557120,7416,7,41759,10,2020,-14878.59
2218206367459557120,7416,7,41759,11,2020,-18888.2
2218206367459557120,7416,7,41759,12,2020,-20472.09
2219018645804484096,2048,6,69716,1,2020,0.0
2219018645804484096,2048,6,69716,2,2020,-450.72
2219018645804484096,2048,6,69716,3,2020,2248.28
2219018645804484096,2048,6,69716,4,2020,2650.22
2219018645804484096,2048,6,69716,5,2020,2794.77
2219018645804484096,2048,6,69716,6,2020,2533.1
2219018645804484096,2048,6,69716,7,2020,3142.42
2219018645804484096,2048,6,69716,8,2020,1957.58
2219018645804484096,2048,6,69716,9,2020,1957.58
2219018645804484096,2048,6,69716,10,2020,1134.19
2219018645804484096,2048,6,69716,11,2020,1134.19
2219018645804484096,2048,6,69716,12,2020,1134.19
2220547240425455104,9450,3,34839,1,2020,2862.84
2220547240425455104,9450,3,34839,2,2020,3172.81
2220547240425455104,9450,3,34839,3,2020,4625.8
2220547240425455104,9450,3,34839,4,2020,4625.8
2220547240425455104,9450,3,34839,5,2020,4047.97
2220547240425455104,9450,3,34839,6,2020,4923.64
2220547240425455104,9450,3,34839,7,2020,4156.21
2220547240425455104,9450,3,34839,8,2020,579.83
2220547240425455104,9450,3,34839,9,2020,-1234.54
2220547240425455104,9450,3,34839,10,2020,-1572.82
2220547240425455104,9450,3,34839,11,2020,-5224.98
2220547240425455104,9450,3,34839,12,2020,-4538.32
222187109751174208,3808,5,61013,1,2020,-610.67
222187109751174208,3808,5,61013,2,2020,-1692.28
222187109751174208,3808,5,61013,3,2020,-2883.28
222187109751174208,3808,5,61013,4,2020,-2883.28
222187109751174208,3808,5,61013,5,2020,-2883.28
222187109751174208,3808,5,61013,6,2020,-3146.58
222187109751174208,3808,5,61013,7,2020,-3599.83
222187109751174208,3808,5,61013,8,2020,-5102.07
222187109751174208,3808,5,61013,9,2020,-5102.07
222187109751174208,3808,5,61013,10,2020,-6535.09
222187109751174208,3808,5,61013,11,2020,-3896.02
222187109751174208,3808,5,61013,12,2020,-2316.32
2222306161546634752,2147,9,3672,1,2020,2648.42
2222306161546634752,2147,9,3672,2,2020,5631.24
2222306161546634752,2147,9,3672,3,2020,2510.37
2222306161546634752,2147,9,3672,4,2020,8124.73
2222306161546634752,2147,9,3672,5,2020,8587.88
