2256498309837981184,3011,9,81573,5,2020,-2516.93
2256498309837981184,3011,9,81573,6,2020,-723.84
2256498309837981184,3011,9,81573,7,2020,-14771.8
2256498309837981184,3011,9,81573,8,2020,-15490.87
2256498309837981184,3011,9,81573,9,2020,-11700.37
2256498309837981184,3011,9,81573,10,2020,-3524.85
2256498309837981184,3011,9,81573,11,2020,-6529.55
2256498309837981184,3011,9,81573,12,2020,-7610.63
225952738792860992,3172,9,7782,1,2020,1492.06
225952738792860992,3172,9,7782,2,2020,4387.29
225952738792860992,3172,9,7782,3,2020,336.08
225952738792860992,3172,9,7782,4,2020,3326.85
225952738792860992,3172,9,7782,5,2020,2983.98
225952738792860992,3172,9,7782,6,2020,4640.35
225952738792860992,3172,9,7782,7,2020,7580.97
225952738792860992,3172,9,7782,8,2020,5866.39
225952738792860992,3172,9,7782,9,2020,9863.24
225952738792860992,3172,9,7782,10,2020,5537.87
225952738792860992,3172,9,7782,11,2020,-1245.31
225952738792860992,3172,9,7782,12,2020,-5057.0
2259974970550245632,4229,8,66089,1,2020,-904.18
2259974970550245632,4229,8,66089,2,2020,-492.89
2259974970550245632,4229,8,66089,3,2020,-727.1
2259974970550245632,4229,8,66089,4,2020,2364.63
2259974970550245632,4229,8,66089,5,2020,4739.84
2259974970550245632,4229,8,66089,6,2020,8705.83
2259974970550245632,4229,8,66089,7,2020,3994.1
2259974970550245632,4229,8,66089,8,2020,8492.26
2259974970550245632,4229,8,66089,9,2020,10900.37
2259974970550245632,4229,8,66089,10,2020,7759.61
2259974970550245632,4229,8,66089,11,2020,6775.36
2259974970550245632,4229,8,66089,12,2020,7647.6
2261068877213963520,1721,3,6029,1,2020,4780.25
2261068877213963520,1721,3,6029,2,2020,144.35
2261068877213963520,1721,3,6029,3,2020,612.77
2261068877213963520,1721,3,6029,4,2020,1518.07
2261068877213963520,1721,3,6029,5,2020,6481.05
2261068877213963520,1721,3,6029,6,2020,2092.63
2261068877213963520,1721,3,6029,7,2020,-231.03
2261068877213963520,1721,3,6029,8,2020,3355.74
2261068877213963520,1721,3,6029,9,2020,11826.96
2261068877213963520,1721,3,6029,10,2020,19934.32
2261068877213963520,1721,3,6029,11,2020,13679.86
2261068877213963520,1721,3,6029,12,2020,15588.52
2261283041871308288,7406,2,91654,1,2020,-1783.65
2261283041871308288,7406,2,91654,2,2020,1013.1
2261283041871308288,7406,2,91654,3,2020,2381.04
2261283041871308288,7406,2,91654,4,2020,-2207.06
2261283041871308288,7406,2,91654,5,2020,-13256.46
2261283041871308288,7406,2,91654,6,2020,-12142.49
2261283041871308288,7406,2,91654,7,2020,-12690.26
2261283041871308288,7406,2,91654,8,2020,-22657.97
2261283041871308288,7406,2,91654,9,2020,-23602.28
2261283041871308288,7406,2,91654,10,2020,-22012.18
2261283041871308288,7406,2,91654,11,2020,-24364.16
2261283041871308288,7406,2,91654,12,2020,-24341.34
2261915141714190592,1234,4,89190,1,2020,842.97
2261915141714190592,1234,4,89190,2,2020,-4017.47
2261915141714190592,1234,4,89190,3,2020,-3081.47
2261915141714190592,1234,4,89190,4,2020,-835.94
2261915141714190592,1234,4,89190,5,2020,-4175.44
2261915141714190592,1234,4,89190,6,2020,-3891.3
2261915141714190592,1234,4,89190,7,2020,-3703.19
2261915141714190592,1234,4,89190,8,2020,-288.62
2261915141714190592,1234,4,89190,9,2020,-2866.24
2261915141714190592,1234,4,89190,10,2020,-2883.82
2261915141714190592,1234,4,89190,11,2020,-3442.94
2261915141714190592,1234,4,89190,12,2020,2010.92
226289351272946176,1137,5,71723,1,2020,28.67
226289351272946176,1137,5,71723,2,2020,-1205.25
226289351272946176,1137,5,71723,3,2020,-2198.62
226289351272946176,1137,5,71723,4,2020,1191.55
226289351272946176,1137,5,71723,5,2020,1191.55
226289351272946176,1137,5,71723,6,2020,1138.62
226289351272946176,1137,5,71723,7,2020,1780.93
226289351272946176,1137,5,71723,8,2020,13.0
226289351272946176,1137,5,71723,9,2020,158.27
226289351272946176,1137,5,71723,10,2020,495.22
226289351272946176,1137,5,71723,11,2020,3109.97
226289351272946176,1137,5,71723,12,2020,1308.71
2264856513006622720,3178,6,49541,1,2020,2218.77
2264856513006622720,3178,6,49541,2,2020,-2494.29
2264856513006622720,3178,6,49541,3,2020,-4222.59
2264856513006622720,3178,6,49541,4,2020,-2705.22
2264856513006622720,3178,6,49541,5,2020,-4066.03
2264856513006622720,3178,6,49541,6,2020,-1722.43
2264856513006622720,3178,6,49541,7,2020,-726.41
2264856513006622720,3178,6,49541,8,2020,1143.41
2264856513006622720,3178,6,49541,9,2020,46.79
2264856513006622720,3178,6,49541,10,2020,4428.85
2264856513006622720,3178,6,49541,11,2020,7421.29
2264856513006622720,3178,6,49541,12,2020,1209.12
2265483701737460224,4498,3,76786,1,2020,-1268.38
2265483701737460224,4498,3,76786,2,2020,423.9
2265483701737460224,4498,3,76786,3,2020,-199.35
2265483701737460224,4498,3,76786,4,2020,659.99
2265483701737460224,4498,3,76786,5,2020,-79.11
2265483701737460224,4498,3,76786,6,2020,119.72
2265483701737460224,4498,3,76786,7,2020,-1209.85
2265483701737460224,4498,3,76786,8,2020,-5014.83
2265483701737460224,4498,3,76786,9,2020,1747.32
2265483701737460224,4498,3,76786,10,2020,2711.84
2265483701737460224,4498,3,76786,11,2020,5498.4
2265483701737460224,4498,3,76786,12,2020,4253.98
2265616521804652800,687,6,18021,1,2020,-813.15
2265616521804652800,687,6,18021,2,2020,346.29
2265616521804652800,687,6,18021,3,2020,1112.25
2265616521804652800,687,6,18021,4,2020,1114.35
2265616521804652800,687,6,18021,5,2020,5230.39
2265616521804652800,687,6,18021,6,2020,2199.11
2265616521804652800,687,6,18021,7,2020,1100.62
2265616521804652800,687,6,18021,8,2020,-370.9
2265616521804652800,687,6,18021,9,2020,142.18
2265616521804652800,687,6,18021,10,2020,-927.79
2265616521804652800,687,6,18021,11,2020,-1362.79
2265616521804652800,687,6,18021,12,2020,-2317.22
2267829849753998336,287,7,2000,1,2020,4092.95
2267829849753998336,287,7,2000,2,2020,4109.62
2267829849753998336,287,7,2000,3,2020,13733.08
2267829849753998336,287,7,2000,4,2020,5940.81
2267829849753998336,287,7,2000,5,2020,3652.37
2267829849753998336,287,7,2000,6,2020,-3376.97
2267829849753998336,287,7,2000,7,2020,-8917.64
2267829849753998336,287,7,2000,8,2020,-10308.08
2267829849753998336,287,7,2000,9,2020,-12455.35
2267829849753998336,287,7,2000,10,2020,-11339.35
2267829849753998336,287,7,2000,11,2020,-15168.81
2267829849753998336,287,7,2000,12,2020,-20539.52
227004700414053248,851,6,54630,1,2020,1573.12
227004700414053248,851,6,54630,2,2020,-1553.49
227004700414053248,851,6,54630,3,2020,-2636.46
227004700414053248,851,6,54630,4,2020,-3499.16
227004700414053248,851,6,54630,5,2020,-4917.17
227004700414053248,851,6,54630,6,2020,-9115.26
227004700414053248,851,6,54630,7,2020,-11403.7
227004700414053248,851,6,54630,8,2020,-12760.84
227004700414053248,851,6,54630,9,2020,-12927.72
227004700414053248,851,6,54630,10,2020,-9452.06
227004700414053248,851,6,54630,11,2020,-13263.81
227004700414053248,851,6,54630,12,2020,-14040.61
2271287480952041472,4547,7,39252,1,2020,488.74
2271287480952041472,4547,7,39252,2,2020,1753.33
2271287480952041472,4547,7,39252,3,2020,2166.82
2271287480952041472,4547,7,39252,4,2020,2833.49
2271287480952041472,4547,7,39252,5,2020,2589.29
2271287480952041472,4547,7,39252,6,2020,4320.17
2271287480952041472,4547,7,39252,7,2020,2700.57
2271287480952041472,4547,7,39252,8,2020,2066.96
2271287480952041472,4547,7,39252,9,2020,2706.07
2271287480952041472,4547,7,39252,10,2020,1563.89
2271287480952041472,4547,7,39252,11,2020,-965.14
2271287480952041472,4547,7,39252,12,2020,-2411.5
2271652517474498304,2516,8,98439,1,2020,6249.84
2271652517474498304,2516,8,98439,2,2020,4399.01
2271652517474498304,2516,8,98439,3,2020,-462.78
2271652517474498304,2516,8,98439,4,2020,-3270.83
2271652517474498304,2516,8,98439,5,2020,1929.18
2271652517474498304,2516,8,98439,6,2020,679.34
2271652517474498304,2516,8,98439,7,2020,3611.1
2271652517474498304,2516,8,98439,8,2020,4632.84
2271652517474498304,2516,8,98439,9,2020,4809.51
2271652517474498304,2516,8,98439,10,2020,5270.11
2271652517474498304,2516,8,98439,11,2020,-2441.68
2271652517474498304,2516,8,98439,12,2020,-14297.57
2272107761294644736,411,3,36527,1,2020,510.13
2272107761294644736,411,3,36527,2,2020,-631.46
2272107761294644736,411,3,36527,3,2020,-2248.32
2272107761294644736,411,3,36527,4,2020,-3072.63
2272107761294644736,411,3,36527,5,2020,-3543.98
2272107761294644736,411,3,36527,6,2020,-1935.89
2272107761294644736,411,3,36527,7,2020,-2561.07
2272107761294644736,411,3,36527,8,2020,-2678.38
2272107761294644736,411,3,36527,9,2020,-2293.1
2272107761294644736,411,3,36527,10,2020,-1660.56
2272107761294644736,411,3,36527,11,2020,-5775.42
2272107761294644736,411,3,36527,12,2020,-10236.39
2273077190671060224,5162,9,225,1,2020,1298.44
2273077190671060224,5162,9,225,2,2020,2449.7
2273077190671060224,5162,9,225,3,2020,4424.1
2273077190671060224,5162,9,225,4,2020,7252.17
2273077190671060224,5162,9,225,5,2020,8294.37
2273077190671060224,5162,9,225,6,2020,4699.43
2273077190671060224,5162,9,225,7,2020,-1711.73
2273077190671060224,5162,9,225,8,2020,-230.9
2273077190671060224,5162,9,225,9,2020,1464.1
2273077190671060224,5162,9,225,10,2020,110.99
2273077190671060224,5162,9,225,11,2020,-2200.64
2273077190671060224,5162,9,225,12,2020,-127.13
2273481043813736192,3088,9,90579,1,2020,0.0
2273481043813736192,3088,9,90579,2,2020,-927.54
2273481043813736192,3088,9,90579,3,2020,-927.54
2273481043813736192,3088,9,90579,4,2020,-927.54
2273481043813736192,3088,9,90579,5,2020,-13.1
2273481043813736192,3088,9,90579,6,2020,-1555.83
2273481043813736192,3088,9,90579,7,2020,-1334.87
2273481043813736192,3088,9,90579,8,2020,-1334.87
2273481043813736192,3088,9,90579,9,2020,-1361.31
2273481043813736192,3088,9,90579,10,2020,1392.51
2273481043813736192,3088,9,90579,11,2020,1392.51
2273481043813736192,3088,9,90579,12,2020,1392.51
2274904162734302464,7616,5,51227,1,2020,-5833.85
2274904162734302464,7616,5,51227,2,2020,-5649.36
2274904162734302464,7616,5,51227,3,2020,-8807.27
2274904162734302464,7616,5,51227,4,2020,-1923.85
2274904162734302464,7616,5,51227,5,2020,695.88
2274904162734302464,7616,5,51227,6,2020,-5920.33
2274904162734302464,7616,5,51227,7,2020,-1061.98
2274904162734302464,7616,5,51227,8,2020,1143.4
2274904162734302464,7616,5,51227,9,2020,-1080.33
2274904162734302464,7616,5,51227,10,2020,3626.6
2274904162734302464,7616,5,51227,11,2020,2341.12
2274904162734302464,7616,5,51227,12,2020,1916.3
2277995406393602304,1465,4,27460,1,2020,2215.02
2277995406393602304,1465,4,27460,2,2020,1456.45
2277995406393602304,1465,4,27460,3,2020,1456.45
2277995406393602304,1465,4,27460,4,2020,1456.45
2277995406393602304,1465,4,27460,5,2020,2221.78
2277995406393602304,1465,4,27460,6,2020,1187.36
2277995406393602304,1465,4,27460,7,2020,3526.78
2277995406393602304,1465,4,27460,8,2020,3133.1
2277995406393602304,1465,4,27460,9,2020,2198.16
2277995406393602304,1465,4,27460,10,2020,-1477.17
2277995406393602304,1465,4,27460,11,2020,-1102.39
2277995406393602304,1465,4,27460,12,2020,-4778.4
2280009194424209920,2928,1,92173,1,2020,2495.68
2280009194424209920,2928,1,92173,2,2020,-7387.54
2280009194424209920,2928,1,92173,3,2020,-10554.03
2280009194424209920,2928,1,92173,4,2020,-2885.2
2280009194424209920,2928,1,92173,5,2020,-2719.89
2280009194424209920,2928,1,92173,6,2020,-3050.17
2280009194424209920,2928,1,92173,7,2020,-2025.15
2280009194424209920,2928,1,92173,8,2020,-1943.5
2280009194424209920,2928,1,92173,9,2020,822.46
2280009194424209920,2928,1,92173,10,2020,-1439.95
2280009194424209920,2928,1,92173,11,2020,-3951.81
2280009194424209920,2928,1,92173,12,2020,-5380.7
228065570433614496,946,4,89661,1,2020,2702.23
228065570433614496,946,4,89661,2,2020,3496.94
228065570433614496,946,4,89661,3,2020,-589.46
