1841904585328310784,4488,0,17736,8,2020,-1869.38
1841904585328310784,4488,0,17736,9,2020,1370.74
1841904585328310784,4488,0,17736,10,2020,-1644.32
1841904585328310784,4488,0,17736,11,2020,1406.75
1841904585328310784,4488,0,17736,12,2020,2879.8
1843831895966926848,6501,0,95746,1,2020,-1951.57
1843831895966926848,6501,0,95746,2,2020,-1849.3
1843831895966926848,6501,0,95746,3,2020,-7677.87
1843831895966926848,6501,0,95746,4,2020,-7367.04
1843831895966926848,6501,0,95746,5,2020,-2685.5
1843831895966926848,6501,0,95746,6,2020,-8156.03
1843831895966926848,6501,0,95746,7,2020,-12269.32
1843831895966926848,6501,0,95746,8,2020,-14145.79
1843831895966926848,6501,0,95746,9,2020,-14952.23
1843831895966926848,6501,0,95746,10,2020,-13745.35
1843831895966926848,6501,0,95746,11,2020,-12156.82
1843831895966926848,6501,0,95746,12,2020,-6171.1
1843937473028967168,2078,4,66179,1,2020,3974.36
1843937473028967168,2078,4,66179,2,2020,5056.15
1843937473028967168,2078,4,66179,3,2020,14284.78
1843937473028967168,2078,4,66179,4,2020,16987.18
1843937473028967168,2078,4,66179,5,2020,12481.02
1843937473028967168,2078,4,66179,6,2020,10675.24
1843937473028967168,2078,4,66179,7,2020,16168.27
1843937473028967168,2078,4,66179,8,2020,19473.98
1843937473028967168,2078,4,66179,9,2020,20421.93
1843937473028967168,2078,4,66179,10,2020,21428.94
1843937473028967168,2078,4,66179,11,2020,26425.63
1843937473028967168,2078,4,66179,12,2020,33241.59
184538082930537024,6607,0,907,1,2020,216.26
184538082930537024,6607,0,907,2,2020,2997.28
184538082930537024,6607,0,907,3,2020,3851.42
184538082930537024,6607,0,907,4,2020,4506.63
184538082930537024,6607,0,907,5,2020,14325.05
184538082930537024,6607,0,907,6,2020,13563.0
184538082930537024,6607,0,907,7,2020,15915.68
184538082930537024,6607,0,907,8,2020,10779.74
184538082930537024,6607,0,907,9,2020,13828.6
184538082930537024,6607,0,907,10,2020,17288.98
184538082930537024,6607,0,907,11,2020,13680.13
184538082930537024,6607,0,907,12,2020,16589.4
1846090640579972608,6951,2,7697,1,2020,-134.0
1846090640579972608,6951,2,7697,2,2020,-723.11
1846090640579972608,6951,2,7697,3,2020,168.91
1846090640579972608,6951,2,7697,4,2020,1399.05
1846090640579972608,6951,2,7697,5,2020,-357.22
1846090640579972608,6951,2,7697,6,2020,2314.46
1846090640579972608,6951,2,7697,7,2020,8191.95
1846090640579972608,6951,2,7697,8,2020,3501.53
1846090640579972608,6951,2,7697,9,2020,-2678.1
1846090640579972608,6951,2,7697,10,2020,-3663.81
1846090640579972608,6951,2,7697,11,2020,-8902.16
1846090640579972608,6951,2,7697,12,2020,-2273.82
1846377350311209984,6362,7,84537,1,2020,1412.38
1846377350311209984,6362,7,84537,2,2020,1269.72
1846377350311209984,6362,7,84537,3,2020,2425.92
1846377350311209984,6362,7,84537,4,2020,755.84
1846377350311209984,6362,7,84537,5,2020,755.84
1846377350311209984,6362,7,84537,6,2020,755.84
1846377350311209984,6362,7,84537,7,2020,755.84
1846377350311209984,6362,7,84537,8,2020,-1592.33
1846377350311209984,6362,7,84537,9,2020,-2797.68
1846377350311209984,6362,7,84537,10,2020,-2854.16
1846377350311209984,6362,7,84537,11,2020,-2854.16
1846377350311209984,6362,7,84537,12,2020,-1349.89
1847199301860788992,4991,1,38005,1,2020,-4878.53
1847199301860788992,4991,1,38005,2,2020,-8405.36
1847199301860788992,4991,1,38005,3,2020,-7444.43
1847199301860788992,4991,1,38005,4,2020,-4288.31
1847199301860788992,4991,1,38005,5,2020,-3644.07
1847199301860788992,4991,1,38005,6,2020,-10667.47
1847199301860788992,4991,1,38005,7,2020,-11920.55
1847199301860788992,4991,1,38005,8,2020,-15160.66
1847199301860788992,4991,1,38005,9,2020,-14722.72
1847199301860788992,4991,1,38005,10,2020,-13417.1
1847199301860788992,4991,1,38005,11,2020,-11978.21
1847199301860788992,4991,1,38005,12,2020,-7872.46
1847271750210884608,2757,1,81006,1,2020,-13340.89
1847271750210884608,2757,1,81006,2,2020,-6729.16
1847271750210884608,2757,1,81006,3,2020,-9142.63
1847271750210884608,2757,1,81006,4,2020,-16657.7
1847271750210884608,2757,1,81006,5,2020,-20120.52
1847271750210884608,2757,1,81006,6,2020,-25095.53
1847271750210884608,2757,1,81006,7,2020,-24993.91
1847271750210884608,2757,1,81006,8,2020,-20242.93
1847271750210884608,2757,1,81006,9,2020,-23657.67
1847271750210884608,2757,1,81006,10,2020,-12560.4
1847271750210884608,2757,1,81006,11,2020,-7561.01
1847271750210884608,2757,1,81006,12,2020,-11508.74
1847745078605213696,204,1,45209,1,2020,4034.35
1847745078605213696,204,1,45209,2,2020,-313.48
1847745078605213696,204,1,45209,3,2020,656.03
1847745078605213696,204,1,45209,4,2020,681.84
1847745078605213696,204,1,45209,5,2020,-2264.09
1847745078605213696,204,1,45209,6,2020,-3313.6
1847745078605213696,204,1,45209,7,2020,-3490.05
1847745078605213696,204,1,45209,8,2020,799.83
1847745078605213696,204,1,45209,9,2020,-2603.26
1847745078605213696,204,1,45209,10,2020,-6638.95
1847745078605213696,204,1,45209,11,2020,-2828.76
1847745078605213696,204,1,45209,12,2020,-5603.4
1848052712008400128,9143,7,87695,1,2020,4535.69
1848052712008400128,9143,7,87695,2,2020,7051.28
1848052712008400128,9143,7,87695,3,2020,3861.5
1848052712008400128,9143,7,87695,4,2020,6485.63
1848052712008400128,9143,7,87695,5,2020,5787.86
1848052712008400128,9143,7,87695,6,2020,5695.44
1848052712008400128,9143,7,87695,7,2020,9359.15
1848052712008400128,9143,7,87695,8,2020,12928.52
1848052712008400128,9143,7,87695,9,2020,9178.14
1848052712008400128,9143,7,87695,10,2020,8319.54
1848052712008400128,9143,7,87695,11,2020,7827.24
1848052712008400128,9143,7,87695,12,2020,2166.38
1849248919381547776,5734,5,30173,1,2020,-6568.32
1849248919381547776,5734,5,30173,2,2020,-8965.89
1849248919381547776,5734,5,30173,3,2020,-13895.43
1849248919381547776,5734,5,30173,4,2020,-15325.05
1849248919381547776,5734,5,30173,5,2020,-8288.75
1849248919381547776,5734,5,30173,6,2020,-7945.27
1849248919381547776,5734,5,30173,7,2020,-8062.83
1849248919381547776,5734,5,30173,8,2020,-6959.18
1849248919381547776,5734,5,30173,9,2020,-4664.09
1849248919381547776,5734,5,30173,10,2020,-3509.84
1849248919381547776,5734,5,30173,11,2020,-3227.81
1849248919381547776,5734,5,30173,12,2020,-3743.5
1849686075603117568,4938,9,68177,1,2020,-5650.0
1849686075603117568,4938,9,68177,2,2020,-5050.22
1849686075603117568,4938,9,68177,3,2020,-1826.84
1849686075603117568,4938,9,68177,4,2020,-285.75
1849686075603117568,4938,9,68177,5,2020,3043.5
1849686075603117568,4938,9,68177,6,2020,8927.47
1849686075603117568,4938,9,68177,7,2020,11192.07
1849686075603117568,4938,9,68177,8,2020,17762.4
1849686075603117568,4938,9,68177,9,2020,19396.74
1849686075603117568,4938,9,68177,10,2020,14712.65
1849686075603117568,4938,9,68177,11,2020,14850.66
1849686075603117568,4938,9,68177,12,2020,7116.4
1850041151863770880,9151,9,23495,1,2020,734.49
1850041151863770880,9151,9,23495,2,2020,1820.83
1850041151863770880,9151,9,23495,3,2020,1487.79
1850041151863770880,9151,9,23495,4,2020,3162.27
1850041151863770880,9151,9,23495,5,2020,9056.55
1850041151863770880,9151,9,23495,6,2020,13567.93
1850041151863770880,9151,9,23495,7,2020,9340.38
1850041151863770880,9151,9,23495,8,2020,9466.02
1850041151863770880,9151,9,23495,9,2020,6657.71
1850041151863770880,9151,9,23495,10,2020,5525.26
1850041151863770880,9151,9,23495,11,2020,3545.18
1850041151863770880,9151,9,23495,12,2020,8959.99
1850741418856069376,4695,1,59209,1,2020,-2015.68
1850741418856069376,4695,1,59209,2,2020,-8663.82
1850741418856069376,4695,1,59209,3,2020,-18281.29
1850741418856069376,4695,1,59209,4,2020,-25087.47
1850741418856069376,4695,1,59209,5,2020,-21748.36
1850741418856069376,4695,1,59209,6,2020,-26688.8
1850741418856069376,4695,1,59209,7,2020,-31632.03
1850741418856069376,4695,1,59209,8,2020,-39577.83
1850741418856069376,4695,1,59209,9,2020,-40238.53
1850741418856069376,4695,1,59209,10,2020,-36092.66
1850741418856069376,4695,1,59209,11,2020,-30349.14
1850741418856069376,4695,1,59209,12,2020,-26741.0
1851937866162789376,4444,4,49284,1,2020,1528.68
1851937866162789376,4444,4,49284,2,2020,7685.75
1851937866162789376,4444,4,49284,3,2020,10510.52
1851937866162789376,4444,4,49284,4,2020,12739.48
1851937866162789376,4444,4,49284,5,2020,14573.0
1851937866162789376,4444,4,49284,6,2020,11960.28
1851937866162789376,4444,4,49284,7,2020,12263.15
1851937866162789376,4444,4,49284,8,2020,10168.86
1851937866162789376,4444,4,49284,9,2020,18889.07
1851937866162789376,4444,4,49284,10,2020,19422.57
1851937866162789376,4444,4,49284,11,2020,21013.16
1851937866162789376,4444,4,49284,12,2020,21233.13
1853664499592411648,3835,7,54008,1,2020,5210.53
1853664499592411648,3835,7,54008,2,2020,3274.4
1853664499592411648,3835,7,54008,3,2020,5503.48
1853664499592411648,3835,7,54008,4,2020,2606.74
1853664499592411648,3835,7,54008,5,2020,4077.44
1853664499592411648,3835,7,54008,6,2020,3624.93
1853664499592411648,3835,7,54008,7,2020,5454.4
1853664499592411648,3835,7,54008,8,2020,-1507.21
1853664499592411648,3835,7,54008,9,2020,-6190.31
1853664499592411648,3835,7,54008,10,2020,-13939.52
1853664499592411648,3835,7,54008,11,2020,-20785.14
1853664499592411648,3835,7,54008,12,2020,-10443.54
1854197243746714624,8979,8,79856,1,2020,3764.4
1854197243746714624,8979,8,79856,2,2020,5766.97
1854197243746714624,8979,8,79856,3,2020,5680.09
1854197243746714624,8979,8,79856,4,2020,4276.01
1854197243746714624,8979,8,79856,5,2020,2316.46
1854197243746714624,8979,8,79856,6,2020,1194.87
1854197243746714624,8979,8,79856,7,2020,3217.74
1854197243746714624,8979,8,79856,8,2020,5375.89
1854197243746714624,8979,8,79856,9,2020,6933.02
1854197243746714624,8979,8,79856,10,2020,7692.13
1854197243746714624,8979,8,79856,11,2020,5373.25
1854197243746714624,8979,8,79856,12,2020,5943.85
1855196587162173184,7679,8,68043,1,2020,-1338.52
1855196587162173184,7679,8,68043,2,2020,-2263.93
1855196587162173184,7679,8,68043,3,2020,719.35
1855196587162173184,7679,8,68043,4,2020,1897.46
1855196587162173184,7679,8,68043,5,2020,-2732.77
1855196587162173184,7679,8,68043,6,2020,-4917.92
1855196587162173184,7679,8,68043,7,2020,-3304.64
1855196587162173184,7679,8,68043,8,2020,-3501.36
1855196587162173184,7679,8,68043,9,2020,-11128.96
1855196587162173184,7679,8,68043,10,2020,-7476.76
1855196587162173184,7679,8,68043,11,2020,-3224.24
1855196587162173184,7679,8,68043,12,2020,-3361.79
1855380598121641728,2103,7,29948,1,2020,-3742.33
1855380598121641728,2103,7,29948,2,2020,426.83
1855380598121641728,2103,7,29948,3,2020,-2018.83
1855380598121641728,2103,7,29948,4,2020,-9936.76
1855380598121641728,2103,7,29948,5,2020,-8528.96
1855380598121641728,2103,7,29948,6,2020,-7740.81
1855380598121641728,2103,7,29948,7,2020,-7153.87
1855380598121641728,2103,7,29948,8,2020,-6375.53
1855380598121641728,2103,7,29948,9,2020,-4793.14
1855380598121641728,2103,7,29948,10,2020,-4546.95
1855380598121641728,2103,7,29948,11,2020,-4572.03
1855380598121641728,2103,7,29948,12,2020,-4015.6
1856021470130287872,5573,5,73171,1,2020,6737.66
1856021470130287872,5573,5,73171,2,2020,11602.21
1856021470130287872,5573,5,73171,3,2020,4995.62
1856021470130287872,5573,5,73171,4,2020,15665.64
1856021470130287872,5573,5,73171,5,2020,23055.16
1856021470130287872,5573,5,73171,6,2020,27166.94
1856021470130287872,5573,5,73171,7,2020,21713.93
1856021470130287872,5573,5,73171,8,2020,16423.68
1856021470130287872,5573,5,73171,9,2020,14889.12
1856021470130287872,5573,5,73171,10,2020,4462.01
1856021470130287872,5573,5,73171,11,2020,275.42
1856021470130287872,5573,5,73171,12,2020,-2014.79
1856397199848639232,8105,3,35416,1,2020,-5534.83
1856397199848639232,8105,3,35416,2,2020,-7228.47
1856397199848639232,8105,3,35416,3,2020,-12210.79
