1609867818460790272,5815,9,42577,5,2020,-7898.0
1609867818460790272,5815,9,42577,6,2020,-8419.66
1609867818460790272,5815,9,42577,7,2020,-10234.76
1609867818460790272,5815,9,42577,8,2020,-9512.59
1609867818460790272,5815,9,42577,9,2020,-7180.89
1609867818460790272,5815,9,42577,10,2020,-6328.18
1609867818460790272,5815,9,42577,11,2020,-5685.94
1609867818460790272,5815,9,42577,12,2020,-7084.86
1611167232810097152,1154,1,53910,1,2020,-3015.08
1611167232810097152,1154,1,53910,2,2020,-786.96
1611167232810097152,1154,1,53910,3,2020,-3217.86
1611167232810097152,1154,1,53910,4,2020,-862.85
1611167232810097152,1154,1,53910,5,2020,2461.51
1611167232810097152,1154,1,53910,6,2020,11013.13
1611167232810097152,1154,1,53910,7,2020,4714.89
1611167232810097152,1154,1,53910,8,2020,996.92
1611167232810097152,1154,1,53910,9,2020,-3554.76
1611167232810097152,1154,1,53910,10,2020,-3640.26
1611167232810097152,1154,1,53910,11,2020,464.0
1611167232810097152,1154,1,53910,12,2020,8169.65
1611385764549220352,4560,6,23504,1,2020,-200.81
1611385764549220352,4560,6,23504,2,2020,-3800.6
1611385764549220352,4560,6,23504,3,2020,-2276.27
1611385764549220352,4560,6,23504,4,2020,2147.6
1611385764549220352,4560,6,23504,5,2020,916.96
1611385764549220352,4560,6,23504,6,2020,-4099.16
1611385764549220352,4560,6,23504,7,2020,-8185.38
1611385764549220352,4560,6,23504,8,2020,-3378.25
1611385764549220352,4560,6,23504,9,2020,-223.35
1611385764549220352,4560,6,23504,10,2020,2839.65
1611385764549220352,4560,6,23504,11,2020,4857.67
1611385764549220352,4560,6,23504,12,2020,5981.14
1611494785713040640,3369,8,85896,1,2020,-1541.87
1611494785713040640,3369,8,85896,2,2020,-1845.95
1611494785713040640,3369,8,85896,3,2020,-496.7
1611494785713040640,3369,8,85896,4,2020,2528.09
1611494785713040640,3369,8,85896,5,2020,-371.22
1611494785713040640,3369,8,85896,6,2020,2717.01
1611494785713040640,3369,8,85896,7,2020,2683.91
1611494785713040640,3369,8,85896,8,2020,2221.95
1611494785713040640,3369,8,85896,9,2020,1571.84
1611494785713040640,3369,8,85896,10,2020,557.41
1611494785713040640,3369,8,85896,11,2020,4565.92
1611494785713040640,3369,8,85896,12,2020,5995.31
1612741386737594368,7800,6,13792,1,2020,-1356.02
1612741386737594368,7800,6,13792,2,2020,-1037.21
1612741386737594368,7800,6,13792,3,2020,-3782.05
1612741386737594368,7800,6,13792,4,2020,-6001.65
1612741386737594368,7800,6,13792,5,2020,-4145.28
1612741386737594368,7800,6,13792,6,2020,-2397.72
1612741386737594368,7800,6,13792,7,2020,-5520.2
1612741386737594368,7800,6,13792,8,2020,-3396.93
1612741386737594368,7800,6,13792,9,2020,-113.86
1612741386737594368,7800,6,13792,10,2020,1611.36
1612741386737594368,7800,6,13792,11,2020,4158.35
1612741386737594368,7800,6,13792,12,2020,4402.86
1613518719512217600,6326,7,46679,1,2020,162.71
1613518719512217600,6326,7,46679,2,2020,-2781.41
1613518719512217600,6326,7,46679,3,2020,-4262.37
1613518719512217600,6326,7,46679,4,2020,1127.35
1613518719512217600,6326,7,46679,5,2020,-2220.16
1613518719512217600,6326,7,46679,6,2020,-7659.46
1613518719512217600,6326,7,46679,7,2020,-3354.49
1613518719512217600,6326,7,46679,8,2020,-7821.67
1613518719512217600,6326,7,46679,9,2020,-7814.92
1613518719512217600,6326,7,46679,10,2020,-11353.25
1613518719512217600,6326,7,46679,11,2020,-13415.2
1613518719512217600,6326,7,46679,12,2020,-12823.66
1613547804422991360,5610,0,95951,1,2020,0.0
1613547804422991360,5610,0,95951,2,2020,1390.69
1613547804422991360,5610,0,95951,3,2020,1390.69
1613547804422991360,5610,0,95951,4,2020,197.35
1613547804422991360,5610,0,95951,5,2020,197.35
1613547804422991360,5610,0,95951,6,2020,197.35
1613547804422991360,5610,0,95951,7,2020,197.35
1613547804422991360,5610,0,95951,8,2020,-347.41
1613547804422991360,5610,0,95951,9,2020,-656.85
1613547804422991360,5610,0,95951,10,2020,-704.23
1613547804422991360,5610,0,95951,11,2020,-704.23
1613547804422991360,5610,0,95951,12,2020,-704.23
1613912828476647680,9803,3,64741,1,2020,3130.79
1613912828476647680,9803,3,64741,2,2020,5546.25
1613912828476647680,9803,3,64741,3,2020,7086.72
1613912828476647680,9803,3,64741,4,2020,6988.08
1613912828476647680,9803,3,64741,5,2020,7726.48
1613912828476647680,9803,3,64741,6,2020,9850.15
1613912828476647680,9803,3,64741,7,2020,7151.52
1613912828476647680,9803,3,64741,8,2020,3227.68
1613912828476647680,9803,3,64741,9,2020,851.94
1613912828476647680,9803,3,64741,10,2020,-108.79
1613912828476647680,9803,3,64741,11,2020,-2209.69
1613912828476647680,9803,3,64741,12,2020,2010.81
1614234752539722752,1492,4,20474,1,2020,1266.0
1614234752539722752,1492,4,20474,2,2020,2000.88
1614234752539722752,1492,4,20474,3,2020,2271.5
1614234752539722752,1492,4,20474,4,2020,3998.91
1614234752539722752,1492,4,20474,5,2020,3481.56
1614234752539722752,1492,4,20474,6,2020,-822.36
1614234752539722752,1492,4,20474,7,2020,-3478.3
1614234752539722752,1492,4,20474,8,2020,-3289.76
1614234752539722752,1492,4,20474,9,2020,-1858.03
1614234752539722752,1492,4,20474,10,2020,-1002.78
1614234752539722752,1492,4,20474,11,2020,-3373.32
1614234752539722752,1492,4,20474,12,2020,-3662.88
1614333565146521344,5557,0,80023,1,2020,-1660.64
1614333565146521344,5557,0,80023,2,2020,6363.63
1614333565146521344,5557,0,80023,3,2020,5273.45
1614333565146521344,5557,0,80023,4,2020,16371.49
1614333565146521344,5557,0,80023,5,2020,20464.19
1614333565146521344,5557,0,80023,6,2020,25366.75
1614333565146521344,5557,0,80023,7,2020,24822.76
1614333565146521344,5557,0,80023,8,2020,29106.88
1614333565146521344,5557,0,80023,9,2020,35787.5
1614333565146521344,5557,0,80023,10,2020,29604.59
1614333565146521344,5557,0,80023,11,2020,31167.3
1614333565146521344,5557,0,80023,12,2020,31079.4
1617006744959942656,5097,1,34198,1,2020,4719.66
1617006744959942656,5097,1,34198,2,2020,-3196.37
1617006744959942656,5097,1,34198,3,2020,-2203.38
1617006744959942656,5097,1,34198,4,2020,-1521.82
1617006744959942656,5097,1,34198,5,2020,-739.73
1617006744959942656,5097,1,34198,6,2020,-6984.91
1617006744959942656,5097,1,34198,7,2020,-10265.34
1617006744959942656,5097,1,34198,8,2020,-12647.44
1617006744959942656,5097,1,34198,9,2020,-14049.0
1617006744959942656,5097,1,34198,10,2020,-20240.19
1617006744959942656,5097,1,34198,11,2020,-16715.65
1617006744959942656,5097,1,34198,12,2020,-18764.16
1617296696654530304,389,5,64990,1,2020,-1073.83
1617296696654530304,389,5,64990,2,2020,-2804.98
1617296696654530304,389,5,64990,3,2020,-4953.48
1617296696654530304,389,5,64990,4,2020,-3526.76
1617296696654530304,389,5,64990,5,2020,-3376.94
1617296696654530304,389,5,64990,6,2020,-4213.59
1617296696654530304,389,5,64990,7,2020,3017.52
1617296696654530304,389,5,64990,8,2020,1113.99
1617296696654530304,389,5,64990,9,2020,-4360.36
1617296696654530304,389,5,64990,10,2020,-419.93
1617296696654530304,389,5,64990,11,2020,-4352.97
1617296696654530304,389,5,64990,12,2020,-1705.56
1617764697078422272,3388,9,66169,1,2020,-140.42
1617764697078422272,3388,9,66169,2,2020,-3281.31
1617764697078422272,3388,9,66169,3,2020,213.78
1617764697078422272,3388,9,66169,4,2020,-645.46
1617764697078422272,3388,9,66169,5,2020,8754.47
1617764697078422272,3388,9,66169,6,2020,1373.27
1617764697078422272,3388,9,66169,7,2020,1792.8
1617764697078422272,3388,9,66169,8,2020,6669.62
1617764697078422272,3388,9,66169,9,2020,5532.93
1617764697078422272,3388,9,66169,10,2020,11903.34
1617764697078422272,3388,9,66169,11,2020,16330.93
1617764697078422272,3388,9,66169,12,2020,18272.7
1618940975958251008,1434,0,98747,1,2020,-1753.87
1618940975958251008,1434,0,98747,2,2020,-6908.6
1618940975958251008,1434,0,98747,3,2020,-5219.81
1618940975958251008,1434,0,98747,4,2020,-5930.03
1618940975958251008,1434,0,98747,5,2020,-8839.5
1618940975958251008,1434,0,98747,6,2020,-9203.1
1618940975958251008,1434,0,98747,7,2020,-7861.13
1618940975958251008,1434,0,98747,8,2020,-4870.77
1618940975958251008,1434,0,98747,9,2020,-5513.76
1618940975958251008,1434,0,98747,10,2020,-6813.18
1618940975958251008,1434,0,98747,11,2020,-7316.05
1618940975958251008,1434,0,98747,12,2020,-7000.75
1619709713421097984,8908,1,37705,1,2020,4712.02
1619709713421097984,8908,1,37705,2,2020,6669.5
1619709713421097984,8908,1,37705,3,2020,2194.63
1619709713421097984,8908,1,37705,4,2020,900.02
1619709713421097984,8908,1,37705,5,2020,-2894.78
1619709713421097984,8908,1,37705,6,2020,705.47
1619709713421097984,8908,1,37705,7,2020,-2849.52
1619709713421097984,8908,1,37705,8,2020,-9792.95
1619709713421097984,8908,1,37705,9,2020,-14197.18
1619709713421097984,8908,1,37705,10,2020,-16470.93
1619709713421097984,8908,1,37705,11,2020,-16165.57
1619709713421097984,8908,1,37705,12,2020,-16192.08
1621376252295982080,2374,8,28320,1,2020,4343.58
1621376252295982080,2374,8,28320,2,2020,-229.4
1621376252295982080,2374,8,28320,3,2020,5107.47
1621376252295982080,2374,8,28320,4,2020,6296.24
1621376252295982080,2374,8,28320,5,2020,10051.51
1621376252295982080,2374,8,28320,6,2020,6860.01
1621376252295982080,2374,8,28320,7,2020,7370.58
1621376252295982080,2374,8,28320,8,2020,11464.13
1621376252295982080,2374,8,28320,9,2020,19641.94
1621376252295982080,2374,8,28320,10,2020,14262.45
1621376252295982080,2374,8,28320,11,2020,22482.26
1621376252295982080,2374,8,28320,12,2020,20577.77
1623246221256661760,2642,4,17896,1,2020,-1307.43
1623246221256661760,2642,4,17896,2,2020,-352.04
1623246221256661760,2642,4,17896,3,2020,-90.08
1623246221256661760,2642,4,17896,4,2020,-613.2
1623246221256661760,2642,4,17896,5,2020,-5486.58
1623246221256661760,2642,4,17896,6,2020,-3964.97
1623246221256661760,2642,4,17896,7,2020,-926.8
1623246221256661760,2642,4,17896,8,2020,-1594.8
1623246221256661760,2642,4,17896,9,2020,-638.87
1623246221256661760,2642,4,17896,10,2020,3373.96
1623246221256661760,2642,4,17896,11,2020,-4694.24
1623246221256661760,2642,4,17896,12,2020,-10316.6
1623503533391037184,2926,4,87299,1,2020,623.72
1623503533391037184,2926,4,87299,2,2020,-4067.77
1623503533391037184,2926,4,87299,3,2020,-5669.37
1623503533391037184,2926,4,87299,4,2020,-4355.87
1623503533391037184,2926,4,87299,5,2020,-1404.41
1623503533391037184,2926,4,87299,6,2020,-2954.41
1623503533391037184,2926,4,87299,7,2020,1489.97
1623503533391037184,2926,4,87299,8,2020,4099.04
1623503533391037184,2926,4,87299,9,2020,4270.69
1623503533391037184,2926,4,87299,10,2020,-248.38
1623503533391037184,2926,4,87299,11,2020,274.26
1623503533391037184,2926,4,87299,12,2020,-756.57
1623969816265341184,683,0,30275,1,2020,633.14
1623969816265341184,683,0,30275,2,2020,3139.24
1623969816265341184,683,0,30275,3,2020,-3206.39
1623969816265341184,683,0,30275,4,2020,-38.7
1623969816265341184,683,0,30275,5,2020,1387.64
1623969816265341184,683,0,30275,6,2020,3230.08
1623969816265341184,683,0,30275,7,2020,2521.14
1623969816265341184,683,0,30275,8,2020,2203.99
1623969816265341184,683,0,30275,9,2020,823.96
1623969816265341184,683,0,30275,10,2020,4473.06
1623969816265341184,683,0,30275,11,2020,5286.88
1623969816265341184,683,0,30275,12,2020,2309.61
1624269278915868416,3003,1,37057,1,2020,446.04
1624269278915868416,3003,1,37057,2,2020,1134.81
1624269278915868416,3003,1,37057,3,2020,-19.74
1624269278915868416,3003,1,37057,4,2020,-1034.67
1624269278915868416,3003,1,37057,5,2020,-923.07
1624269278915868416,3003,1,37057,6,2020,-2906.39
1624269278915868416,3003,1,37057,7,2020,-7244.31
1624269278915868416,3003,1,37057,8,2020,-5480.92
1624269278915868416,3003,1,37057,9,2020,-6186.63
1624269278915868416,3003,1,37057,10,2020,-7780.19
1624269278915868416,3003,1,37057,11,2020,-9242.76
1624269278915868416,3003,1,37057,12,2020,-7325.22
1624650626798849536,2746,7,72922,1,2020,6261.49
