1962590066672242176,6639,0,26590,11,2020,15426.46
1962590066672242176,6639,0,26590,12,2020,11789.83
1963362588534690048,5272,7,88812,1,2020,-7824.14
1963362588534690048,5272,7,88812,2,2020,-2513.23
1963362588534690048,5272,7,88812,3,2020,-3590.72
1963362588534690048,5272,7,88812,4,2020,-3338.36
1963362588534690048,5272,7,88812,5,2020,-14060.62
1963362588534690048,5272,7,88812,6,2020,-7549.55
1963362588534690048,5272,7,88812,7,2020,-3515.95
1963362588534690048,5272,7,88812,8,2020,-4792.52
1963362588534690048,5272,7,88812,9,2020,305.73
1963362588534690048,5272,7,88812,10,2020,-1995.1
1963362588534690048,5272,7,88812,11,2020,4141.4
1963362588534690048,5272,7,88812,12,2020,6093.26
196356863719252576,3814,8,89488,1,2020,1442.05
196356863719252576,3814,8,89488,2,2020,4867.33
196356863719252576,3814,8,89488,3,2020,3596.21
196356863719252576,3814,8,89488,4,2020,2655.43
196356863719252576,3814,8,89488,5,2020,3378.97
196356863719252576,3814,8,89488,6,2020,-2593.27
196356863719252576,3814,8,89488,7,2020,-8057.07
196356863719252576,3814,8,89488,8,2020,-5532.98
196356863719252576,3814,8,89488,9,2020,-6828.07
196356863719252576,3814,8,89488,10,2020,-10669.95
196356863719252576,3814,8,89488,11,2020,-10931.37
196356863719252576,3814,8,89488,12,2020,-8425.98
1964090389845520384,3930,4,38697,1,2020,-3092.24
1964090389845520384,3930,4,38697,2,2020,-3756.91
1964090389845520384,3930,4,38697,3,2020,-9487.47
1964090389845520384,3930,4,38697,4,2020,-6283.06
1964090389845520384,3930,4,38697,5,2020,792.45
1964090389845520384,3930,4,38697,6,2020,-835.72
1964090389845520384,3930,4,38697,7,2020,-6732.7
1964090389845520384,3930,4,38697,8,2020,-8466.13
1964090389845520384,3930,4,38697,9,2020,-12852.84
1964090389845520384,3930,4,38697,10,2020,-7357.14
1964090389845520384,3930,4,38697,11,2020,-9240.51
1964090389845520384,3930,4,38697,12,2020,-10934.64
196415932344191680,7872,5,57072,1,2020,-697.58
196415932344191680,7872,5,57072,2,2020,-734.84
196415932344191680,7872,5,57072,3,2020,2210.11
196415932344191680,7872,5,57072,4,2020,2667.93
196415932344191680,7872,5,57072,5,2020,3184.2
196415932344191680,7872,5,57072,6,2020,68.66
196415932344191680,7872,5,57072,7,2020,-2246.01
196415932344191680,7872,5,57072,8,2020,-1150.38
196415932344191680,7872,5,57072,9,2020,-6835.46
196415932344191680,7872,5,57072,10,2020,-16438.04
196415932344191680,7872,5,57072,11,2020,-5486.26
196415932344191680,7872,5,57072,12,2020,-7191.18
1965971290693798912,5330,2,17378,1,2020,305.77
1965971290693798912,5330,2,17378,2,2020,-2635.7
1965971290693798912,5330,2,17378,3,2020,-6229.55
1965971290693798912,5330,2,17378,4,2020,-12792.27
1965971290693798912,5330,2,17378,5,2020,-8775.01
1965971290693798912,5330,2,17378,6,2020,-3332.25
1965971290693798912,5330,2,17378,7,2020,-7195.01
1965971290693798912,5330,2,17378,8,2020,-6753.89
1965971290693798912,5330,2,17378,9,2020,-8413.76
1965971290693798912,5330,2,17378,10,2020,-3937.63
1965971290693798912,5330,2,17378,11,2020,-8993.08
1965971290693798912,5330,2,17378,12,2020,-11903.99
196599969570778080,8951,0,78729,1,2020,-323.9
196599969570778080,8951,0,78729,2,2020,-10615.73
196599969570778080,8951,0,78729,3,2020,-10670.88
196599969570778080,8951,0,78729,4,2020,-14323.41
196599969570778080,8951,0,78729,5,2020,-14576.0
196599969570778080,8951,0,78729,6,2020,-18488.7
196599969570778080,8951,0,78729,7,2020,-21406.26
196599969570778080,8951,0,78729,8,2020,-19581.72
196599969570778080,8951,0,78729,9,2020,-21544.4
196599969570778080,8951,0,78729,10,2020,-13625.36
196599969570778080,8951,0,78729,11,2020,-11849.32
196599969570778080,8951,0,78729,12,2020,-10583.17
1967187999376396544,897,1,56440,1,2020,-2345.79
1967187999376396544,897,1,56440,2,2020,-1932.87
1967187999376396544,897,1,56440,3,2020,-3470.35
1967187999376396544,897,1,56440,4,2020,-71.94
1967187999376396544,897,1,56440,5,2020,2601.85
1967187999376396544,897,1,56440,6,2020,-448.21
1967187999376396544,897,1,56440,7,2020,549.65
1967187999376396544,897,1,56440,8,2020,-495.46
1967187999376396544,897,1,56440,9,2020,-0.13
1967187999376396544,897,1,56440,10,2020,3984.54
1967187999376396544,897,1,56440,11,2020,6586.93
1967187999376396544,897,1,56440,12,2020,3548.58
1969255136321969920,7955,2,33061,1,2020,-2570.88
1969255136321969920,7955,2,33061,2,2020,-2570.88
1969255136321969920,7955,2,33061,3,2020,-2369.53
1969255136321969920,7955,2,33061,4,2020,-278.06
1969255136321969920,7955,2,33061,5,2020,1268.75
1969255136321969920,7955,2,33061,6,2020,1268.75
1969255136321969920,7955,2,33061,7,2020,2031.04
1969255136321969920,7955,2,33061,8,2020,1462.28
1969255136321969920,7955,2,33061,9,2020,1462.28
1969255136321969920,7955,2,33061,10,2020,1120.86
1969255136321969920,7955,2,33061,11,2020,3025.02
1969255136321969920,7955,2,33061,12,2020,1051.04
1970474654429153792,9996,1,19729,1,2020,-2676.54
1970474654429153792,9996,1,19729,2,2020,9470.63
1970474654429153792,9996,1,19729,3,2020,1929.42
1970474654429153792,9996,1,19729,4,2020,7800.43
1970474654429153792,9996,1,19729,5,2020,7624.4
1970474654429153792,9996,1,19729,6,2020,11365.24
1970474654429153792,9996,1,19729,7,2020,18757.58
1970474654429153792,9996,1,19729,8,2020,22189.91
1970474654429153792,9996,1,19729,9,2020,19067.8
1970474654429153792,9996,1,19729,10,2020,13265.6
1970474654429153792,9996,1,19729,11,2020,16606.49
1970474654429153792,9996,1,19729,12,2020,25255.88
1971661652595684352,7102,3,37872,1,2020,-2541.73
1971661652595684352,7102,3,37872,2,2020,4446.57
1971661652595684352,7102,3,37872,3,2020,879.73
1971661652595684352,7102,3,37872,4,2020,-4773.39
1971661652595684352,7102,3,37872,5,2020,-2070.82
1971661652595684352,7102,3,37872,6,2020,-2262.85
1971661652595684352,7102,3,37872,7,2020,3578.62
1971661652595684352,7102,3,37872,8,2020,5312.55
1971661652595684352,7102,3,37872,9,2020,4831.01
1971661652595684352,7102,3,37872,10,2020,5595.1
1971661652595684352,7102,3,37872,11,2020,1353.71
1971661652595684352,7102,3,37872,12,2020,-854.32
1972296022102569216,2699,4,91602,1,2020,-636.01
1972296022102569216,2699,4,91602,2,2020,-603.11
1972296022102569216,2699,4,91602,3,2020,-1388.94
1972296022102569216,2699,4,91602,4,2020,554.15
1972296022102569216,2699,4,91602,5,2020,2961.11
1972296022102569216,2699,4,91602,6,2020,4319.6
1972296022102569216,2699,4,91602,7,2020,3288.41
1972296022102569216,2699,4,91602,8,2020,866.14
1972296022102569216,2699,4,91602,9,2020,3996.42
1972296022102569216,2699,4,91602,10,2020,2590.23
1972296022102569216,2699,4,91602,11,2020,3225.55
1972296022102569216,2699,4,91602,12,2020,8892.3
1972456641246457856,2303,2,29681,1,2020,-12812.53
1972456641246457856,2303,2,29681,2,2020,-12249.28
1972456641246457856,2303,2,29681,3,2020,-13094.09
1972456641246457856,2303,2,29681,4,2020,-12777.74
1972456641246457856,2303,2,29681,5,2020,-9006.3
1972456641246457856,2303,2,29681,6,2020,-10328.98
1972456641246457856,2303,2,29681,7,2020,-16804.17
1972456641246457856,2303,2,29681,8,2020,-18372.17
1972456641246457856,2303,2,29681,9,2020,-24513.75
1972456641246457856,2303,2,29681,10,2020,-24508.49
1972456641246457856,2303,2,29681,11,2020,-27279.47
1972456641246457856,2303,2,29681,12,2020,-27750.82
1973342107624265728,4118,1,52602,1,2020,-7355.09
1973342107624265728,4118,1,52602,2,2020,-8283.61
1973342107624265728,4118,1,52602,3,2020,-5503.65
1973342107624265728,4118,1,52602,4,2020,-1889.47
1973342107624265728,4118,1,52602,5,2020,-6561.12
1973342107624265728,4118,1,52602,6,2020,-5580.9
1973342107624265728,4118,1,52602,7,2020,-3400.55
1973342107624265728,4118,1,52602,8,2020,421.11
1973342107624265728,4118,1,52602,9,2020,-101.4
1973342107624265728,4118,1,52602,10,2020,-3380.95
1973342107624265728,4118,1,52602,11,2020,-5920.82
1973342107624265728,4118,1,52602,12,2020,-8275.68
1974014533729869312,1778,1,21698,1,2020,787.39
1974014533729869312,1778,1,21698,2,2020,-5833.62
1974014533729869312,1778,1,21698,3,2020,-4868.62
1974014533729869312,1778,1,21698,4,2020,3983.29
1974014533729869312,1778,1,21698,5,2020,-210.15
1974014533729869312,1778,1,21698,6,2020,-4493.45
1974014533729869312,1778,1,21698,7,2020,-55.78
1974014533729869312,1778,1,21698,8,2020,10453.16
1974014533729869312,1778,1,21698,9,2020,9524.4
1974014533729869312,1778,1,21698,10,2020,14145.82
1974014533729869312,1778,1,21698,11,2020,9174.26
1974014533729869312,1778,1,21698,12,2020,7414.1
1976905785592106240,1236,3,14830,1,2020,2100.94
1976905785592106240,1236,3,14830,2,2020,-5038.02
1976905785592106240,1236,3,14830,3,2020,-5220.3
1976905785592106240,1236,3,14830,4,2020,-10684.54
1976905785592106240,1236,3,14830,5,2020,-13778.23
1976905785592106240,1236,3,14830,6,2020,-15768.6
1976905785592106240,1236,3,14830,7,2020,-19779.29
1976905785592106240,1236,3,14830,8,2020,-13950.92
1976905785592106240,1236,3,14830,9,2020,-14988.41
1976905785592106240,1236,3,14830,10,2020,-9783.67
1976905785592106240,1236,3,14830,11,2020,-12649.38
1976905785592106240,1236,3,14830,12,2020,-12952.52
1977882419226454528,9825,7,10198,1,2020,0.0
1977882419226454528,9825,7,10198,2,2020,-557.91
1977882419226454528,9825,7,10198,3,2020,-557.91
1977882419226454528,9825,7,10198,4,2020,-557.91
1977882419226454528,9825,7,10198,5,2020,-3807.51
1977882419226454528,9825,7,10198,6,2020,-3807.51
1977882419226454528,9825,7,10198,7,2020,-5627.41
1977882419226454528,9825,7,10198,8,2020,-6206.49
1977882419226454528,9825,7,10198,9,2020,-4746.6
1977882419226454528,9825,7,10198,10,2020,-7771.89
1977882419226454528,9825,7,10198,11,2020,-9518.49
1977882419226454528,9825,7,10198,12,2020,-9518.49
1979268275465772800,8152,7,43626,1,2020,620.3
1979268275465772800,8152,7,43626,2,2020,3449.42
1979268275465772800,8152,7,43626,3,2020,3866.2
1979268275465772800,8152,7,43626,4,2020,3866.2
1979268275465772800,8152,7,43626,5,2020,4005.54
1979268275465772800,8152,7,43626,6,2020,4005.54
1979268275465772800,8152,7,43626,7,2020,3524.96
1979268275465772800,8152,7,43626,8,2020,3524.96
1979268275465772800,8152,7,43626,9,2020,4341.33
1979268275465772800,8152,7,43626,10,2020,4484.26
1979268275465772800,8152,7,43626,11,2020,4484.26
1979268275465772800,8152,7,43626,12,2020,2455.76
1979595813399433984,9869,4,95153,1,2020,805.84
1979595813399433984,9869,4,95153,2,2020,6249.42
1979595813399433984,9869,4,95153,3,2020,3753.88
1979595813399433984,9869,4,95153,4,2020,3582.2
1979595813399433984,9869,4,95153,5,2020,534.34
1979595813399433984,9869,4,95153,6,2020,-1531.03
1979595813399433984,9869,4,95153,7,2020,-8396.34
1979595813399433984,9869,4,95153,8,2020,-9688.34
1979595813399433984,9869,4,95153,9,2020,-11617.05
1979595813399433984,9869,4,95153,10,2020,2952.61
1979595813399433984,9869,4,95153,11,2020,4995.88
1979595813399433984,9869,4,95153,12,2020,-130.95
1980669090314435584,840,6,10727,1,2020,-14293.31
1980669090314435584,840,6,10727,2,2020,-9982.12
1980669090314435584,840,6,10727,3,2020,-7157.34
1980669090314435584,840,6,10727,4,2020,-7714.96
1980669090314435584,840,6,10727,5,2020,-3925.17
1980669090314435584,840,6,10727,6,2020,-2123.4
1980669090314435584,840,6,10727,7,2020,593.03
1980669090314435584,840,6,10727,8,2020,1178.66
1980669090314435584,840,6,10727,9,2020,2660.36
1980669090314435584,840,6,10727,10,2020,4175.77
1980669090314435584,840,6,10727,11,2020,8309.61
1980669090314435584,840,6,10727,12,2020,11611.16
1980690092896733184,3281,3,54112,1,2020,3956.35
1980690092896733184,3281,3,54112,2,2020,4953.52
1980690092896733184,3281,3,54112,3,2020,4276.19
1980690092896733184,3281,3,54112,4,2020,572.81
1980690092896733184,3281,3,54112,5,2020,7515.41
1980690092896733184,3281,3,54112,6,2020,4666.8
1980690092896733184,3281,3,54112,7,2020,-1289.69
1980690092896733184,3281,3,54112,8,2020,-4890.27
1980690092896733184,3281,3,54112,9,2020,345.72
1980690092896733184,3281,3,54112,10,2020,-5215.6
1980690092896733184,3281,3,54112,11,2020,-853.89
