1903278746700771584,7681,3,73156,1,2020,4312.21
1903278746700771584,7681,3,73156,2,2020,3769.19
1903278746700771584,7681,3,73156,3,2020,5226.66
1903278746700771584,7681,3,73156,4,2020,1816.45
1903278746700771584,7681,3,73156,5,2020,14380.56
1903278746700771584,7681,3,73156,6,2020,14706.31
1903278746700771584,7681,3,73156,7,2020,12892.24
1903278746700771584,7681,3,73156,8,2020,20949.57
1903278746700771584,7681,3,73156,9,2020,18516.78
1903278746700771584,7681,3,73156,10,2020,32027.46
1903278746700771584,7681,3,73156,11,2020,34821.49
1903278746700771584,7681,3,73156,12,2020,33392.87
1903594511203137792,5516,4,24807,1,2020,-2135.02
1903594511203137792,5516,4,24807,2,2020,-5357.62
1903594511203137792,5516,4,24807,3,2020,-4481.07
1903594511203137792,5516,4,24807,4,2020,-4133.84
1903594511203137792,5516,4,24807,5,2020,-4133.84
1903594511203137792,5516,4,24807,6,2020,-1528.9
1903594511203137792,5516,4,24807,7,2020,-1279.15
1903594511203137792,5516,4,24807,8,2020,-6991.62
1903594511203137792,5516,4,24807,9,2020,-7885.64
1903594511203137792,5516,4,24807,10,2020,-10593.65
1903594511203137792,5516,4,24807,11,2020,-17785.39
1903594511203137792,5516,4,24807,12,2020,-18127.03
1906204093647408896,4606,4,15915,1,2020,-5653.8
1906204093647408896,4606,4,15915,2,2020,-186.73
1906204093647408896,4606,4,15915,3,2020,681.64
1906204093647408896,4606,4,15915,4,2020,-555.12
1906204093647408896,4606,4,15915,5,2020,3513.91
1906204093647408896,4606,4,15915,6,2020,4742.27
1906204093647408896,4606,4,15915,7,2020,14700.03
1906204093647408896,4606,4,15915,8,2020,20413.56
1906204093647408896,4606,4,15915,9,2020,19639.41
1906204093647408896,4606,4,15915,10,2020,24411.27
1906204093647408896,4606,4,15915,11,2020,17084.09
1906204093647408896,4606,4,15915,12,2020,20879.9
1908917547283226624,2915,9,48694,1,2020,-2426.2
1908917547283226624,2915,9,48694,2,2020,-6832.35
1908917547283226624,2915,9,48694,3,2020,-6963.7
1908917547283226624,2915,9,48694,4,2020,-9720.05
1908917547283226624,2915,9,48694,5,2020,-10237.79
1908917547283226624,2915,9,48694,6,2020,-9460.05
1908917547283226624,2915,9,48694,7,2020,-6787.57
1908917547283226624,2915,9,48694,8,2020,-2341.61
1908917547283226624,2915,9,48694,9,2020,-3353.15
1908917547283226624,2915,9,48694,10,2020,-9826.54
1908917547283226624,2915,9,48694,11,2020,-10737.31
1908917547283226624,2915,9,48694,12,2020,-8821.8
1909081253591783168,7805,1,78376,1,2020,-701.48
1909081253591783168,7805,1,78376,2,2020,1098.29
1909081253591783168,7805,1,78376,3,2020,2364.03
1909081253591783168,7805,1,78376,4,2020,-1614.15
1909081253591783168,7805,1,78376,5,2020,-2572.93
1909081253591783168,7805,1,78376,6,2020,-2799.86
1909081253591783168,7805,1,78376,7,2020,-4393.63
1909081253591783168,7805,1,78376,8,2020,-6268.43
1909081253591783168,7805,1,78376,9,2020,-6405.99
1909081253591783168,7805,1,78376,10,2020,-8011.48
1909081253591783168,7805,1,78376,11,2020,-12254.61
1909081253591783168,7805,1,78376,12,2020,-8536.2
1909721810662825216,7764,8,18144,1,2020,-196.84
1909721810662825216,7764,8,18144,2,2020,1502.05
1909721810662825216,7764,8,18144,3,2020,-3536.92
1909721810662825216,7764,8,18144,4,2020,-259.83
1909721810662825216,7764,8,18144,5,2020,1513.25
1909721810662825216,7764,8,18144,6,2020,5161.94
1909721810662825216,7764,8,18144,7,2020,9091.99
1909721810662825216,7764,8,18144,8,2020,10141.98
1909721810662825216,7764,8,18144,9,2020,10280.15
1909721810662825216,7764,8,18144,10,2020,12695.99
1909721810662825216,7764,8,18144,11,2020,9178.31
1909721810662825216,7764,8,18144,12,2020,8235.58
1910024634235063808,20,0,92194,1,2020,90.91
1910024634235063808,20,0,92194,2,2020,90.91
1910024634235063808,20,0,92194,3,2020,220.98
1910024634235063808,20,0,92194,4,2020,220.98
1910024634235063808,20,0,92194,5,2020,1383.2
1910024634235063808,20,0,92194,6,2020,1383.2
1910024634235063808,20,0,92194,7,2020,1383.2
1910024634235063808,20,0,92194,8,2020,1383.2
1910024634235063808,20,0,92194,9,2020,1383.2
1910024634235063808,20,0,92194,10,2020,1383.2
1910024634235063808,20,0,92194,11,2020,1383.2
1910024634235063808,20,0,92194,12,2020,3889.95
1910767323472731136,9821,9,78225,1,2020,1428.95
1910767323472731136,9821,9,78225,2,2020,-4819.74
1910767323472731136,9821,9,78225,3,2020,-4431.89
1910767323472731136,9821,9,78225,4,2020,-3530.89
1910767323472731136,9821,9,78225,5,2020,-3478.01
1910767323472731136,9821,9,78225,6,2020,4077.14
1910767323472731136,9821,9,78225,7,2020,1526.78
1910767323472731136,9821,9,78225,8,2020,6046.06
1910767323472731136,9821,9,78225,9,2020,9945.1
1910767323472731136,9821,9,78225,10,2020,3276.55
1910767323472731136,9821,9,78225,11,2020,5705.36
1910767323472731136,9821,9,78225,12,2020,847.04
1911533223705697536,6963,7,93689,1,2020,1844.96
1911533223705697536,6963,7,93689,2,2020,2237.62
1911533223705697536,6963,7,93689,3,2020,6326.22
1911533223705697536,6963,7,93689,4,2020,3291.4
1911533223705697536,6963,7,93689,5,2020,8131.14
1911533223705697536,6963,7,93689,6,2020,6565.81
1911533223705697536,6963,7,93689,7,2020,9903.59
1911533223705697536,6963,7,93689,8,2020,2137.71
1911533223705697536,6963,7,93689,9,2020,4309.92
1911533223705697536,6963,7,93689,10,2020,6885.55
1911533223705697536,6963,7,93689,11,2020,4532.4
1911533223705697536,6963,7,93689,12,2020,317.13
1911784529103594496,9962,4,96232,1,2020,-8395.79
1911784529103594496,9962,4,96232,2,2020,-9655.97
1911784529103594496,9962,4,96232,3,2020,-6145.01
1911784529103594496,9962,4,96232,4,2020,-7483.49
1911784529103594496,9962,4,96232,5,2020,-5245.61
1911784529103594496,9962,4,96232,6,2020,-7797.93
1911784529103594496,9962,4,96232,7,2020,-14753.75
1911784529103594496,9962,4,96232,8,2020,-20663.67
1911784529103594496,9962,4,96232,9,2020,-11647.74
1911784529103594496,9962,4,96232,10,2020,-16928.66
1911784529103594496,9962,4,96232,11,2020,-18568.35
1911784529103594496,9962,4,96232,12,2020,-21620.9
1912972826898300160,2808,0,89786,1,2020,1051.87
1912972826898300160,2808,0,89786,2,2020,-4302.49
1912972826898300160,2808,0,89786,3,2020,-1644.79
1912972826898300160,2808,0,89786,4,2020,1421.54
1912972826898300160,2808,0,89786,5,2020,-4045.03
1912972826898300160,2808,0,89786,6,2020,-4747.68
1912972826898300160,2808,0,89786,7,2020,-14660.7
1912972826898300160,2808,0,89786,8,2020,-22291.12
1912972826898300160,2808,0,89786,9,2020,-23023.34
1912972826898300160,2808,0,89786,10,2020,-23409.74
1912972826898300160,2808,0,89786,11,2020,-22978.29
1912972826898300160,2808,0,89786,12,2020,-12860.33
1913152319760410880,3937,1,25669,1,2020,-1507.58
1913152319760410880,3937,1,25669,2,2020,3656.59
1913152319760410880,3937,1,25669,3,2020,8420.55
1913152319760410880,3937,1,25669,4,2020,9922.82
1913152319760410880,3937,1,25669,5,2020,4268.45
1913152319760410880,3937,1,25669,6,2020,7155.41
1913152319760410880,3937,1,25669,7,2020,3003.57
1913152319760410880,3937,1,25669,8,2020,-4216.87
1913152319760410880,3937,1,25669,9,2020,-4663.68
1913152319760410880,3937,1,25669,10,2020,-4550.87
1913152319760410880,3937,1,25669,11,2020,-11667.98
1913152319760410880,3937,1,25669,12,2020,-11915.67
1914848051149800192,2155,0,98557,1,2020,1599.72
1914848051149800192,2155,0,98557,2,2020,391.72
1914848051149800192,2155,0,98557,3,2020,-735.33
1914848051149800192,2155,0,98557,4,2020,-772.38
1914848051149800192,2155,0,98557,5,2020,-2183.64
1914848051149800192,2155,0,98557,6,2020,-4950.19
1914848051149800192,2155,0,98557,7,2020,-8663.77
1914848051149800192,2155,0,98557,8,2020,-6115.72
1914848051149800192,2155,0,98557,9,2020,-7353.37
1914848051149800192,2155,0,98557,10,2020,-5319.28
1914848051149800192,2155,0,98557,11,2020,-9863.75
1914848051149800192,2155,0,98557,12,2020,-12154.99
1915136660227173376,9757,9,20684,1,2020,8837.16
1915136660227173376,9757,9,20684,2,2020,5411.59
1915136660227173376,9757,9,20684,3,2020,12646.69
1915136660227173376,9757,9,20684,4,2020,17534.98
1915136660227173376,9757,9,20684,5,2020,23802.78
1915136660227173376,9757,9,20684,6,2020,34033.05
1915136660227173376,9757,9,20684,7,2020,32054.28
1915136660227173376,9757,9,20684,8,2020,38908.53
1915136660227173376,9757,9,20684,9,2020,44029.18
1915136660227173376,9757,9,20684,10,2020,39386.18
1915136660227173376,9757,9,20684,11,2020,41387.4
1915136660227173376,9757,9,20684,12,2020,47468.76
1916447720901689088,2387,4,45836,1,2020,-468.51
1916447720901689088,2387,4,45836,2,2020,2060.94
1916447720901689088,2387,4,45836,3,2020,486.33
1916447720901689088,2387,4,45836,4,2020,-354.8
1916447720901689088,2387,4,45836,5,2020,-3660.36
1916447720901689088,2387,4,45836,6,2020,-8479.12
1916447720901689088,2387,4,45836,7,2020,-2583.75
1916447720901689088,2387,4,45836,8,2020,-945.13
1916447720901689088,2387,4,45836,9,2020,-6599.5
1916447720901689088,2387,4,45836,10,2020,-4422.02
1916447720901689088,2387,4,45836,11,2020,-3580.33
1916447720901689088,2387,4,45836,12,2020,-6430.04
1916487883528890368,8839,3,4449,1,2020,7982.42
1916487883528890368,8839,3,4449,2,2020,5875.0
1916487883528890368,8839,3,4449,3,2020,14829.17
1916487883528890368,8839,3,4449,4,2020,17046.99
1916487883528890368,8839,3,4449,5,2020,15679.94
1916487883528890368,8839,3,4449,6,2020,16824.76
1916487883528890368,8839,3,4449,7,2020,11222.6
1916487883528890368,8839,3,4449,8,2020,10567.45
1916487883528890368,8839,3,4449,9,2020,4965.84
1916487883528890368,8839,3,4449,10,2020,2046.74
1916487883528890368,8839,3,4449,11,2020,2647.05
1916487883528890368,8839,3,4449,12,2020,1252.2
1917554016060850688,8490,6,29427,1,2020,13035.92
1917554016060850688,8490,6,29427,2,2020,1499.75
1917554016060850688,8490,6,29427,3,2020,2596.35
1917554016060850688,8490,6,29427,4,2020,-3596.25
1917554016060850688,8490,6,29427,5,2020,-2626.71
1917554016060850688,8490,6,29427,6,2020,8811.89
1917554016060850688,8490,6,29427,7,2020,4220.22
1917554016060850688,8490,6,29427,8,2020,9861.24
1917554016060850688,8490,6,29427,9,2020,10276.42
1917554016060850688,8490,6,29427,10,2020,15049.87
1917554016060850688,8490,6,29427,11,2020,17172.24
1917554016060850688,8490,6,29427,12,2020,17726.49
1918283512740164096,2779,9,45788,1,2020,2032.41
1918283512740164096,2779,9,45788,2,2020,-1406.36
1918283512740164096,2779,9,45788,3,2020,-72.22
1918283512740164096,2779,9,45788,4,2020,-4037.52
1918283512740164096,2779,9,45788,5,2020,-3664.87
1918283512740164096,2779,9,45788,6,2020,-6654.58
1918283512740164096,2779,9,45788,7,2020,-7278.51
1918283512740164096,2779,9,45788,8,2020,-3588.93
1918283512740164096,2779,9,45788,9,2020,-1117.72
1918283512740164096,2779,9,45788,10,2020,-276.2
1918283512740164096,2779,9,45788,11,2020,565.14
1918283512740164096,2779,9,45788,12,2020,10350.31
1918655490019310336,8517,6,65841,1,2020,2376.02
1918655490019310336,8517,6,65841,2,2020,-2763.0
1918655490019310336,8517,6,65841,3,2020,-2457.1
1918655490019310336,8517,6,65841,4,2020,-6313.71
1918655490019310336,8517,6,65841,5,2020,-5793.6
1918655490019310336,8517,6,65841,6,2020,1597.22
1918655490019310336,8517,6,65841,7,2020,460.2
1918655490019310336,8517,6,65841,8,2020,3531.58
1918655490019310336,8517,6,65841,9,2020,-1268.0
1918655490019310336,8517,6,65841,10,2020,-2270.58
1918655490019310336,8517,6,65841,11,2020,-7783.34
1918655490019310336,8517,6,65841,12,2020,-5574.94
1921037251290877440,326,8,44164,1,2020,3550.94
1921037251290877440,326,8,44164,2,2020,4995.66
1921037251290877440,326,8,44164,3,2020,6358.89
1921037251290877440,326,8,44164,4,2020,6791.17
1921037251290877440,326,8,44164,5,2020,9120.72
1921037251290877440,326,8,44164,6,2020,4783.82
1921037251290877440,326,8,44164,7,2020,4020.55
1921037251290877440,326,8,44164,8,2020,6280.08
1921037251290877440,326,8,44164,9,2020,5728.8
1921037251290877440,326,8,44164,10,2020,8452.67
1921037251290877440,326,8,44164,11,2020,14857.55
1921037251290877440,326,8,44164,12,2020,16973.73
