1519518249603361280,5361,4,19542,12,2020,-24996.66
1519783602089274368,8626,1,17986,1,2020,-1771.86
1519783602089274368,8626,1,17986,2,2020,-1773.94
1519783602089274368,8626,1,17986,3,2020,-2850.4
1519783602089274368,8626,1,17986,4,2020,-1961.62
1519783602089274368,8626,1,17986,5,2020,1049.99
1519783602089274368,8626,1,17986,6,2020,3797.76
1519783602089274368,8626,1,17986,7,2020,1885.6
1519783602089274368,8626,1,17986,8,2020,1880.18
1519783602089274368,8626,1,17986,9,2020,2361.01
1519783602089274368,8626,1,17986,10,2020,1976.21
1519783602089274368,8626,1,17986,11,2020,716.15
1519783602089274368,8626,1,17986,12,2020,2229.32
1522670673066590208,5192,0,14767,1,2020,3147.94
1522670673066590208,5192,0,14767,2,2020,6666.36
1522670673066590208,5192,0,14767,3,2020,6305.79
1522670673066590208,5192,0,14767,4,2020,6070.72
1522670673066590208,5192,0,14767,5,2020,4578.71
1522670673066590208,5192,0,14767,6,2020,4447.68
1522670673066590208,5192,0,14767,7,2020,6471.39
1522670673066590208,5192,0,14767,8,2020,5808.51
1522670673066590208,5192,0,14767,9,2020,4059.48
1522670673066590208,5192,0,14767,10,2020,6055.21
1522670673066590208,5192,0,14767,11,2020,5719.53
1522670673066590208,5192,0,14767,12,2020,7268.65
1523969530117124864,6134,1,43622,1,2020,-1269.64
1523969530117124864,6134,1,43622,2,2020,-1269.64
1523969530117124864,6134,1,43622,3,2020,-1269.64
1523969530117124864,6134,1,43622,4,2020,222.89
1523969530117124864,6134,1,43622,5,2020,225.33
1523969530117124864,6134,1,43622,6,2020,1147.92
1523969530117124864,6134,1,43622,7,2020,1147.92
1523969530117124864,6134,1,43622,8,2020,-589.93
1523969530117124864,6134,1,43622,9,2020,1250.83
1523969530117124864,6134,1,43622,10,2020,8377.89
1523969530117124864,6134,1,43622,11,2020,7752.36
1523969530117124864,6134,1,43622,12,2020,7904.07
1524113744377262336,9871,0,90582,1,2020,3150.86
1524113744377262336,9871,0,90582,2,2020,1195.83
1524113744377262336,9871,0,90582,3,2020,-6931.52
1524113744377262336,9871,0,90582,4,2020,-4034.02
1524113744377262336,9871,0,90582,5,2020,-3218.58
1524113744377262336,9871,0,90582,6,2020,-5920.67
1524113744377262336,9871,0,90582,7,2020,-4829.52
1524113744377262336,9871,0,90582,8,2020,-8938.79
1524113744377262336,9871,0,90582,9,2020,-9634.58
1524113744377262336,9871,0,90582,10,2020,-7152.04
1524113744377262336,9871,0,90582,11,2020,-5856.76
1524113744377262336,9871,0,90582,12,2020,-6775.73
1525474525773414656,695,9,69109,1,2020,-2877.49
1525474525773414656,695,9,69109,2,2020,-1286.55
1525474525773414656,695,9,69109,3,2020,-2420.37
1525474525773414656,695,9,69109,4,2020,563.98
1525474525773414656,695,9,69109,5,2020,6487.08
1525474525773414656,695,9,69109,6,2020,8206.12
1525474525773414656,695,9,69109,7,2020,5309.23
1525474525773414656,695,9,69109,8,2020,8294.22
1525474525773414656,695,9,69109,9,2020,9895.26
1525474525773414656,695,9,69109,10,2020,13303.45
1525474525773414656,695,9,69109,11,2020,9623.33
1525474525773414656,695,9,69109,12,2020,11373.35
1526556092256880896,5533,8,23872,1,2020,-1806.22
1526556092256880896,5533,8,23872,2,2020,-1031.38
1526556092256880896,5533,8,23872,3,2020,2599.82
1526556092256880896,5533,8,23872,4,2020,7311.68
1526556092256880896,5533,8,23872,5,2020,-786.12
1526556092256880896,5533,8,23872,6,2020,-1082.4
1526556092256880896,5533,8,23872,7,2020,-10122.01
1526556092256880896,5533,8,23872,8,2020,-6050.13
1526556092256880896,5533,8,23872,9,2020,-9194.61
1526556092256880896,5533,8,23872,10,2020,-6814.74
1526556092256880896,5533,8,23872,11,2020,-4044.08
1526556092256880896,5533,8,23872,12,2020,2836.41
1528359819346983680,753,0,97485,1,2020,-538.9
1528359819346983680,753,0,97485,2,2020,-3553.6
1528359819346983680,753,0,97485,3,2020,-4054.42
1528359819346983680,753,0,97485,4,2020,-1155.32
1528359819346983680,753,0,97485,5,2020,854.34
1528359819346983680,753,0,97485,6,2020,-3893.26
1528359819346983680,753,0,97485,7,2020,-802.42
1528359819346983680,753,0,97485,8,2020,804.64
1528359819346983680,753,0,97485,9,2020,-3458.01
1528359819346983680,753,0,97485,10,2020,-3526.55
1528359819346983680,753,0,97485,11,2020,-2702.73
1528359819346983680,753,0,97485,12,2020,4473.56
1528696638764825600,2099,2,79943,1,2020,1763.94
1528696638764825600,2099,2,79943,2,2020,-794.53
1528696638764825600,2099,2,79943,3,2020,2561.26
1528696638764825600,2099,2,79943,4,2020,6132.78
1528696638764825600,2099,2,79943,5,2020,7996.53
1528696638764825600,2099,2,79943,6,2020,6443.82
1528696638764825600,2099,2,79943,7,2020,6591.65
1528696638764825600,2099,2,79943,8,2020,5832.02
1528696638764825600,2099,2,79943,9,2020,4701.53
1528696638764825600,2099,2,79943,10,2020,2400.63
1528696638764825600,2099,2,79943,11,2020,1872.64
1528696638764825600,2099,2,79943,12,2020,3869.21
1529958866423532032,7851,3,81026,1,2020,2547.43
1529958866423532032,7851,3,81026,2,2020,605.99
1529958866423532032,7851,3,81026,3,2020,-1734.6
1529958866423532032,7851,3,81026,4,2020,-3016.73
1529958866423532032,7851,3,81026,5,2020,-3274.46
1529958866423532032,7851,3,81026,6,2020,-4010.36
1529958866423532032,7851,3,81026,7,2020,-3828.96
1529958866423532032,7851,3,81026,8,2020,-3093.23
1529958866423532032,7851,3,81026,9,2020,-3756.99
1529958866423532032,7851,3,81026,10,2020,-5410.08
1529958866423532032,7851,3,81026,11,2020,-6355.81
1529958866423532032,7851,3,81026,12,2020,-6687.24
1530650078450824448,188,4,86841,1,2020,-1187.98
1530650078450824448,188,4,86841,2,2020,-1948.96
1530650078450824448,188,4,86841,3,2020,-418.04
1530650078450824448,188,4,86841,4,2020,-1401.19
1530650078450824448,188,4,86841,5,2020,-34.72
1530650078450824448,188,4,86841,6,2020,-1575.79
1530650078450824448,188,4,86841,7,2020,-8058.27
1530650078450824448,188,4,86841,8,2020,-6609.14
1530650078450824448,188,4,86841,9,2020,-5538.2
1530650078450824448,188,4,86841,10,2020,-8140.09
1530650078450824448,188,4,86841,11,2020,-10072.72
1530650078450824448,188,4,86841,12,2020,-13925.71
1532060019533014528,485,8,73748,1,2020,4772.37
1532060019533014528,485,8,73748,2,2020,5898.92
1532060019533014528,485,8,73748,3,2020,7489.38
1532060019533014528,485,8,73748,4,2020,4067.37
1532060019533014528,485,8,73748,5,2020,3431.23
1532060019533014528,485,8,73748,6,2020,-4382.1
1532060019533014528,485,8,73748,7,2020,-12906.45
1532060019533014528,485,8,73748,8,2020,-20768.28
1532060019533014528,485,8,73748,9,2020,-20499.55
1532060019533014528,485,8,73748,10,2020,-20782.02
1532060019533014528,485,8,73748,11,2020,-18535.87
1532060019533014528,485,8,73748,12,2020,-12256.72
1532404898197711616,2337,2,37056,1,2020,-1645.1
1532404898197711616,2337,2,37056,2,2020,-1074.86
1532404898197711616,2337,2,37056,3,2020,-186.65
1532404898197711616,2337,2,37056,4,2020,-864.55
1532404898197711616,2337,2,37056,5,2020,-2913.04
1532404898197711616,2337,2,37056,6,2020,-1315.32
1532404898197711616,2337,2,37056,7,2020,2126.06
1532404898197711616,2337,2,37056,8,2020,8869.9
1532404898197711616,2337,2,37056,9,2020,15563.2
1532404898197711616,2337,2,37056,10,2020,16125.16
1532404898197711616,2337,2,37056,11,2020,11364.42
1532404898197711616,2337,2,37056,12,2020,8892.67
1534934559514399744,6107,8,74198,1,2020,-314.12
1534934559514399744,6107,8,74198,2,2020,3015.7
1534934559514399744,6107,8,74198,3,2020,1524.11
1534934559514399744,6107,8,74198,4,2020,1367.14
1534934559514399744,6107,8,74198,5,2020,1171.86
1534934559514399744,6107,8,74198,6,2020,-1142.45
1534934559514399744,6107,8,74198,7,2020,-1326.34
1534934559514399744,6107,8,74198,8,2020,-3239.64
1534934559514399744,6107,8,74198,9,2020,-3466.48
1534934559514399744,6107,8,74198,10,2020,-3523.61
1534934559514399744,6107,8,74198,11,2020,-7031.93
1534934559514399744,6107,8,74198,12,2020,-5544.25
1536970354273940992,2271,4,14396,1,2020,-491.67
1536970354273940992,2271,4,14396,2,2020,-1750.82
1536970354273940992,2271,4,14396,3,2020,-2198.65
1536970354273940992,2271,4,14396,4,2020,-1832.54
1536970354273940992,2271,4,14396,5,2020,-863.61
1536970354273940992,2271,4,14396,6,2020,-5564.22
1536970354273940992,2271,4,14396,7,2020,-2945.31
1536970354273940992,2271,4,14396,8,2020,-11024.21
1536970354273940992,2271,4,14396,9,2020,-9558.58
1536970354273940992,2271,4,14396,10,2020,-11134.68
1536970354273940992,2271,4,14396,11,2020,-12269.65
1536970354273940992,2271,4,14396,12,2020,-8704.9
1539301057237360128,2691,4,44296,1,2020,2008.22
1539301057237360128,2691,4,44296,2,2020,427.17
1539301057237360128,2691,4,44296,3,2020,1849.03
1539301057237360128,2691,4,44296,4,2020,-760.44
1539301057237360128,2691,4,44296,5,2020,3995.71
1539301057237360128,2691,4,44296,6,2020,6105.71
1539301057237360128,2691,4,44296,7,2020,6747.11
1539301057237360128,2691,4,44296,8,2020,8136.9
1539301057237360128,2691,4,44296,9,2020,7529.16
1539301057237360128,2691,4,44296,10,2020,9781.82
1539301057237360128,2691,4,44296,11,2020,12963.22
1539301057237360128,2691,4,44296,12,2020,11243.77
153995685631433664,1432,8,5030,1,2020,-2911.11
153995685631433664,1432,8,5030,2,2020,-3882.41
153995685631433664,1432,8,5030,3,2020,-303.89
153995685631433664,1432,8,5030,4,2020,-3077.37
153995685631433664,1432,8,5030,5,2020,-2209.64
153995685631433664,1432,8,5030,6,2020,5288.34
153995685631433664,1432,8,5030,7,2020,5163.05
153995685631433664,1432,8,5030,8,2020,6819.37
153995685631433664,1432,8,5030,9,2020,11149.04
153995685631433664,1432,8,5030,10,2020,9308.82
153995685631433664,1432,8,5030,11,2020,8933.97
153995685631433664,1432,8,5030,12,2020,11699.19
1540994009165377536,8072,0,94867,1,2020,-1859.16
1540994009165377536,8072,0,94867,2,2020,-2466.85
1540994009165377536,8072,0,94867,3,2020,-1886.78
1540994009165377536,8072,0,94867,4,2020,-3716.57
1540994009165377536,8072,0,94867,5,2020,-8384.31
1540994009165377536,8072,0,94867,6,2020,-1561.78
1540994009165377536,8072,0,94867,7,2020,1172.5
1540994009165377536,8072,0,94867,8,2020,4366.06
1540994009165377536,8072,0,94867,9,2020,4496.85
1540994009165377536,8072,0,94867,10,2020,-2902.14
1540994009165377536,8072,0,94867,11,2020,335.61
1540994009165377536,8072,0,94867,12,2020,723.69
1542101933366636544,892,9,35214,1,2020,2423.28
1542101933366636544,892,9,35214,2,2020,3826.97
1542101933366636544,892,9,35214,3,2020,4754.2
1542101933366636544,892,9,35214,4,2020,2709.87
1542101933366636544,892,9,35214,5,2020,-1622.04
1542101933366636544,892,9,35214,6,2020,-914.11
1542101933366636544,892,9,35214,7,2020,-118.62
1542101933366636544,892,9,35214,8,2020,5075.24
1542101933366636544,892,9,35214,9,2020,7319.4
1542101933366636544,892,9,35214,10,2020,10564.9
1542101933366636544,892,9,35214,11,2020,8450.7
1542101933366636544,892,9,35214,12,2020,12417.13
1542900245793389568,795,8,10210,1,2020,-3757.47
1542900245793389568,795,8,10210,2,2020,1358.76
1542900245793389568,795,8,10210,3,2020,1299.23
1542900245793389568,795,8,10210,4,2020,3593.46
1542900245793389568,795,8,10210,5,2020,1415.92
1542900245793389568,795,8,10210,6,2020,5942.51
1542900245793389568,795,8,10210,7,2020,7987.74
1542900245793389568,795,8,10210,8,2020,5814.02
1542900245793389568,795,8,10210,9,2020,2036.1
1542900245793389568,795,8,10210,10,2020,-3694.77
1542900245793389568,795,8,10210,11,2020,201.24
1542900245793389568,795,8,10210,12,2020,2799.1
1544383750174618368,7817,7,31904,1,2020,2734.47
1544383750174618368,7817,7,31904,2,2020,-3403.72
1544383750174618368,7817,7,31904,3,2020,-2306.44
1544383750174618368,7817,7,31904,4,2020,-3065.56
1544383750174618368,7817,7,31904,5,2020,-6657.24
1544383750174618368,7817,7,31904,6,2020,-719.34
1544383750174618368,7817,7,31904,7,2020,5181.89
1544383750174618368,7817,7,31904,8,2020,6478.05
1544383750174618368,7817,7,31904,9,2020,3192.87
1544383750174618368,7817,7,31904,10,2020,176.15
