1921312883281050112,1010,0,65578,1,2020,-816.36
1921312883281050112,1010,0,65578,2,2020,-5626.71
1921312883281050112,1010,0,65578,3,2020,-8190.22
1921312883281050112,1010,0,65578,4,2020,-9001.13
1921312883281050112,1010,0,65578,5,2020,-11749.24
1921312883281050112,1010,0,65578,6,2020,-6489.64
1921312883281050112,1010,0,65578,7,2020,-12178.34
1921312883281050112,1010,0,65578,8,2020,-13091.84
1921312883281050112,1010,0,65578,9,2020,-17305.66
1921312883281050112,1010,0,65578,10,2020,-20439.28
1921312883281050112,1010,0,65578,11,2020,-21772.85
1921312883281050112,1010,0,65578,12,2020,-22998.01
1921396465200295936,8301,3,69965,1,2020,-5221.16
1921396465200295936,8301,3,69965,2,2020,-4466.13
1921396465200295936,8301,3,69965,3,2020,-7098.56
1921396465200295936,8301,3,69965,4,2020,-10091.71
1921396465200295936,8301,3,69965,5,2020,-10383.93
1921396465200295936,8301,3,69965,6,2020,-11964.21
1921396465200295936,8301,3,69965,7,2020,-10581.12
1921396465200295936,8301,3,69965,8,2020,-13136.9
1921396465200295936,8301,3,69965,9,2020,-14319.95
1921396465200295936,8301,3,69965,10,2020,-19831.84
1921396465200295936,8301,3,69965,11,2020,-16022.44
1921396465200295936,8301,3,69965,12,2020,-15323.66
1922642443729469952,3058,8,79614,1,2020,980.07
1922642443729469952,3058,8,79614,2,2020,1658.98
1922642443729469952,3058,8,79614,3,2020,3988.46
1922642443729469952,3058,8,79614,4,2020,739.0
1922642443729469952,3058,8,79614,5,2020,-3210.33
1922642443729469952,3058,8,79614,6,2020,-2736.93
1922642443729469952,3058,8,79614,7,2020,-3248.73
1922642443729469952,3058,8,79614,8,2020,-120.43
1922642443729469952,3058,8,79614,9,2020,1708.77
1922642443729469952,3058,8,79614,10,2020,5757.3
1922642443729469952,3058,8,79614,11,2020,8856.81
1922642443729469952,3058,8,79614,12,2020,12446.95
1923469440001817856,2534,0,96936,1,2020,2293.85
1923469440001817856,2534,0,96936,2,2020,1472.34
1923469440001817856,2534,0,96936,3,2020,983.34
1923469440001817856,2534,0,96936,4,2020,-2466.73
1923469440001817856,2534,0,96936,5,2020,-5176.38
1923469440001817856,2534,0,96936,6,2020,-1860.81
1923469440001817856,2534,0,96936,7,2020,-2534.8
1923469440001817856,2534,0,96936,8,2020,-6056.41
1923469440001817856,2534,0,96936,9,2020,-10223.11
1923469440001817856,2534,0,96936,10,2020,-600.45
1923469440001817856,2534,0,96936,11,2020,-3193.22
1923469440001817856,2534,0,96936,12,2020,-6648.61
1924159914821152768,9241,3,46272,1,2020,0.0
1924159914821152768,9241,3,46272,2,2020,1221.32
1924159914821152768,9241,3,46272,3,2020,2192.4
1924159914821152768,9241,3,46272,4,2020,2192.4
1924159914821152768,9241,3,46272,5,2020,2192.4
1924159914821152768,9241,3,46272,6,2020,2192.4
1924159914821152768,9241,3,46272,7,2020,2192.4
1924159914821152768,9241,3,46272,8,2020,2192.4
1924159914821152768,9241,3,46272,9,2020,1050.71
1924159914821152768,9241,3,46272,10,2020,2195.14
1924159914821152768,9241,3,46272,11,2020,5448.94
1924159914821152768,9241,3,46272,12,2020,8436.18
1924169836445591040,8845,8,6414,1,2020,2193.77
1924169836445591040,8845,8,6414,2,2020,2999.95
1924169836445591040,8845,8,6414,3,2020,1094.86
1924169836445591040,8845,8,6414,4,2020,2295.69
1924169836445591040,8845,8,6414,5,2020,348.42
1924169836445591040,8845,8,6414,6,2020,327.62
1924169836445591040,8845,8,6414,7,2020,-2808.9
1924169836445591040,8845,8,6414,8,2020,261.0
1924169836445591040,8845,8,6414,9,2020,-1842.26
1924169836445591040,8845,8,6414,10,2020,-226.71
1924169836445591040,8845,8,6414,11,2020,304.85
1924169836445591040,8845,8,6414,12,2020,1449.69
1925423204255336448,1808,8,68860,1,2020,742.71
1925423204255336448,1808,8,68860,2,2020,1543.84
1925423204255336448,1808,8,68860,3,2020,357.8
1925423204255336448,1808,8,68860,4,2020,-8746.17
1925423204255336448,1808,8,68860,5,2020,-7583.7
1925423204255336448,1808,8,68860,6,2020,-9272.56
1925423204255336448,1808,8,68860,7,2020,-17579.72
1925423204255336448,1808,8,68860,8,2020,-20459.29
1925423204255336448,1808,8,68860,9,2020,-24045.16
1925423204255336448,1808,8,68860,10,2020,-24148.32
1925423204255336448,1808,8,68860,11,2020,-28123.81
1925423204255336448,1808,8,68860,12,2020,-29487.21
1926215778679508224,5494,6,66835,1,2020,9547.14
1926215778679508224,5494,6,66835,2,2020,11679.69
1926215778679508224,5494,6,66835,3,2020,6525.24
1926215778679508224,5494,6,66835,4,2020,5138.24
1926215778679508224,5494,6,66835,5,2020,10534.74
1926215778679508224,5494,6,66835,6,2020,6910.95
1926215778679508224,5494,6,66835,7,2020,10838.93
1926215778679508224,5494,6,66835,8,2020,9780.57
1926215778679508224,5494,6,66835,9,2020,5371.96
1926215778679508224,5494,6,66835,10,2020,7969.43
1926215778679508224,5494,6,66835,11,2020,8518.77
1926215778679508224,5494,6,66835,12,2020,5358.71
1928442841913974528,575,3,42180,1,2020,1690.18
1928442841913974528,575,3,42180,2,2020,2415.57
1928442841913974528,575,3,42180,3,2020,2606.91
1928442841913974528,575,3,42180,4,2020,-734.44
1928442841913974528,575,3,42180,5,2020,-531.53
1928442841913974528,575,3,42180,6,2020,-900.98
1928442841913974528,575,3,42180,7,2020,-3320.56
1928442841913974528,575,3,42180,8,2020,-4370.84
1928442841913974528,575,3,42180,9,2020,-4593.5
1928442841913974528,575,3,42180,10,2020,-2697.88
1928442841913974528,575,3,42180,11,2020,-3631.08
1928442841913974528,575,3,42180,12,2020,-3324.13
1929222383055019520,4657,6,1724,1,2020,5419.42
1929222383055019520,4657,6,1724,2,2020,6338.53
1929222383055019520,4657,6,1724,3,2020,5909.49
1929222383055019520,4657,6,1724,4,2020,864.29
1929222383055019520,4657,6,1724,5,2020,3773.5
1929222383055019520,4657,6,1724,6,2020,3831.36
1929222383055019520,4657,6,1724,7,2020,259.25
1929222383055019520,4657,6,1724,8,2020,7660.93
1929222383055019520,4657,6,1724,9,2020,4175.43
1929222383055019520,4657,6,1724,10,2020,12008.54
1929222383055019520,4657,6,1724,11,2020,15587.64
1929222383055019520,4657,6,1724,12,2020,15646.69
192963180483984960,9975,0,5466,1,2020,30.82
192963180483984960,9975,0,5466,2,2020,4985.46
192963180483984960,9975,0,5466,3,2020,3299.66
192963180483984960,9975,0,5466,4,2020,4328.29
192963180483984960,9975,0,5466,5,2020,5065.76
192963180483984960,9975,0,5466,6,2020,8653.53
192963180483984960,9975,0,5466,7,2020,13080.0
192963180483984960,9975,0,5466,8,2020,13096.29
192963180483984960,9975,0,5466,9,2020,12162.63
192963180483984960,9975,0,5466,10,2020,14977.13
192963180483984960,9975,0,5466,11,2020,14938.01
192963180483984960,9975,0,5466,12,2020,15230.87
1934557604844513536,2637,0,8281,1,2020,3851.65
1934557604844513536,2637,0,8281,2,2020,3614.84
1934557604844513536,2637,0,8281,3,2020,2177.4
1934557604844513536,2637,0,8281,4,2020,4704.13
1934557604844513536,2637,0,8281,5,2020,7077.51
1934557604844513536,2637,0,8281,6,2020,7002.06
1934557604844513536,2637,0,8281,7,2020,8287.48
1934557604844513536,2637,0,8281,8,2020,11120.73
1934557604844513536,2637,0,8281,9,2020,12325.37
1934557604844513536,2637,0,8281,10,2020,9444.89
1934557604844513536,2637,0,8281,11,2020,9951.82
1934557604844513536,2637,0,8281,12,2020,11111.2
1935998944591101696,6901,2,54521,1,2020,-2658.26
1935998944591101696,6901,2,54521,2,2020,-7609.87
1935998944591101696,6901,2,54521,3,2020,-8459.22
1935998944591101696,6901,2,54521,4,2020,-10099.37
1935998944591101696,6901,2,54521,5,2020,-11744.95
1935998944591101696,6901,2,54521,6,2020,-9578.85
1935998944591101696,6901,2,54521,7,2020,-10542.44
1935998944591101696,6901,2,54521,8,2020,-8071.72
1935998944591101696,6901,2,54521,9,2020,-3656.75
1935998944591101696,6901,2,54521,10,2020,-4093.75
1935998944591101696,6901,2,54521,11,2020,-6989.56
1935998944591101696,6901,2,54521,12,2020,-1042.36
1938831146590589440,286,2,69152,1,2020,-222.48
1938831146590589440,286,2,69152,2,2020,821.65
1938831146590589440,286,2,69152,3,2020,-5732.81
1938831146590589440,286,2,69152,4,2020,-6651.24
1938831146590589440,286,2,69152,5,2020,-5776.75
1938831146590589440,286,2,69152,6,2020,-4312.91
1938831146590589440,286,2,69152,7,2020,-6830.87
1938831146590589440,286,2,69152,8,2020,-837.33
1938831146590589440,286,2,69152,9,2020,4089.64
1938831146590589440,286,2,69152,10,2020,-1264.95
1938831146590589440,286,2,69152,11,2020,4186.03
1938831146590589440,286,2,69152,12,2020,1480.12
1939402546244374016,6621,2,21868,1,2020,932.33
1939402546244374016,6621,2,21868,2,2020,732.11
1939402546244374016,6621,2,21868,3,2020,-1523.9
1939402546244374016,6621,2,21868,4,2020,513.98
1939402546244374016,6621,2,21868,5,2020,-2085.78
1939402546244374016,6621,2,21868,6,2020,-386.11
1939402546244374016,6621,2,21868,7,2020,-1136.43
1939402546244374016,6621,2,21868,8,2020,-1436.61
1939402546244374016,6621,2,21868,9,2020,142.54
1939402546244374016,6621,2,21868,10,2020,1046.91
1939402546244374016,6621,2,21868,11,2020,1844.37
1939402546244374016,6621,2,21868,12,2020,-1450.15
193967084425721440,1544,8,77930,1,2020,-5397.9
193967084425721440,1544,8,77930,2,2020,2036.46
193967084425721440,1544,8,77930,3,2020,935.95
193967084425721440,1544,8,77930,4,2020,-1080.1
193967084425721440,1544,8,77930,5,2020,-2373.48
193967084425721440,1544,8,77930,6,2020,-922.85
193967084425721440,1544,8,77930,7,2020,3516.99
193967084425721440,1544,8,77930,8,2020,-740.28
193967084425721440,1544,8,77930,9,2020,-1729.91
193967084425721440,1544,8,77930,10,2020,1483.23
193967084425721440,1544,8,77930,11,2020,523.65
193967084425721440,1544,8,77930,12,2020,4251.26
1940564976545891840,4546,2,21516,1,2020,-5953.82
1940564976545891840,4546,2,21516,2,2020,-8860.34
1940564976545891840,4546,2,21516,3,2020,-10776.66
1940564976545891840,4546,2,21516,4,2020,-12009.07
1940564976545891840,4546,2,21516,5,2020,-20367.47
1940564976545891840,4546,2,21516,6,2020,-20610.34
1940564976545891840,4546,2,21516,7,2020,-25416.1
1940564976545891840,4546,2,21516,8,2020,-22558.25
1940564976545891840,4546,2,21516,9,2020,-25941.36
1940564976545891840,4546,2,21516,10,2020,-30168.36
1940564976545891840,4546,2,21516,11,2020,-34823.22
1940564976545891840,4546,2,21516,12,2020,-32887.87
1941809889078829312,5287,1,38165,1,2020,0.0
1941809889078829312,5287,1,38165,2,2020,0.0
1941809889078829312,5287,1,38165,3,2020,0.0
1941809889078829312,5287,1,38165,4,2020,0.0
1941809889078829312,5287,1,38165,5,2020,0.0
1941809889078829312,5287,1,38165,6,2020,-1741.71
1941809889078829312,5287,1,38165,7,2020,-1741.71
1941809889078829312,5287,1,38165,8,2020,-1741.71
1941809889078829312,5287,1,38165,9,2020,-1741.71
1941809889078829312,5287,1,38165,10,2020,-1741.71
1941809889078829312,5287,1,38165,11,2020,-1741.71
1941809889078829312,5287,1,38165,12,2020,-1741.71
194230705711642272,6960,8,2448,1,2020,5957.41
194230705711642272,6960,8,2448,2,2020,5412.15
194230705711642272,6960,8,2448,3,2020,5174.94
194230705711642272,6960,8,2448,4,2020,5172.02
194230705711642272,6960,8,2448,5,2020,391.76
194230705711642272,6960,8,2448,6,2020,1370.41
194230705711642272,6960,8,2448,7,2020,951.57
194230705711642272,6960,8,2448,8,2020,-11263.64
194230705711642272,6960,8,2448,9,2020,-12655.48
194230705711642272,6960,8,2448,10,2020,-15054.88
194230705711642272,6960,8,2448,11,2020,-15742.12
194230705711642272,6960,8,2448,12,2020,-22766.98
1942450447856802816,7675,4,3168,1,2020,0.0
1942450447856802816,7675,4,3168,2,2020,728.81
1942450447856802816,7675,4,3168,3,2020,304.9
1942450447856802816,7675,4,3168,4,2020,816.69
1942450447856802816,7675,4,3168,5,2020,816.69
1942450447856802816,7675,4,3168,6,2020,-1913.49
1942450447856802816,7675,4,3168,7,2020,-1913.49
1942450447856802816,7675,4,3168,8,2020,-1913.49
1942450447856802816,7675,4,3168,9,2020,-1913.49
1942450447856802816,7675,4,3168,10,2020,-1913.49
