2127433475407403776,8560,4,74805,8,2020,12803.0
2127433475407403776,8560,4,74805,9,2020,10887.85
2127433475407403776,8560,4,74805,10,2020,12189.0
2127433475407403776,8560,4,74805,11,2020,15965.17
2127433475407403776,8560,4,74805,12,2020,10852.61
2128424129345291264,3863,2,24412,1,2020,-625.05
2128424129345291264,3863,2,24412,2,2020,3278.53
2128424129345291264,3863,2,24412,3,2020,928.64
2128424129345291264,3863,2,24412,4,2020,6023.79
2128424129345291264,3863,2,24412,5,2020,1746.12
2128424129345291264,3863,2,24412,6,2020,10113.88
2128424129345291264,3863,2,24412,7,2020,7841.61
2128424129345291264,3863,2,24412,8,2020,10860.64
2128424129345291264,3863,2,24412,9,2020,10421.34
2128424129345291264,3863,2,24412,10,2020,8025.79
2128424129345291264,3863,2,24412,11,2020,13825.43
2128424129345291264,3863,2,24412,12,2020,11834.17
2129013948968909312,1563,1,53852,1,2020,5010.58
2129013948968909312,1563,1,53852,2,2020,11007.56
2129013948968909312,1563,1,53852,3,2020,7482.55
2129013948968909312,1563,1,53852,4,2020,9455.68
2129013948968909312,1563,1,53852,5,2020,7712.22
2129013948968909312,1563,1,53852,6,2020,3097.1
2129013948968909312,1563,1,53852,7,2020,12596.64
2129013948968909312,1563,1,53852,8,2020,15746.87
2129013948968909312,1563,1,53852,9,2020,13044.71
2129013948968909312,1563,1,53852,10,2020,7087.33
2129013948968909312,1563,1,53852,11,2020,9927.4
2129013948968909312,1563,1,53852,12,2020,13392.18
2129299597022120448,4563,4,53266,1,2020,-1834.83
2129299597022120448,4563,4,53266,2,2020,1204.83
2129299597022120448,4563,4,53266,3,2020,-3860.35
2129299597022120448,4563,4,53266,4,2020,-7910.96
2129299597022120448,4563,4,53266,5,2020,-4606.17
2129299597022120448,4563,4,53266,6,2020,829.59
2129299597022120448,4563,4,53266,7,2020,-585.76
2129299597022120448,4563,4,53266,8,2020,1933.79
2129299597022120448,4563,4,53266,9,2020,2779.68
2129299597022120448,4563,4,53266,10,2020,7236.69
2129299597022120448,4563,4,53266,11,2020,12486.97
2129299597022120448,4563,4,53266,12,2020,11640.95
21312345113145264,8750,8,76466,1,2020,7575.7
21312345113145264,8750,8,76466,2,2020,20003.52
21312345113145264,8750,8,76466,3,2020,28136.52
21312345113145264,8750,8,76466,4,2020,24376.1
21312345113145264,8750,8,76466,5,2020,28111.25
21312345113145264,8750,8,76466,6,2020,23480.61
21312345113145264,8750,8,76466,7,2020,25791.59
21312345113145264,8750,8,76466,8,2020,27571.6
21312345113145264,8750,8,76466,9,2020,28055.72
21312345113145264,8750,8,76466,10,2020,23747.98
21312345113145264,8750,8,76466,11,2020,22811.54
21312345113145264,8750,8,76466,12,2020,22962.09
2131355563895003648,13,7,22674,1,2020,28.5
2131355563895003648,13,7,22674,2,2020,29.66
2131355563895003648,13,7,22674,3,2020,1765.83
2131355563895003648,13,7,22674,4,2020,5451.15
2131355563895003648,13,7,22674,5,2020,6710.93
2131355563895003648,13,7,22674,6,2020,7645.79
2131355563895003648,13,7,22674,7,2020,8282.43
2131355563895003648,13,7,22674,8,2020,10537.71
2131355563895003648,13,7,22674,9,2020,10815.42
2131355563895003648,13,7,22674,10,2020,12099.13
2131355563895003648,13,7,22674,11,2020,10688.01
2131355563895003648,13,7,22674,12,2020,5660.99
2131656990788062208,4242,1,20410,1,2020,-4158.64
2131656990788062208,4242,1,20410,2,2020,-3097.34
2131656990788062208,4242,1,20410,3,2020,-4770.37
2131656990788062208,4242,1,20410,4,2020,-4153.61
2131656990788062208,4242,1,20410,5,2020,-1359.92
2131656990788062208,4242,1,20410,6,2020,-10625.42
2131656990788062208,4242,1,20410,7,2020,-10721.62
2131656990788062208,4242,1,20410,8,2020,-13198.75
2131656990788062208,4242,1,20410,9,2020,-12591.84
2131656990788062208,4242,1,20410,10,2020,-12763.43
2131656990788062208,4242,1,20410,11,2020,-16023.0
2131656990788062208,4242,1,20410,12,2020,-15929.95
2134214700317350912,2201,0,40294,1,2020,1688.36
2134214700317350912,2201,0,40294,2,2020,1419.25
2134214700317350912,2201,0,40294,3,2020,-193.94
2134214700317350912,2201,0,40294,4,2020,1045.6
2134214700317350912,2201,0,40294,5,2020,1891.46
2134214700317350912,2201,0,40294,6,2020,1897.93
2134214700317350912,2201,0,40294,7,2020,4128.16
2134214700317350912,2201,0,40294,8,2020,2994.16
2134214700317350912,2201,0,40294,9,2020,2416.52
2134214700317350912,2201,0,40294,10,2020,4925.24
2134214700317350912,2201,0,40294,11,2020,3230.25
2134214700317350912,2201,0,40294,12,2020,4910.95
213427376287104544,7238,2,9844,1,2020,5116.8
213427376287104544,7238,2,9844,2,2020,3700.07
213427376287104544,7238,2,9844,3,2020,2481.95
213427376287104544,7238,2,9844,4,2020,-3144.15
213427376287104544,7238,2,9844,5,2020,-1138.35
213427376287104544,7238,2,9844,6,2020,-3241.06
213427376287104544,7238,2,9844,7,2020,-5174.61
213427376287104544,7238,2,9844,8,2020,-5307.17
213427376287104544,7238,2,9844,9,2020,-5177.36
213427376287104544,7238,2,9844,10,2020,-7577.47
213427376287104544,7238,2,9844,11,2020,-6554.0
213427376287104544,7238,2,9844,12,2020,-10798.92
2135527518220152576,6275,9,12110,1,2020,1161.9
2135527518220152576,6275,9,12110,2,2020,2473.59
2135527518220152576,6275,9,12110,3,2020,-1482.58
2135527518220152576,6275,9,12110,4,2020,4084.61
2135527518220152576,6275,9,12110,5,2020,-2170.57
2135527518220152576,6275,9,12110,6,2020,-7749.98
2135527518220152576,6275,9,12110,7,2020,-9452.59
2135527518220152576,6275,9,12110,8,2020,-7987.51
2135527518220152576,6275,9,12110,9,2020,-4464.01
2135527518220152576,6275,9,12110,10,2020,1767.3
2135527518220152576,6275,9,12110,11,2020,7626.84
2135527518220152576,6275,9,12110,12,2020,3815.37
2136383966654544128,5669,0,98410,1,2020,41.73
2136383966654544128,5669,0,98410,2,2020,378.79
2136383966654544128,5669,0,98410,3,2020,228.16
2136383966654544128,5669,0,98410,4,2020,484.15
2136383966654544128,5669,0,98410,5,2020,-1162.28
2136383966654544128,5669,0,98410,6,2020,-3435.45
2136383966654544128,5669,0,98410,7,2020,-4038.97
2136383966654544128,5669,0,98410,8,2020,-1913.81
2136383966654544128,5669,0,98410,9,2020,-2821.49
2136383966654544128,5669,0,98410,10,2020,-2821.49
2136383966654544128,5669,0,98410,11,2020,-2661.4
2136383966654544128,5669,0,98410,12,2020,-3851.27
2136749260695403008,4792,7,87169,1,2020,2065.56
2136749260695403008,4792,7,87169,2,2020,5455.16
2136749260695403008,4792,7,87169,3,2020,3215.56
2136749260695403008,4792,7,87169,4,2020,-610.48
2136749260695403008,4792,7,87169,5,2020,812.19
2136749260695403008,4792,7,87169,6,2020,-6817.08
2136749260695403008,4792,7,87169,7,2020,-8561.28
2136749260695403008,4792,7,87169,8,2020,-5551.08
2136749260695403008,4792,7,87169,9,2020,-5388.81
2136749260695403008,4792,7,87169,10,2020,-5398.25
2136749260695403008,4792,7,87169,11,2020,-8531.11
2136749260695403008,4792,7,87169,12,2020,-3000.99
2137765045525244160,2800,6,25588,1,2020,75.26
2137765045525244160,2800,6,25588,2,2020,-618.57
2137765045525244160,2800,6,25588,3,2020,-1323.29
2137765045525244160,2800,6,25588,4,2020,203.94
2137765045525244160,2800,6,25588,5,2020,691.54
2137765045525244160,2800,6,25588,6,2020,1643.83
2137765045525244160,2800,6,25588,7,2020,3052.53
2137765045525244160,2800,6,25588,8,2020,3431.5
2137765045525244160,2800,6,25588,9,2020,1445.15
2137765045525244160,2800,6,25588,10,2020,987.27
2137765045525244160,2800,6,25588,11,2020,410.49
2137765045525244160,2800,6,25588,12,2020,4083.73
2137956045041483520,3745,8,8069,1,2020,-3126.67
2137956045041483520,3745,8,8069,2,2020,-2244.24
2137956045041483520,3745,8,8069,3,2020,-1918.04
2137956045041483520,3745,8,8069,4,2020,-7568.38
2137956045041483520,3745,8,8069,5,2020,-8336.04
2137956045041483520,3745,8,8069,6,2020,-8566.01
2137956045041483520,3745,8,8069,7,2020,-8146.15
2137956045041483520,3745,8,8069,8,2020,-9874.13
2137956045041483520,3745,8,8069,9,2020,-13956.96
2137956045041483520,3745,8,8069,10,2020,-15376.57
2137956045041483520,3745,8,8069,11,2020,-12940.82
2137956045041483520,3745,8,8069,12,2020,-7022.98
2138284857298809856,2858,1,94160,1,2020,1958.04
2138284857298809856,2858,1,94160,2,2020,-2726.42
2138284857298809856,2858,1,94160,3,2020,-3288.43
2138284857298809856,2858,1,94160,4,2020,2888.56
2138284857298809856,2858,1,94160,5,2020,384.11
2138284857298809856,2858,1,94160,6,2020,2594.49
2138284857298809856,2858,1,94160,7,2020,1182.05
2138284857298809856,2858,1,94160,8,2020,953.87
2138284857298809856,2858,1,94160,9,2020,-2940.48
2138284857298809856,2858,1,94160,10,2020,-2432.95
2138284857298809856,2858,1,94160,11,2020,-1608.32
2138284857298809856,2858,1,94160,12,2020,2821.71
2138424028943820032,1742,6,93415,1,2020,-1024.1
2138424028943820032,1742,6,93415,2,2020,-6959.83
2138424028943820032,1742,6,93415,3,2020,-6723.58
2138424028943820032,1742,6,93415,4,2020,2022.04
2138424028943820032,1742,6,93415,5,2020,3117.65
2138424028943820032,1742,6,93415,6,2020,10093.35
2138424028943820032,1742,6,93415,7,2020,20522.88
2138424028943820032,1742,6,93415,8,2020,21276.32
2138424028943820032,1742,6,93415,9,2020,26048.98
2138424028943820032,1742,6,93415,10,2020,23420.71
2138424028943820032,1742,6,93415,11,2020,25748.66
2138424028943820032,1742,6,93415,12,2020,21367.49
2140002685438476032,3082,0,25761,1,2020,3660.34
2140002685438476032,3082,0,25761,2,2020,1112.73
2140002685438476032,3082,0,25761,3,2020,1776.96
2140002685438476032,3082,0,25761,4,2020,1325.71
2140002685438476032,3082,0,25761,5,2020,3056.81
2140002685438476032,3082,0,25761,6,2020,6168.84
2140002685438476032,3082,0,25761,7,2020,6323.08
2140002685438476032,3082,0,25761,8,2020,9866.47
2140002685438476032,3082,0,25761,9,2020,13743.9
2140002685438476032,3082,0,25761,10,2020,12843.21
2140002685438476032,3082,0,25761,11,2020,12420.56
2140002685438476032,3082,0,25761,12,2020,10025.31
2140350085908698368,5332,4,16522,1,2020,1422.99
2140350085908698368,5332,4,16522,2,2020,-2971.73
2140350085908698368,5332,4,16522,3,2020,-4492.34
2140350085908698368,5332,4,16522,4,2020,-912.63
2140350085908698368,5332,4,16522,5,2020,819.16
2140350085908698368,5332,4,16522,6,2020,3787.46
2140350085908698368,5332,4,16522,7,2020,8883.69
2140350085908698368,5332,4,16522,8,2020,8690.43
2140350085908698368,5332,4,16522,9,2020,11433.45
2140350085908698368,5332,4,16522,10,2020,15884.04
2140350085908698368,5332,4,16522,11,2020,12951.86
2140350085908698368,5332,4,16522,12,2020,21672.18
214057815026765504,9667,4,7277,1,2020,-1777.59
214057815026765504,9667,4,7277,2,2020,-2414.92
214057815026765504,9667,4,7277,3,2020,-806.91
214057815026765504,9667,4,7277,4,2020,3408.65
214057815026765504,9667,4,7277,5,2020,-4576.7
214057815026765504,9667,4,7277,6,2020,-220.15
214057815026765504,9667,4,7277,7,2020,-7681.13
214057815026765504,9667,4,7277,8,2020,-8678.99
214057815026765504,9667,4,7277,9,2020,-10553.4
214057815026765504,9667,4,7277,10,2020,-9667.6
214057815026765504,9667,4,7277,11,2020,-5415.84
214057815026765504,9667,4,7277,12,2020,-11325.97
2140918619922447616,9865,3,51708,1,2020,3301.27
2140918619922447616,9865,3,51708,2,2020,3410.97
2140918619922447616,9865,3,51708,3,2020,-3005.45
2140918619922447616,9865,3,51708,4,2020,-3872.31
2140918619922447616,9865,3,51708,5,2020,6390.02
2140918619922447616,9865,3,51708,6,2020,7523.86
2140918619922447616,9865,3,51708,7,2020,4397.22
2140918619922447616,9865,3,51708,8,2020,3142.26
2140918619922447616,9865,3,51708,9,2020,-2441.52
2140918619922447616,9865,3,51708,10,2020,-1397.63
2140918619922447616,9865,3,51708,11,2020,-3472.41
2140918619922447616,9865,3,51708,12,2020,-9705.88
2141085595139931904,6574,0,62166,1,2020,-8282.78
2141085595139931904,6574,0,62166,2,2020,-10858.54
2141085595139931904,6574,0,62166,3,2020,-6740.21
2141085595139931904,6574,0,62166,4,2020,-6359.16
2141085595139931904,6574,0,62166,5,2020,-5332.59
2141085595139931904,6574,0,62166,6,2020,-10433.41
2141085595139931904,6574,0,62166,7,2020,-10187.04
