1856397199848639232,8105,3,35416,4,2020,-14896.67
1856397199848639232,8105,3,35416,5,2020,-10869.71
1856397199848639232,8105,3,35416,6,2020,-17650.0
1856397199848639232,8105,3,35416,7,2020,-23625.15
1856397199848639232,8105,3,35416,8,2020,-25215.73
1856397199848639232,8105,3,35416,9,2020,-24363.78
1856397199848639232,8105,3,35416,10,2020,-26488.22
1856397199848639232,8105,3,35416,11,2020,-24708.25
1856397199848639232,8105,3,35416,12,2020,-20990.58
185648988121536832,7366,6,77992,1,2020,-1080.61
185648988121536832,7366,6,77992,2,2020,-9780.66
185648988121536832,7366,6,77992,3,2020,-14074.71
185648988121536832,7366,6,77992,4,2020,-12897.59
185648988121536832,7366,6,77992,5,2020,-17818.53
185648988121536832,7366,6,77992,6,2020,-24493.54
185648988121536832,7366,6,77992,7,2020,-25248.06
185648988121536832,7366,6,77992,8,2020,-24815.56
185648988121536832,7366,6,77992,9,2020,-25616.7
185648988121536832,7366,6,77992,10,2020,-18172.84
185648988121536832,7366,6,77992,11,2020,-20763.03
185648988121536832,7366,6,77992,12,2020,-15482.66
1858226580720611072,6964,8,84354,1,2020,1019.3
1858226580720611072,6964,8,84354,2,2020,46.5
1858226580720611072,6964,8,84354,3,2020,-2317.43
1858226580720611072,6964,8,84354,4,2020,-3544.17
1858226580720611072,6964,8,84354,5,2020,-7691.58
1858226580720611072,6964,8,84354,6,2020,-5018.54
1858226580720611072,6964,8,84354,7,2020,-6862.8
1858226580720611072,6964,8,84354,8,2020,-6627.21
1858226580720611072,6964,8,84354,9,2020,-9760.96
1858226580720611072,6964,8,84354,10,2020,-14493.11
1858226580720611072,6964,8,84354,11,2020,-9354.6
1858226580720611072,6964,8,84354,12,2020,-2602.19
1859413263335656960,2526,1,35488,1,2020,-197.26
1859413263335656960,2526,1,35488,2,2020,-2235.49
1859413263335656960,2526,1,35488,3,2020,-10708.23
1859413263335656960,2526,1,35488,4,2020,-4745.33
1859413263335656960,2526,1,35488,5,2020,2162.34
1859413263335656960,2526,1,35488,6,2020,10584.33
1859413263335656960,2526,1,35488,7,2020,9896.26
1859413263335656960,2526,1,35488,8,2020,7559.47
1859413263335656960,2526,1,35488,9,2020,6225.24
1859413263335656960,2526,1,35488,10,2020,17470.15
1859413263335656960,2526,1,35488,11,2020,10162.38
1859413263335656960,2526,1,35488,12,2020,9829.17
1860240220899784192,8412,4,63876,1,2020,673.23
1860240220899784192,8412,4,63876,2,2020,6447.17
1860240220899784192,8412,4,63876,3,2020,12738.84
1860240220899784192,8412,4,63876,4,2020,10866.4
1860240220899784192,8412,4,63876,5,2020,8395.29
1860240220899784192,8412,4,63876,6,2020,7949.26
1860240220899784192,8412,4,63876,7,2020,3964.78
1860240220899784192,8412,4,63876,8,2020,5132.06
1860240220899784192,8412,4,63876,9,2020,3299.78
1860240220899784192,8412,4,63876,10,2020,9201.13
1860240220899784192,8412,4,63876,11,2020,5944.71
1860240220899784192,8412,4,63876,12,2020,7574.34
186066020344372992,9326,6,75810,1,2020,-1743.7
186066020344372992,9326,6,75810,2,2020,-1130.62
186066020344372992,9326,6,75810,3,2020,2330.3
186066020344372992,9326,6,75810,4,2020,1692.97
186066020344372992,9326,6,75810,5,2020,-5402.5
186066020344372992,9326,6,75810,6,2020,-6445.03
186066020344372992,9326,6,75810,7,2020,-10438.67
186066020344372992,9326,6,75810,8,2020,-12295.48
186066020344372992,9326,6,75810,9,2020,-12351.4
186066020344372992,9326,6,75810,10,2020,-12456.04
186066020344372992,9326,6,75810,11,2020,-13360.57
186066020344372992,9326,6,75810,12,2020,-6111.02
1861228496842201088,1122,1,21316,1,2020,3850.6
1861228496842201088,1122,1,21316,2,2020,-447.35
1861228496842201088,1122,1,21316,3,2020,-1706.91
1861228496842201088,1122,1,21316,4,2020,-5202.06
1861228496842201088,1122,1,21316,5,2020,-4795.02
1861228496842201088,1122,1,21316,6,2020,-4957.07
1861228496842201088,1122,1,21316,7,2020,-9920.02
1861228496842201088,1122,1,21316,8,2020,-14408.16
1861228496842201088,1122,1,21316,9,2020,-15537.58
1861228496842201088,1122,1,21316,10,2020,-14383.39
1861228496842201088,1122,1,21316,11,2020,-16099.38
1861228496842201088,1122,1,21316,12,2020,-19451.53
1862004168481614592,9840,9,92560,1,2020,-3530.05
1862004168481614592,9840,9,92560,2,2020,-8589.86
1862004168481614592,9840,9,92560,3,2020,-5687.31
1862004168481614592,9840,9,92560,4,2020,-3140.04
1862004168481614592,9840,9,92560,5,2020,-6944.59
1862004168481614592,9840,9,92560,6,2020,-792.89
1862004168481614592,9840,9,92560,7,2020,385.11
1862004168481614592,9840,9,92560,8,2020,-3067.79
1862004168481614592,9840,9,92560,9,2020,-7230.31
1862004168481614592,9840,9,92560,10,2020,-9740.06
1862004168481614592,9840,9,92560,11,2020,-7442.92
1862004168481614592,9840,9,92560,12,2020,-5771.84
1862443891082592256,5554,2,59362,1,2020,0.0
1862443891082592256,5554,2,59362,2,2020,0.0
1862443891082592256,5554,2,59362,3,2020,0.0
1862443891082592256,5554,2,59362,4,2020,0.0
1862443891082592256,5554,2,59362,5,2020,0.0
1862443891082592256,5554,2,59362,6,2020,2175.51
1862443891082592256,5554,2,59362,7,2020,2175.51
1862443891082592256,5554,2,59362,8,2020,2175.51
1862443891082592256,5554,2,59362,9,2020,2175.51
1862443891082592256,5554,2,59362,10,2020,2175.51
1862443891082592256,5554,2,59362,11,2020,2175.51
1862443891082592256,5554,2,59362,12,2020,2175.51
1864333380304741888,6997,2,67620,1,2020,1453.96
1864333380304741888,6997,2,67620,2,2020,5198.79
1864333380304741888,6997,2,67620,3,2020,4705.73
1864333380304741888,6997,2,67620,4,2020,4228.03
1864333380304741888,6997,2,67620,5,2020,5482.05
1864333380304741888,6997,2,67620,6,2020,7442.48
1864333380304741888,6997,2,67620,7,2020,11532.97
1864333380304741888,6997,2,67620,8,2020,14882.94
1864333380304741888,6997,2,67620,9,2020,10718.25
1864333380304741888,6997,2,67620,10,2020,12197.52
1864333380304741888,6997,2,67620,11,2020,13232.29
1864333380304741888,6997,2,67620,12,2020,13126.67
1864399092352794112,1920,8,2288,1,2020,3516.85
1864399092352794112,1920,8,2288,2,2020,-4175.71
1864399092352794112,1920,8,2288,3,2020,-2053.06
1864399092352794112,1920,8,2288,4,2020,-1261.63
1864399092352794112,1920,8,2288,5,2020,-8326.43
1864399092352794112,1920,8,2288,6,2020,-10844.89
1864399092352794112,1920,8,2288,7,2020,1546.09
1864399092352794112,1920,8,2288,8,2020,7455.79
1864399092352794112,1920,8,2288,9,2020,6125.97
1864399092352794112,1920,8,2288,10,2020,8135.21
1864399092352794112,1920,8,2288,11,2020,9736.63
1864399092352794112,1920,8,2288,12,2020,10406.01
18661351842096488,2034,8,12271,1,2020,-4494.3
18661351842096488,2034,8,12271,2,2020,-2763.6
18661351842096488,2034,8,12271,3,2020,-1641.43
18661351842096488,2034,8,12271,4,2020,-4369.0
18661351842096488,2034,8,12271,5,2020,-2091.86
18661351842096488,2034,8,12271,6,2020,-443.29
18661351842096488,2034,8,12271,7,2020,-2857.72
18661351842096488,2034,8,12271,8,2020,-4836.54
18661351842096488,2034,8,12271,9,2020,4098.52
18661351842096488,2034,8,12271,10,2020,2826.89
18661351842096488,2034,8,12271,11,2020,4488.17
18661351842096488,2034,8,12271,12,2020,7974.36
1866535335946192896,8511,5,26792,1,2020,7273.66
1866535335946192896,8511,5,26792,2,2020,5501.86
1866535335946192896,8511,5,26792,3,2020,4321.83
1866535335946192896,8511,5,26792,4,2020,8160.97
1866535335946192896,8511,5,26792,5,2020,8741.22
1866535335946192896,8511,5,26792,6,2020,7026.87
1866535335946192896,8511,5,26792,7,2020,5382.27
1866535335946192896,8511,5,26792,8,2020,11956.14
1866535335946192896,8511,5,26792,9,2020,7906.19
1866535335946192896,8511,5,26792,10,2020,3754.28
1866535335946192896,8511,5,26792,11,2020,7687.89
1866535335946192896,8511,5,26792,12,2020,8651.16
1867458007308683008,6394,8,21949,1,2020,-3007.36
1867458007308683008,6394,8,21949,2,2020,-2507.51
1867458007308683008,6394,8,21949,3,2020,-2964.53
1867458007308683008,6394,8,21949,4,2020,-7691.18
1867458007308683008,6394,8,21949,5,2020,-7054.76
1867458007308683008,6394,8,21949,6,2020,-7250.43
1867458007308683008,6394,8,21949,7,2020,-6808.55
1867458007308683008,6394,8,21949,8,2020,-8717.98
1867458007308683008,6394,8,21949,9,2020,-10954.6
1867458007308683008,6394,8,21949,10,2020,-4578.01
1867458007308683008,6394,8,21949,11,2020,-5276.08
1867458007308683008,6394,8,21949,12,2020,-8369.4
1867668695088709376,5828,2,88398,1,2020,0.0
1867668695088709376,5828,2,88398,2,2020,489.23
1867668695088709376,5828,2,88398,3,2020,-1909.85
1867668695088709376,5828,2,88398,4,2020,-1198.04
1867668695088709376,5828,2,88398,5,2020,-745.37
1867668695088709376,5828,2,88398,6,2020,-785.56
1867668695088709376,5828,2,88398,7,2020,-785.56
1867668695088709376,5828,2,88398,8,2020,2651.5
1867668695088709376,5828,2,88398,9,2020,4487.84
1867668695088709376,5828,2,88398,10,2020,2674.21
1867668695088709376,5828,2,88398,11,2020,3096.38
1867668695088709376,5828,2,88398,12,2020,827.37
1869618767792252928,525,1,59510,1,2020,-2234.16
1869618767792252928,525,1,59510,2,2020,-3107.02
1869618767792252928,525,1,59510,3,2020,-2303.44
1869618767792252928,525,1,59510,4,2020,-112.01
1869618767792252928,525,1,59510,5,2020,-1741.58
1869618767792252928,525,1,59510,6,2020,-1561.21
1869618767792252928,525,1,59510,7,2020,-461.98
1869618767792252928,525,1,59510,8,2020,664.28
1869618767792252928,525,1,59510,9,2020,277.81
1869618767792252928,525,1,59510,10,2020,370.49
1869618767792252928,525,1,59510,11,2020,1083.18
1869618767792252928,525,1,59510,12,2020,942.25
186997530644804096,7579,9,25745,1,2020,-473.18
186997530644804096,7579,9,25745,2,2020,3626.45
186997530644804096,7579,9,25745,3,2020,4548.22
186997530644804096,7579,9,25745,4,2020,3532.39
186997530644804096,7579,9,25745,5,2020,4112.77
186997530644804096,7579,9,25745,6,2020,3227.82
186997530644804096,7579,9,25745,7,2020,2810.93
186997530644804096,7579,9,25745,8,2020,4585.67
186997530644804096,7579,9,25745,9,2020,3294.49
186997530644804096,7579,9,25745,10,2020,3293.76
186997530644804096,7579,9,25745,11,2020,4317.35
186997530644804096,7579,9,25745,12,2020,4997.4
1870545738287395072,3178,3,60954,1,2020,-1489.22
1870545738287395072,3178,3,60954,2,2020,-1867.82
1870545738287395072,3178,3,60954,3,2020,-4541.62
1870545738287395072,3178,3,60954,4,2020,-4541.62
1870545738287395072,3178,3,60954,5,2020,-3565.79
1870545738287395072,3178,3,60954,6,2020,-6443.39
1870545738287395072,3178,3,60954,7,2020,-8219.46
1870545738287395072,3178,3,60954,8,2020,-6962.55
1870545738287395072,3178,3,60954,9,2020,-7724.76
1870545738287395072,3178,3,60954,10,2020,-7724.76
1870545738287395072,3178,3,60954,11,2020,-8856.08
1870545738287395072,3178,3,60954,12,2020,-8856.08
1870819559116223232,8779,7,70413,1,2020,0.0
1870819559116223232,8779,7,70413,2,2020,-225.3
1870819559116223232,8779,7,70413,3,2020,572.4
1870819559116223232,8779,7,70413,4,2020,1248.68
1870819559116223232,8779,7,70413,5,2020,550.11
1870819559116223232,8779,7,70413,6,2020,550.11
1870819559116223232,8779,7,70413,7,2020,550.11
1870819559116223232,8779,7,70413,8,2020,1345.79
1870819559116223232,8779,7,70413,9,2020,1345.79
1870819559116223232,8779,7,70413,10,2020,1345.79
1870819559116223232,8779,7,70413,11,2020,1345.79
1870819559116223232,8779,7,70413,12,2020,1345.79
1871428608219036928,1332,1,82544,1,2020,-4563.65
1871428608219036928,1332,1,82544,2,2020,-6433.14
1871428608219036928,1332,1,82544,3,2020,-9377.99
1871428608219036928,1332,1,82544,4,2020,-3690.71
1871428608219036928,1332,1,82544,5,2020,-12784.22
1871428608219036928,1332,1,82544,6,2020,-14929.74
1871428608219036928,1332,1,82544,7,2020,-17497.76
1871428608219036928,1332,1,82544,8,2020,-18490.33
1871428608219036928,1332,1,82544,9,2020,-14466.1
1871428608219036928,1332,1,82544,10,2020,-15977.39
1871428608219036928,1332,1,82544,11,2020,-18073.03
1871428608219036928,1332,1,82544,12,2020,-17509.43
1871781553349288960,514,3,90874,1,2020,-3390.7
1871781553349288960,514,3,90874,2,2020,-3914.32
1871781553349288960,514,3,90874,3,2020,-984.1
