178254733220854432,469,6,91990,4,2020,-2189.39
178254733220854432,469,6,91990,5,2020,3792.89
178254733220854432,469,6,91990,6,2020,2060.89
178254733220854432,469,6,91990,7,2020,1428.86
178254733220854432,469,6,91990,8,2020,-327.12
178254733220854432,469,6,91990,9,2020,1261.51
178254733220854432,469,6,91990,10,2020,2715.91
178254733220854432,469,6,91990,11,2020,5165.1
178254733220854432,469,6,91990,12,2020,5393.61
1783548250908075520,1744,7,97060,1,2020,1710.35
1783548250908075520,1744,7,97060,2,2020,3900.23
1783548250908075520,1744,7,97060,3,2020,-8968.84
1783548250908075520,1744,7,97060,4,2020,-9091.52
1783548250908075520,1744,7,97060,5,2020,-12841.26
1783548250908075520,1744,7,97060,6,2020,-18018.75
1783548250908075520,1744,7,97060,7,2020,-10755.58
1783548250908075520,1744,7,97060,8,2020,-18348.72
1783548250908075520,1744,7,97060,9,2020,-18316.76
1783548250908075520,1744,7,97060,10,2020,-13632.38
1783548250908075520,1744,7,97060,11,2020,-21277.64
1783548250908075520,1744,7,97060,12,2020,-21974.59
1783842966906637824,320,0,65277,1,2020,-2832.42
1783842966906637824,320,0,65277,2,2020,-4054.4
1783842966906637824,320,0,65277,3,2020,319.25
1783842966906637824,320,0,65277,4,2020,5194.87
1783842966906637824,320,0,65277,5,2020,9191.27
1783842966906637824,320,0,65277,6,2020,6847.9
1783842966906637824,320,0,65277,7,2020,9121.36
1783842966906637824,320,0,65277,8,2020,10587.12
1783842966906637824,320,0,65277,9,2020,17213.27
1783842966906637824,320,0,65277,10,2020,21321.47
1783842966906637824,320,0,65277,11,2020,21015.24
1783842966906637824,320,0,65277,12,2020,19792.86
1784100577381891072,4582,1,14089,1,2020,0.0
1784100577381891072,4582,1,14089,2,2020,0.0
1784100577381891072,4582,1,14089,3,2020,0.0
1784100577381891072,4582,1,14089,4,2020,-663.61
1784100577381891072,4582,1,14089,5,2020,-2522.22
1784100577381891072,4582,1,14089,6,2020,-2522.22
1784100577381891072,4582,1,14089,7,2020,-2522.22
1784100577381891072,4582,1,14089,8,2020,-1320.43
1784100577381891072,4582,1,14089,9,2020,-1320.43
1784100577381891072,4582,1,14089,10,2020,-1320.43
1784100577381891072,4582,1,14089,11,2020,644.48
1784100577381891072,4582,1,14089,12,2020,644.48
1784983368547723520,371,9,22953,1,2020,0.0
1784983368547723520,371,9,22953,2,2020,0.0
1784983368547723520,371,9,22953,3,2020,410.26
1784983368547723520,371,9,22953,4,2020,410.26
1784983368547723520,371,9,22953,5,2020,-294.38
1784983368547723520,371,9,22953,6,2020,-294.38
1784983368547723520,371,9,22953,7,2020,-294.38
1784983368547723520,371,9,22953,8,2020,1600.91
1784983368547723520,371,9,22953,9,2020,1600.91
1784983368547723520,371,9,22953,10,2020,1600.91
1784983368547723520,371,9,22953,11,2020,2639.33
1784983368547723520,371,9,22953,12,2020,2639.33
1785774536660404736,4838,2,55359,1,2020,-4293.9
1785774536660404736,4838,2,55359,2,2020,-2809.13
1785774536660404736,4838,2,55359,3,2020,-1344.48
1785774536660404736,4838,2,55359,4,2020,-4082.95
1785774536660404736,4838,2,55359,5,2020,1575.41
1785774536660404736,4838,2,55359,6,2020,77.02
1785774536660404736,4838,2,55359,7,2020,-2313.69
1785774536660404736,4838,2,55359,8,2020,-8089.51
1785774536660404736,4838,2,55359,9,2020,-8733.43
1785774536660404736,4838,2,55359,10,2020,-16156.88
1785774536660404736,4838,2,55359,11,2020,-16933.57
1785774536660404736,4838,2,55359,12,2020,-14783.1
1786082704493791488,8749,8,36513,1,2020,-2431.72
1786082704493791488,8749,8,36513,2,2020,946.1
1786082704493791488,8749,8,36513,3,2020,-1058.2
1786082704493791488,8749,8,36513,4,2020,7911.38
1786082704493791488,8749,8,36513,5,2020,8596.34
1786082704493791488,8749,8,36513,6,2020,8043.22
1786082704493791488,8749,8,36513,7,2020,10329.4
1786082704493791488,8749,8,36513,8,2020,4473.76
1786082704493791488,8749,8,36513,9,2020,2348.12
1786082704493791488,8749,8,36513,10,2020,5453.93
1786082704493791488,8749,8,36513,11,2020,3001.86
1786082704493791488,8749,8,36513,12,2020,7842.75
1786945289768811008,1066,9,97864,1,2020,1298.16
1786945289768811008,1066,9,97864,2,2020,2506.37
1786945289768811008,1066,9,97864,3,2020,-1159.77
1786945289768811008,1066,9,97864,4,2020,38.56
1786945289768811008,1066,9,97864,5,2020,980.18
1786945289768811008,1066,9,97864,6,2020,506.84
1786945289768811008,1066,9,97864,7,2020,191.02
1786945289768811008,1066,9,97864,8,2020,-4262.08
1786945289768811008,1066,9,97864,9,2020,-1839.89
1786945289768811008,1066,9,97864,10,2020,-1004.17
1786945289768811008,1066,9,97864,11,2020,-3949.17
1786945289768811008,1066,9,97864,12,2020,-8985.35
1787807256815366656,9161,7,95707,1,2020,1512.05
1787807256815366656,9161,7,95707,2,2020,472.67
1787807256815366656,9161,7,95707,3,2020,1362.61
1787807256815366656,9161,7,95707,4,2020,4291.83
1787807256815366656,9161,7,95707,5,2020,3902.83
1787807256815366656,9161,7,95707,6,2020,8988.35
1787807256815366656,9161,7,95707,7,2020,10845.61
1787807256815366656,9161,7,95707,8,2020,8927.93
1787807256815366656,9161,7,95707,9,2020,13052.64
1787807256815366656,9161,7,95707,10,2020,8332.29
1787807256815366656,9161,7,95707,11,2020,17120.16
1787807256815366656,9161,7,95707,12,2020,11485.06
1788427387434526720,7417,3,68349,1,2020,-4874.34
1788427387434526720,7417,3,68349,2,2020,-13886.4
1788427387434526720,7417,3,68349,3,2020,-10715.25
1788427387434526720,7417,3,68349,4,2020,-10738.55
1788427387434526720,7417,3,68349,5,2020,-17149.33
1788427387434526720,7417,3,68349,6,2020,-17852.26
1788427387434526720,7417,3,68349,7,2020,-15882.6
1788427387434526720,7417,3,68349,8,2020,-16902.12
1788427387434526720,7417,3,68349,9,2020,-18294.74
1788427387434526720,7417,3,68349,10,2020,-22426.89
1788427387434526720,7417,3,68349,11,2020,-23937.27
1788427387434526720,7417,3,68349,12,2020,-22813.88
1789505082597483776,9112,8,44480,1,2020,1986.98
1789505082597483776,9112,8,44480,2,2020,4205.55
1789505082597483776,9112,8,44480,3,2020,4261.36
1789505082597483776,9112,8,44480,4,2020,1210.52
1789505082597483776,9112,8,44480,5,2020,2114.86
1789505082597483776,9112,8,44480,6,2020,-1799.38
1789505082597483776,9112,8,44480,7,2020,-3133.6
1789505082597483776,9112,8,44480,8,2020,-583.41
1789505082597483776,9112,8,44480,9,2020,1636.85
1789505082597483776,9112,8,44480,10,2020,3426.12
1789505082597483776,9112,8,44480,11,2020,2107.47
1789505082597483776,9112,8,44480,12,2020,-865.25
1791632433330074880,1118,9,90598,1,2020,0.0
1791632433330074880,1118,9,90598,2,2020,-1230.27
1791632433330074880,1118,9,90598,3,2020,6.04
1791632433330074880,1118,9,90598,4,2020,-109.47
1791632433330074880,1118,9,90598,5,2020,-3078.99
1791632433330074880,1118,9,90598,6,2020,-1172.74
1791632433330074880,1118,9,90598,7,2020,-1117.52
1791632433330074880,1118,9,90598,8,2020,-1117.52
1791632433330074880,1118,9,90598,9,2020,2261.15
1791632433330074880,1118,9,90598,10,2020,2759.82
1791632433330074880,1118,9,90598,11,2020,3163.04
1791632433330074880,1118,9,90598,12,2020,3098.66
1791903824555115008,5044,4,38584,1,2020,-700.51
1791903824555115008,5044,4,38584,2,2020,-1278.95
1791903824555115008,5044,4,38584,3,2020,-922.29
1791903824555115008,5044,4,38584,4,2020,-1621.29
1791903824555115008,5044,4,38584,5,2020,-3134.2
1791903824555115008,5044,4,38584,6,2020,-5997.56
1791903824555115008,5044,4,38584,7,2020,-8028.49
1791903824555115008,5044,4,38584,8,2020,-10163.85
1791903824555115008,5044,4,38584,9,2020,-17452.01
1791903824555115008,5044,4,38584,10,2020,-12832.96
1791903824555115008,5044,4,38584,11,2020,-13305.99
1791903824555115008,5044,4,38584,12,2020,-13707.52
1792756270225829632,9386,2,61748,1,2020,-2485.02
1792756270225829632,9386,2,61748,2,2020,123.48
1792756270225829632,9386,2,61748,3,2020,-1460.75
1792756270225829632,9386,2,61748,4,2020,1187.21
1792756270225829632,9386,2,61748,5,2020,-533.89
1792756270225829632,9386,2,61748,6,2020,-1127.37
1792756270225829632,9386,2,61748,7,2020,-1670.65
1792756270225829632,9386,2,61748,8,2020,354.24
1792756270225829632,9386,2,61748,9,2020,2866.22
1792756270225829632,9386,2,61748,10,2020,-8126.54
1792756270225829632,9386,2,61748,11,2020,-7407.0
1792756270225829632,9386,2,61748,12,2020,-1165.5
1792873767236052736,1232,4,69049,1,2020,-6123.84
1792873767236052736,1232,4,69049,2,2020,-4168.67
1792873767236052736,1232,4,69049,3,2020,-9895.88
1792873767236052736,1232,4,69049,4,2020,-7235.71
1792873767236052736,1232,4,69049,5,2020,-7098.67
1792873767236052736,1232,4,69049,6,2020,-8181.25
1792873767236052736,1232,4,69049,7,2020,-13618.49
1792873767236052736,1232,4,69049,8,2020,-9979.34
1792873767236052736,1232,4,69049,9,2020,-11931.93
1792873767236052736,1232,4,69049,10,2020,-7683.44
1792873767236052736,1232,4,69049,11,2020,2340.3
1792873767236052736,1232,4,69049,12,2020,7638.39
1793862467001471744,623,1,98276,1,2020,-1005.63
1793862467001471744,623,1,98276,2,2020,5523.77
1793862467001471744,623,1,98276,3,2020,9950.46
1793862467001471744,623,1,98276,4,2020,9644.76
1793862467001471744,623,1,98276,5,2020,8807.57
1793862467001471744,623,1,98276,6,2020,8659.56
1793862467001471744,623,1,98276,7,2020,20086.42
1793862467001471744,623,1,98276,8,2020,24679.74
1793862467001471744,623,1,98276,9,2020,28653.49
1793862467001471744,623,1,98276,10,2020,31744.03
1793862467001471744,623,1,98276,11,2020,30021.9
1793862467001471744,623,1,98276,12,2020,35845.51
1794034668082080512,669,2,93966,1,2020,-4473.37
1794034668082080512,669,2,93966,2,2020,-7739.88
1794034668082080512,669,2,93966,3,2020,-2255.23
1794034668082080512,669,2,93966,4,2020,1787.06
1794034668082080512,669,2,93966,5,2020,1057.61
1794034668082080512,669,2,93966,6,2020,-4016.78
1794034668082080512,669,2,93966,7,2020,1322.36
1794034668082080512,669,2,93966,8,2020,2222.26
1794034668082080512,669,2,93966,9,2020,4685.91
1794034668082080512,669,2,93966,10,2020,1015.57
1794034668082080512,669,2,93966,11,2020,2242.1
1794034668082080512,669,2,93966,12,2020,3489.92
1794210806834341632,4798,8,28892,1,2020,-1526.36
1794210806834341632,4798,8,28892,2,2020,-1330.4
1794210806834341632,4798,8,28892,3,2020,2102.64
1794210806834341632,4798,8,28892,4,2020,-2593.74
1794210806834341632,4798,8,28892,5,2020,-3335.66
1794210806834341632,4798,8,28892,6,2020,-3472.26
1794210806834341632,4798,8,28892,7,2020,-8369.59
1794210806834341632,4798,8,28892,8,2020,-5899.02
1794210806834341632,4798,8,28892,9,2020,-8328.73
1794210806834341632,4798,8,28892,10,2020,-7032.16
1794210806834341632,4798,8,28892,11,2020,-6371.43
1794210806834341632,4798,8,28892,12,2020,-3005.91
1795222829867819264,3128,9,22757,1,2020,-559.15
1795222829867819264,3128,9,22757,2,2020,-7031.74
1795222829867819264,3128,9,22757,3,2020,-7101.19
1795222829867819264,3128,9,22757,4,2020,-5792.68
1795222829867819264,3128,9,22757,5,2020,-8392.89
1795222829867819264,3128,9,22757,6,2020,-6838.15
1795222829867819264,3128,9,22757,7,2020,-9349.74
1795222829867819264,3128,9,22757,8,2020,-4539.68
1795222829867819264,3128,9,22757,9,2020,-8399.53
1795222829867819264,3128,9,22757,10,2020,-10672.74
1795222829867819264,3128,9,22757,11,2020,-11272.13
1795222829867819264,3128,9,22757,12,2020,-10817.94
1795390899105154048,7764,2,32579,1,2020,-453.89
1795390899105154048,7764,2,32579,2,2020,-383.56
1795390899105154048,7764,2,32579,3,2020,1693.85
1795390899105154048,7764,2,32579,4,2020,-1056.31
1795390899105154048,7764,2,32579,5,2020,600.76
1795390899105154048,7764,2,32579,6,2020,11.38
1795390899105154048,7764,2,32579,7,2020,1744.61
1795390899105154048,7764,2,32579,8,2020,3608.81
1795390899105154048,7764,2,32579,9,2020,8211.54
1795390899105154048,7764,2,32579,10,2020,7038.86
1795390899105154048,7764,2,32579,11,2020,5269.91
1795390899105154048,7764,2,32579,12,2020,5269.91
1796047019695740928,1257,6,72400,1,2020,912.69
1796047019695740928,1257,6,72400,2,2020,-4574.99
