1334338111454209024,5021,9,79355,12,2020,-10444.73
1335718728513578240,7180,9,67610,1,2020,-5317.71
1335718728513578240,7180,9,67610,2,2020,-2676.18
1335718728513578240,7180,9,67610,3,2020,-1183.72
1335718728513578240,7180,9,67610,4,2020,-5275.95
1335718728513578240,7180,9,67610,5,2020,-13814.6
1335718728513578240,7180,9,67610,6,2020,-10566.85
1335718728513578240,7180,9,67610,7,2020,-8227.06
1335718728513578240,7180,9,67610,8,2020,-6137.31
1335718728513578240,7180,9,67610,9,2020,-9866.85
1335718728513578240,7180,9,67610,10,2020,-4961.68
1335718728513578240,7180,9,67610,11,2020,524.77
1335718728513578240,7180,9,67610,12,2020,-1503.72
1336116213179660032,5205,1,89566,1,2020,4611.38
1336116213179660032,5205,1,89566,2,2020,2614.04
1336116213179660032,5205,1,89566,3,2020,1687.87
1336116213179660032,5205,1,89566,4,2020,7253.67
1336116213179660032,5205,1,89566,5,2020,8691.4
1336116213179660032,5205,1,89566,6,2020,15625.1
1336116213179660032,5205,1,89566,7,2020,11724.39
1336116213179660032,5205,1,89566,8,2020,9765.99
1336116213179660032,5205,1,89566,9,2020,13899.98
1336116213179660032,5205,1,89566,10,2020,9086.23
1336116213179660032,5205,1,89566,11,2020,3416.97
1336116213179660032,5205,1,89566,12,2020,8447.47
1336312550534084864,293,0,59780,1,2020,-1459.16
1336312550534084864,293,0,59780,2,2020,-1233.29
1336312550534084864,293,0,59780,3,2020,-3742.45
1336312550534084864,293,0,59780,4,2020,-5819.57
1336312550534084864,293,0,59780,5,2020,-7441.34
1336312550534084864,293,0,59780,6,2020,-4282.32
1336312550534084864,293,0,59780,7,2020,-5568.66
1336312550534084864,293,0,59780,8,2020,-21848.12
1336312550534084864,293,0,59780,9,2020,-28083.96
1336312550534084864,293,0,59780,10,2020,-29389.85
1336312550534084864,293,0,59780,11,2020,-37982.33
1336312550534084864,293,0,59780,12,2020,-41448.34
1337957268686666752,4051,8,9960,1,2020,-3881.13
1337957268686666752,4051,8,9960,2,2020,-3148.02
1337957268686666752,4051,8,9960,3,2020,-2276.13
1337957268686666752,4051,8,9960,4,2020,-3400.19
1337957268686666752,4051,8,9960,5,2020,-4936.07
1337957268686666752,4051,8,9960,6,2020,-12004.09
1337957268686666752,4051,8,9960,7,2020,-16040.11
1337957268686666752,4051,8,9960,8,2020,-14249.83
1337957268686666752,4051,8,9960,9,2020,-13814.88
1337957268686666752,4051,8,9960,10,2020,-12841.53
1337957268686666752,4051,8,9960,11,2020,-9850.69
1337957268686666752,4051,8,9960,12,2020,-8580.74
1338251370684656128,8909,2,14549,1,2020,1722.17
1338251370684656128,8909,2,14549,2,2020,2255.27
1338251370684656128,8909,2,14549,3,2020,2726.31
1338251370684656128,8909,2,14549,4,2020,4461.6
1338251370684656128,8909,2,14549,5,2020,2746.72
1338251370684656128,8909,2,14549,6,2020,-3742.83
1338251370684656128,8909,2,14549,7,2020,-1853.5
1338251370684656128,8909,2,14549,8,2020,-3629.59
1338251370684656128,8909,2,14549,9,2020,-299.47
1338251370684656128,8909,2,14549,10,2020,-682.04
1338251370684656128,8909,2,14549,11,2020,4951.65
1338251370684656128,8909,2,14549,12,2020,1332.68
133865680615216256,3865,9,15816,1,2020,-3441.07
133865680615216256,3865,9,15816,2,2020,3272.4
133865680615216256,3865,9,15816,3,2020,-1722.81
133865680615216256,3865,9,15816,4,2020,-7401.07
133865680615216256,3865,9,15816,5,2020,-5261.91
133865680615216256,3865,9,15816,6,2020,-1766.02
133865680615216256,3865,9,15816,7,2020,4350.32
133865680615216256,3865,9,15816,8,2020,-6724.09
133865680615216256,3865,9,15816,9,2020,-1474.84
133865680615216256,3865,9,15816,10,2020,-11630.13
133865680615216256,3865,9,15816,11,2020,-10000.94
133865680615216256,3865,9,15816,12,2020,-14390.31
1340724681377305600,9056,3,28363,1,2020,-269.64
1340724681377305600,9056,3,28363,2,2020,147.75
1340724681377305600,9056,3,28363,3,2020,-524.99
1340724681377305600,9056,3,28363,4,2020,1790.72
1340724681377305600,9056,3,28363,5,2020,773.06
1340724681377305600,9056,3,28363,6,2020,4320.34
1340724681377305600,9056,3,28363,7,2020,-3445.56
1340724681377305600,9056,3,28363,8,2020,-6902.36
1340724681377305600,9056,3,28363,9,2020,-7658.43
1340724681377305600,9056,3,28363,10,2020,-8616.23
1340724681377305600,9056,3,28363,11,2020,-13503.55
1340724681377305600,9056,3,28363,12,2020,-13322.07
1341067564703300096,5506,6,2973,1,2020,-1257.87
1341067564703300096,5506,6,2973,2,2020,-1609.37
1341067564703300096,5506,6,2973,3,2020,2965.47
1341067564703300096,5506,6,2973,4,2020,3847.36
1341067564703300096,5506,6,2973,5,2020,-7.22
1341067564703300096,5506,6,2973,6,2020,2557.26
1341067564703300096,5506,6,2973,7,2020,6249.39
1341067564703300096,5506,6,2973,8,2020,1982.22
1341067564703300096,5506,6,2973,9,2020,-4642.56
1341067564703300096,5506,6,2973,10,2020,-4534.59
1341067564703300096,5506,6,2973,11,2020,-2554.61
1341067564703300096,5506,6,2973,12,2020,-112.15
134306922778102512,6545,4,85055,1,2020,1636.84
134306922778102512,6545,4,85055,2,2020,4269.87
134306922778102512,6545,4,85055,3,2020,4081.1
134306922778102512,6545,4,85055,4,2020,1663.22
134306922778102512,6545,4,85055,5,2020,1210.57
134306922778102512,6545,4,85055,6,2020,-4108.9
134306922778102512,6545,4,85055,7,2020,-3352.67
134306922778102512,6545,4,85055,8,2020,-3024.07
134306922778102512,6545,4,85055,9,2020,-4982.62
134306922778102512,6545,4,85055,10,2020,-6222.22
134306922778102512,6545,4,85055,11,2020,-3310.23
134306922778102512,6545,4,85055,12,2020,-1928.8
1343712518406757120,699,6,1933,1,2020,-1097.75
1343712518406757120,699,6,1933,2,2020,48.08
1343712518406757120,699,6,1933,3,2020,1583.84
1343712518406757120,699,6,1933,4,2020,-221.74
1343712518406757120,699,6,1933,5,2020,348.66
1343712518406757120,699,6,1933,6,2020,252.48
1343712518406757120,699,6,1933,7,2020,252.48
1343712518406757120,699,6,1933,8,2020,-175.48
1343712518406757120,699,6,1933,9,2020,2104.46
1343712518406757120,699,6,1933,10,2020,2097.02
1343712518406757120,699,6,1933,11,2020,2452.82
1343712518406757120,699,6,1933,12,2020,4768.84
1344739429913106432,2489,8,71933,1,2020,0.0
1344739429913106432,2489,8,71933,2,2020,1312.16
1344739429913106432,2489,8,71933,3,2020,1312.16
1344739429913106432,2489,8,71933,4,2020,1312.16
1344739429913106432,2489,8,71933,5,2020,-937.44
1344739429913106432,2489,8,71933,6,2020,-456.29
1344739429913106432,2489,8,71933,7,2020,-456.29
1344739429913106432,2489,8,71933,8,2020,-155.54
1344739429913106432,2489,8,71933,9,2020,-155.54
1344739429913106432,2489,8,71933,10,2020,764.92
1344739429913106432,2489,8,71933,11,2020,-986.11
1344739429913106432,2489,8,71933,12,2020,-986.11
1346146688887935744,5086,3,35256,1,2020,627.0
1346146688887935744,5086,3,35256,2,2020,-495.53
1346146688887935744,5086,3,35256,3,2020,-159.77
1346146688887935744,5086,3,35256,4,2020,3976.75
1346146688887935744,5086,3,35256,5,2020,-844.47
1346146688887935744,5086,3,35256,6,2020,1361.36
1346146688887935744,5086,3,35256,7,2020,3574.2
1346146688887935744,5086,3,35256,8,2020,6112.64
1346146688887935744,5086,3,35256,9,2020,2833.13
1346146688887935744,5086,3,35256,10,2020,-5.28
1346146688887935744,5086,3,35256,11,2020,-221.12
1346146688887935744,5086,3,35256,12,2020,6793.81
1346150832676714240,8160,7,82552,1,2020,1460.57
1346150832676714240,8160,7,82552,2,2020,11059.11
1346150832676714240,8160,7,82552,3,2020,13964.9
1346150832676714240,8160,7,82552,4,2020,12942.84
1346150832676714240,8160,7,82552,5,2020,22368.86
1346150832676714240,8160,7,82552,6,2020,20576.37
1346150832676714240,8160,7,82552,7,2020,30792.76
1346150832676714240,8160,7,82552,8,2020,30492.21
1346150832676714240,8160,7,82552,9,2020,28917.2
1346150832676714240,8160,7,82552,10,2020,33658.72
1346150832676714240,8160,7,82552,11,2020,34225.79
1346150832676714240,8160,7,82552,12,2020,30567.32
1348826691126864128,6754,3,72956,1,2020,-3618.62
1348826691126864128,6754,3,72956,2,2020,-3879.78
1348826691126864128,6754,3,72956,3,2020,-2273.95
1348826691126864128,6754,3,72956,4,2020,-11036.42
1348826691126864128,6754,3,72956,5,2020,-16299.93
1348826691126864128,6754,3,72956,6,2020,-18548.87
1348826691126864128,6754,3,72956,7,2020,-18319.09
1348826691126864128,6754,3,72956,8,2020,-27247.46
1348826691126864128,6754,3,72956,9,2020,-20012.5
1348826691126864128,6754,3,72956,10,2020,-15780.74
1348826691126864128,6754,3,72956,11,2020,-11032.16
1348826691126864128,6754,3,72956,12,2020,-605.71
1351077043089979648,4862,8,55802,1,2020,2369.97
1351077043089979648,4862,8,55802,2,2020,-2876.8
1351077043089979648,4862,8,55802,3,2020,6286.02
1351077043089979648,4862,8,55802,4,2020,8684.79
1351077043089979648,4862,8,55802,5,2020,12508.21
1351077043089979648,4862,8,55802,6,2020,8890.17
1351077043089979648,4862,8,55802,7,2020,9454.4
1351077043089979648,4862,8,55802,8,2020,1279.32
1351077043089979648,4862,8,55802,9,2020,-3816.52
1351077043089979648,4862,8,55802,10,2020,-11447.31
1351077043089979648,4862,8,55802,11,2020,-8548.28
1351077043089979648,4862,8,55802,12,2020,-14527.91
1351103668197853184,2173,8,77998,1,2020,703.31
1351103668197853184,2173,8,77998,2,2020,703.31
1351103668197853184,2173,8,77998,3,2020,1256.38
1351103668197853184,2173,8,77998,4,2020,-1659.85
1351103668197853184,2173,8,77998,5,2020,-1659.85
1351103668197853184,2173,8,77998,6,2020,-1659.85
1351103668197853184,2173,8,77998,7,2020,-1659.85
1351103668197853184,2173,8,77998,8,2020,-1659.85
1351103668197853184,2173,8,77998,9,2020,-1659.85
1351103668197853184,2173,8,77998,10,2020,580.12
1351103668197853184,2173,8,77998,11,2020,580.12
1351103668197853184,2173,8,77998,12,2020,360.15
1351197457133259520,297,0,29558,1,2020,5072.86
1351197457133259520,297,0,29558,2,2020,2573.82
1351197457133259520,297,0,29558,3,2020,3485.99
1351197457133259520,297,0,29558,4,2020,1784.02
1351197457133259520,297,0,29558,5,2020,-1656.7
1351197457133259520,297,0,29558,6,2020,-1026.97
1351197457133259520,297,0,29558,7,2020,-375.58
1351197457133259520,297,0,29558,8,2020,-3016.05
1351197457133259520,297,0,29558,9,2020,-3471.86
1351197457133259520,297,0,29558,10,2020,-8857.55
1351197457133259520,297,0,29558,11,2020,-7614.65
1351197457133259520,297,0,29558,12,2020,-8399.18
1351402546334391040,6100,1,47030,1,2020,1434.88
1351402546334391040,6100,1,47030,2,2020,6180.67
1351402546334391040,6100,1,47030,3,2020,5142.93
1351402546334391040,6100,1,47030,4,2020,7839.37
1351402546334391040,6100,1,47030,5,2020,11481.66
1351402546334391040,6100,1,47030,6,2020,7454.57
1351402546334391040,6100,1,47030,7,2020,15640.71
1351402546334391040,6100,1,47030,8,2020,15499.05
1351402546334391040,6100,1,47030,9,2020,13374.17
1351402546334391040,6100,1,47030,10,2020,9215.35
1351402546334391040,6100,1,47030,11,2020,11644.77
1351402546334391040,6100,1,47030,12,2020,10598.52
1351974655305477120,2933,3,72410,1,2020,-4316.19
1351974655305477120,2933,3,72410,2,2020,3715.05
1351974655305477120,2933,3,72410,3,2020,-943.46
1351974655305477120,2933,3,72410,4,2020,-7507.67
1351974655305477120,2933,3,72410,5,2020,-9080.83
1351974655305477120,2933,3,72410,6,2020,-14151.19
1351974655305477120,2933,3,72410,7,2020,-13674.63
1351974655305477120,2933,3,72410,8,2020,-9274.75
1351974655305477120,2933,3,72410,9,2020,-7054.53
1351974655305477120,2933,3,72410,10,2020,-11535.22
1351974655305477120,2933,3,72410,11,2020,-11321.44
1351974655305477120,2933,3,72410,12,2020,-8882.15
1352129882127601920,5028,6,4303,1,2020,-99.64
1352129882127601920,5028,6,4303,2,2020,-1594.41
1352129882127601920,5028,6,4303,3,2020,-115.47
1352129882127601920,5028,6,4303,4,2020,-2073.79
1352129882127601920,5028,6,4303,5,2020,-3820.41
1352129882127601920,5028,6,4303,6,2020,-4359.48
1352129882127601920,5028,6,4303,7,2020,-4359.48
1352129882127601920,5028,6,4303,8,2020,-4916.6
