1574433334215995648,3955,6,10741,10,2020,-14618.42
1574433334215995648,3955,6,10741,11,2020,-15474.33
1574433334215995648,3955,6,10741,12,2020,-16587.79
1574617342106158592,9116,4,59890,1,2020,-5801.24
1574617342106158592,9116,4,59890,2,2020,-3177.63
1574617342106158592,9116,4,59890,3,2020,644.3
1574617342106158592,9116,4,59890,4,2020,-4353.4
1574617342106158592,9116,4,59890,5,2020,-10698.31
1574617342106158592,9116,4,59890,6,2020,-7953.38
1574617342106158592,9116,4,59890,7,2020,-6233.11
1574617342106158592,9116,4,59890,8,2020,-5820.01
1574617342106158592,9116,4,59890,9,2020,-7664.2
1574617342106158592,9116,4,59890,10,2020,-15176.22
1574617342106158592,9116,4,59890,11,2020,-20489.46
1574617342106158592,9116,4,59890,12,2020,-14561.45
1575214116717263872,2752,3,89063,1,2020,119.6
1575214116717263872,2752,3,89063,2,2020,-2072.97
1575214116717263872,2752,3,89063,3,2020,2615.55
1575214116717263872,2752,3,89063,4,2020,-845.17
1575214116717263872,2752,3,89063,5,2020,-11044.92
1575214116717263872,2752,3,89063,6,2020,-10032.53
1575214116717263872,2752,3,89063,7,2020,248.29
1575214116717263872,2752,3,89063,8,2020,1469.51
1575214116717263872,2752,3,89063,9,2020,769.37
1575214116717263872,2752,3,89063,10,2020,2903.45
1575214116717263872,2752,3,89063,11,2020,-906.34
1575214116717263872,2752,3,89063,12,2020,-204.87
1576024251463812096,9475,7,13852,1,2020,-107.79
1576024251463812096,9475,7,13852,2,2020,-2684.74
1576024251463812096,9475,7,13852,3,2020,-3545.17
1576024251463812096,9475,7,13852,4,2020,-6717.39
1576024251463812096,9475,7,13852,5,2020,-12780.75
1576024251463812096,9475,7,13852,6,2020,-10856.78
1576024251463812096,9475,7,13852,7,2020,-12754.41
1576024251463812096,9475,7,13852,8,2020,-14763.39
1576024251463812096,9475,7,13852,9,2020,-13196.66
1576024251463812096,9475,7,13852,10,2020,-8952.98
1576024251463812096,9475,7,13852,11,2020,-12919.06
1576024251463812096,9475,7,13852,12,2020,-17731.76
1577127247759014912,9325,7,50818,1,2020,-7287.79
1577127247759014912,9325,7,50818,2,2020,-7991.9
1577127247759014912,9325,7,50818,3,2020,-12238.76
1577127247759014912,9325,7,50818,4,2020,-10593.67
1577127247759014912,9325,7,50818,5,2020,-3191.28
1577127247759014912,9325,7,50818,6,2020,-8372.96
1577127247759014912,9325,7,50818,7,2020,-6861.39
1577127247759014912,9325,7,50818,8,2020,-9448.36
1577127247759014912,9325,7,50818,9,2020,-2971.61
1577127247759014912,9325,7,50818,10,2020,-4801.92
1577127247759014912,9325,7,50818,11,2020,-4495.59
1577127247759014912,9325,7,50818,12,2020,2301.04
1577194139540000256,560,5,85004,1,2020,815.06
1577194139540000256,560,5,85004,2,2020,-1046.57
1577194139540000256,560,5,85004,3,2020,-3494.75
1577194139540000256,560,5,85004,4,2020,-495.41
1577194139540000256,560,5,85004,5,2020,6027.13
1577194139540000256,560,5,85004,6,2020,6996.48
1577194139540000256,560,5,85004,7,2020,6326.66
1577194139540000256,560,5,85004,8,2020,2632.07
1577194139540000256,560,5,85004,9,2020,2672.03
1577194139540000256,560,5,85004,10,2020,2434.1
1577194139540000256,560,5,85004,11,2020,4032.15
1577194139540000256,560,5,85004,12,2020,7348.61
1577838236462189568,6826,6,32511,1,2020,-1948.09
1577838236462189568,6826,6,32511,2,2020,-711.68
1577838236462189568,6826,6,32511,3,2020,-5092.11
1577838236462189568,6826,6,32511,4,2020,-4291.21
1577838236462189568,6826,6,32511,5,2020,-8766.97
1577838236462189568,6826,6,32511,6,2020,-8959.55
1577838236462189568,6826,6,32511,7,2020,-16332.98
1577838236462189568,6826,6,32511,8,2020,-14558.8
1577838236462189568,6826,6,32511,9,2020,-19144.36
1577838236462189568,6826,6,32511,10,2020,-21150.12
1577838236462189568,6826,6,32511,11,2020,-18196.82
1577838236462189568,6826,6,32511,12,2020,-25598.58
1578059628244964608,2028,6,23571,1,2020,-7637.81
1578059628244964608,2028,6,23571,2,2020,-9050.49
1578059628244964608,2028,6,23571,3,2020,-8097.73
1578059628244964608,2028,6,23571,4,2020,-11536.36
1578059628244964608,2028,6,23571,5,2020,-11328.39
1578059628244964608,2028,6,23571,6,2020,-11809.02
1578059628244964608,2028,6,23571,7,2020,-5948.58
1578059628244964608,2028,6,23571,8,2020,-4125.18
1578059628244964608,2028,6,23571,9,2020,-84.0
1578059628244964608,2028,6,23571,10,2020,-1077.44
1578059628244964608,2028,6,23571,11,2020,-15451.91
1578059628244964608,2028,6,23571,12,2020,-12750.98
1579296909314452992,2129,0,52763,1,2020,-5631.5
1579296909314452992,2129,0,52763,2,2020,-7258.67
1579296909314452992,2129,0,52763,3,2020,-181.95
1579296909314452992,2129,0,52763,4,2020,1046.92
1579296909314452992,2129,0,52763,5,2020,-478.0
1579296909314452992,2129,0,52763,6,2020,-437.68
1579296909314452992,2129,0,52763,7,2020,5120.74
1579296909314452992,2129,0,52763,8,2020,3557.65
1579296909314452992,2129,0,52763,9,2020,-204.72
1579296909314452992,2129,0,52763,10,2020,744.85
1579296909314452992,2129,0,52763,11,2020,10561.43
1579296909314452992,2129,0,52763,12,2020,11823.74
1579410122647017984,8954,8,95452,1,2020,3422.28
1579410122647017984,8954,8,95452,2,2020,2278.64
1579410122647017984,8954,8,95452,3,2020,4202.81
1579410122647017984,8954,8,95452,4,2020,3345.13
1579410122647017984,8954,8,95452,5,2020,3109.18
1579410122647017984,8954,8,95452,6,2020,2862.92
1579410122647017984,8954,8,95452,7,2020,4174.89
1579410122647017984,8954,8,95452,8,2020,7288.68
1579410122647017984,8954,8,95452,9,2020,10239.29
1579410122647017984,8954,8,95452,10,2020,11059.39
1579410122647017984,8954,8,95452,11,2020,6658.44
1579410122647017984,8954,8,95452,12,2020,6595.83
1580038882701275648,63,5,50625,1,2020,-79.81
1580038882701275648,63,5,50625,2,2020,320.5
1580038882701275648,63,5,50625,3,2020,-3552.69
1580038882701275648,63,5,50625,4,2020,-8842.26
1580038882701275648,63,5,50625,5,2020,-8588.53
1580038882701275648,63,5,50625,6,2020,-6064.02
1580038882701275648,63,5,50625,7,2020,-9089.44
1580038882701275648,63,5,50625,8,2020,3350.74
1580038882701275648,63,5,50625,9,2020,4764.74
1580038882701275648,63,5,50625,10,2020,11150.84
1580038882701275648,63,5,50625,11,2020,9019.44
1580038882701275648,63,5,50625,12,2020,6097.68
1580633206010489856,9092,3,38792,1,2020,1092.28
1580633206010489856,9092,3,38792,2,2020,3848.96
1580633206010489856,9092,3,38792,3,2020,5074.25
1580633206010489856,9092,3,38792,4,2020,5000.48
1580633206010489856,9092,3,38792,5,2020,8314.19
1580633206010489856,9092,3,38792,6,2020,4699.78
1580633206010489856,9092,3,38792,7,2020,7152.92
1580633206010489856,9092,3,38792,8,2020,7633.74
1580633206010489856,9092,3,38792,9,2020,4014.14
1580633206010489856,9092,3,38792,10,2020,5106.44
1580633206010489856,9092,3,38792,11,2020,7345.0
1580633206010489856,9092,3,38792,12,2020,13479.12
1580794644002378752,9862,3,73178,1,2020,816.29
1580794644002378752,9862,3,73178,2,2020,-2273.72
1580794644002378752,9862,3,73178,3,2020,-1993.31
1580794644002378752,9862,3,73178,4,2020,-1528.16
1580794644002378752,9862,3,73178,5,2020,-182.73
1580794644002378752,9862,3,73178,6,2020,-221.22
1580794644002378752,9862,3,73178,7,2020,2852.5
1580794644002378752,9862,3,73178,8,2020,4981.49
1580794644002378752,9862,3,73178,9,2020,5556.33
1580794644002378752,9862,3,73178,10,2020,3038.02
1580794644002378752,9862,3,73178,11,2020,8028.52
1580794644002378752,9862,3,73178,12,2020,5827.59
158081596600537024,3206,1,5564,1,2020,0.0
158081596600537024,3206,1,5564,2,2020,1372.73
158081596600537024,3206,1,5564,3,2020,2767.39
158081596600537024,3206,1,5564,4,2020,2740.02
158081596600537024,3206,1,5564,5,2020,3033.36
158081596600537024,3206,1,5564,6,2020,4406.18
158081596600537024,3206,1,5564,7,2020,2724.63
158081596600537024,3206,1,5564,8,2020,5754.23
158081596600537024,3206,1,5564,9,2020,5754.23
158081596600537024,3206,1,5564,10,2020,5224.97
158081596600537024,3206,1,5564,11,2020,7514.04
158081596600537024,3206,1,5564,12,2020,7494.68
1581645411501447424,7894,4,75727,1,2020,2178.8
1581645411501447424,7894,4,75727,2,2020,2178.8
1581645411501447424,7894,4,75727,3,2020,2445.12
1581645411501447424,7894,4,75727,4,2020,2445.12
1581645411501447424,7894,4,75727,5,2020,4119.75
1581645411501447424,7894,4,75727,6,2020,3901.81
1581645411501447424,7894,4,75727,7,2020,2789.23
1581645411501447424,7894,4,75727,8,2020,2789.23
1581645411501447424,7894,4,75727,9,2020,1992.14
1581645411501447424,7894,4,75727,10,2020,311.1
1581645411501447424,7894,4,75727,11,2020,1934.48
1581645411501447424,7894,4,75727,12,2020,-162.53
1582600490773362944,543,4,12490,1,2020,-493.03
1582600490773362944,543,4,12490,2,2020,-5237.75
1582600490773362944,543,4,12490,3,2020,-8948.71
1582600490773362944,543,4,12490,4,2020,-3062.75
1582600490773362944,543,4,12490,5,2020,-4745.83
1582600490773362944,543,4,12490,6,2020,-3574.18
1582600490773362944,543,4,12490,7,2020,-3990.63
1582600490773362944,543,4,12490,8,2020,-2772.92
1582600490773362944,543,4,12490,9,2020,-8653.79
1582600490773362944,543,4,12490,10,2020,-8410.83
1582600490773362944,543,4,12490,11,2020,-7700.0
1582600490773362944,543,4,12490,12,2020,-7383.3
1582765586152785408,7631,5,33984,1,2020,4689.66
1582765586152785408,7631,5,33984,2,2020,-3040.43
1582765586152785408,7631,5,33984,3,2020,479.16
1582765586152785408,7631,5,33984,4,2020,3272.36
1582765586152785408,7631,5,33984,5,2020,11954.85
1582765586152785408,7631,5,33984,6,2020,8025.76
1582765586152785408,7631,5,33984,7,2020,9949.37
1582765586152785408,7631,5,33984,8,2020,6448.97
1582765586152785408,7631,5,33984,9,2020,2772.58
1582765586152785408,7631,5,33984,10,2020,8811.04
1582765586152785408,7631,5,33984,11,2020,12282.42
1582765586152785408,7631,5,33984,12,2020,14495.17
1582952554916079104,9634,2,43177,1,2020,160.23
1582952554916079104,9634,2,43177,2,2020,-2594.45
1582952554916079104,9634,2,43177,3,2020,-5835.8
1582952554916079104,9634,2,43177,4,2020,-883.52
1582952554916079104,9634,2,43177,5,2020,-3762.03
1582952554916079104,9634,2,43177,6,2020,-8039.52
1582952554916079104,9634,2,43177,7,2020,-15327.54
1582952554916079104,9634,2,43177,8,2020,-19325.21
1582952554916079104,9634,2,43177,9,2020,-16281.88
1582952554916079104,9634,2,43177,10,2020,-14020.16
1582952554916079104,9634,2,43177,11,2020,-13815.94
1582952554916079104,9634,2,43177,12,2020,-16427.09
1583632735116064256,7185,0,80680,1,2020,-1440.51
1583632735116064256,7185,0,80680,2,2020,-3672.82
1583632735116064256,7185,0,80680,3,2020,9.71
1583632735116064256,7185,0,80680,4,2020,554.19
1583632735116064256,7185,0,80680,5,2020,4429.91
1583632735116064256,7185,0,80680,6,2020,821.76
1583632735116064256,7185,0,80680,7,2020,5264.78
1583632735116064256,7185,0,80680,8,2020,6522.2
1583632735116064256,7185,0,80680,9,2020,6994.89
1583632735116064256,7185,0,80680,10,2020,6838.34
1583632735116064256,7185,0,80680,11,2020,9018.94
1583632735116064256,7185,0,80680,12,2020,6729.27
1587038193189659904,3835,8,67003,1,2020,0.0
1587038193189659904,3835,8,67003,2,2020,0.0
1587038193189659904,3835,8,67003,3,2020,0.0
1587038193189659904,3835,8,67003,4,2020,0.0
1587038193189659904,3835,8,67003,5,2020,0.0
1587038193189659904,3835,8,67003,6,2020,0.0
1587038193189659904,3835,8,67003,7,2020,0.0
1587038193189659904,3835,8,67003,8,2020,-76.4
1587038193189659904,3835,8,67003,9,2020,-76.4
1587038193189659904,3835,8,67003,10,2020,-76.4
1587038193189659904,3835,8,67003,11,2020,-76.4
1587038193189659904,3835,8,67003,12,2020,-76.4
1587472372264482816,8301,7,53532,1,2020,-1254.86
1587472372264482816,8301,7,53532,2,2020,970.19
1587472372264482816,8301,7,53532,3,2020,6418.37
1587472372264482816,8301,7,53532,4,2020,5431.83
1587472372264482816,8301,7,53532,5,2020,4174.98
1587472372264482816,8301,7,53532,6,2020,2211.37
1587472372264482816,8301,7,53532,7,2020,142.61
1587472372264482816,8301,7,53532,8,2020,-8704.83
