2369930355869639168,1124,8,43037,1,2020,-7073.31
2369930355869639168,1124,8,43037,2,2020,-3969.78
2369930355869639168,1124,8,43037,3,2020,3911.91
2369930355869639168,1124,8,43037,4,2020,3767.9
2369930355869639168,1124,8,43037,5,2020,6176.12
2369930355869639168,1124,8,43037,6,2020,-3004.44
2369930355869639168,1124,8,43037,7,2020,-4356.33
2369930355869639168,1124,8,43037,8,2020,-5955.96
2369930355869639168,1124,8,43037,9,2020,5026.25
2369930355869639168,1124,8,43037,10,2020,1953.71
2369930355869639168,1124,8,43037,11,2020,6921.46
2369930355869639168,1124,8,43037,12,2020,12120.39
2370546823604280832,4257,4,46523,1,2020,-5049.06
2370546823604280832,4257,4,46523,2,2020,-9632.03
2370546823604280832,4257,4,46523,3,2020,-4780.51
2370546823604280832,4257,4,46523,4,2020,-13085.54
2370546823604280832,4257,4,46523,5,2020,-11563.22
2370546823604280832,4257,4,46523,6,2020,-3033.99
2370546823604280832,4257,4,46523,7,2020,2023.5
2370546823604280832,4257,4,46523,8,2020,228.74
2370546823604280832,4257,4,46523,9,2020,-4129.41
2370546823604280832,4257,4,46523,10,2020,-8345.52
2370546823604280832,4257,4,46523,11,2020,-13975.32
2370546823604280832,4257,4,46523,12,2020,-14674.72
2371142644640968704,9369,5,27468,1,2020,737.94
2371142644640968704,9369,5,27468,2,2020,-2011.11
2371142644640968704,9369,5,27468,3,2020,-1132.92
2371142644640968704,9369,5,27468,4,2020,780.08
2371142644640968704,9369,5,27468,5,2020,-131.88
2371142644640968704,9369,5,27468,6,2020,-129.05
2371142644640968704,9369,5,27468,7,2020,-3205.91
2371142644640968704,9369,5,27468,8,2020,-1166.08
2371142644640968704,9369,5,27468,9,2020,1052.71
2371142644640968704,9369,5,27468,10,2020,881.56
2371142644640968704,9369,5,27468,11,2020,-972.57
2371142644640968704,9369,5,27468,12,2020,-2924.83
2373281886101728768,4807,8,62303,1,2020,-5214.91
2373281886101728768,4807,8,62303,2,2020,-5840.88
2373281886101728768,4807,8,62303,3,2020,-11946.07
2373281886101728768,4807,8,62303,4,2020,-11574.63
2373281886101728768,4807,8,62303,5,2020,-7248.46
2373281886101728768,4807,8,62303,6,2020,-10327.51
2373281886101728768,4807,8,62303,7,2020,-6980.56
2373281886101728768,4807,8,62303,8,2020,-9965.58
2373281886101728768,4807,8,62303,9,2020,-13226.4
2373281886101728768,4807,8,62303,10,2020,-12568.45
2373281886101728768,4807,8,62303,11,2020,-13712.74
2373281886101728768,4807,8,62303,12,2020,-10385.09
2374047525083468800,9434,9,39034,1,2020,-1682.05
2374047525083468800,9434,9,39034,2,2020,-3971.44
2374047525083468800,9434,9,39034,3,2020,-5433.34
2374047525083468800,9434,9,39034,4,2020,-8672.02
2374047525083468800,9434,9,39034,5,2020,-12354.92
2374047525083468800,9434,9,39034,6,2020,-10042.23
2374047525083468800,9434,9,39034,7,2020,-11448.73
2374047525083468800,9434,9,39034,8,2020,-14365.05
2374047525083468800,9434,9,39034,9,2020,-9682.4
2374047525083468800,9434,9,39034,10,2020,-4241.82
2374047525083468800,9434,9,39034,11,2020,-1085.08
2374047525083468800,9434,9,39034,12,2020,3019.45
2374961495178809856,1603,0,3058,1,2020,2834.19
2374961495178809856,1603,0,3058,2,2020,5275.48
2374961495178809856,1603,0,3058,3,2020,9224.54
2374961495178809856,1603,0,3058,4,2020,10348.68
2374961495178809856,1603,0,3058,5,2020,6085.29
2374961495178809856,1603,0,3058,6,2020,7413.27
2374961495178809856,1603,0,3058,7,2020,5731.4
2374961495178809856,1603,0,3058,8,2020,1301.38
2374961495178809856,1603,0,3058,9,2020,-1192.48
2374961495178809856,1603,0,3058,10,2020,-1638.47
2374961495178809856,1603,0,3058,11,2020,-5515.95
2374961495178809856,1603,0,3058,12,2020,-8948.19
2375464037009931264,9554,0,13788,1,2020,-7953.4
2375464037009931264,9554,0,13788,2,2020,-3912.4
2375464037009931264,9554,0,13788,3,2020,-8328.38
2375464037009931264,9554,0,13788,4,2020,-6530.56
2375464037009931264,9554,0,13788,5,2020,-4585.49
2375464037009931264,9554,0,13788,6,2020,-10416.97
2375464037009931264,9554,0,13788,7,2020,-13657.27
2375464037009931264,9554,0,13788,8,2020,-5916.06
2375464037009931264,9554,0,13788,9,2020,-12514.4
2375464037009931264,9554,0,13788,10,2020,-9192.29
2375464037009931264,9554,0,13788,11,2020,-14055.76
2375464037009931264,9554,0,13788,12,2020,-16646.02
2376630986760712704,6457,0,22824,1,2020,-3172.64
2376630986760712704,6457,0,22824,2,2020,957.0
2376630986760712704,6457,0,22824,3,2020,9341.57
2376630986760712704,6457,0,22824,4,2020,9690.02
2376630986760712704,6457,0,22824,5,2020,8133.14
2376630986760712704,6457,0,22824,6,2020,1982.75
2376630986760712704,6457,0,22824,7,2020,8573.96
2376630986760712704,6457,0,22824,8,2020,7248.83
2376630986760712704,6457,0,22824,9,2020,5884.66
2376630986760712704,6457,0,22824,10,2020,5409.42
2376630986760712704,6457,0,22824,11,2020,4983.34
2376630986760712704,6457,0,22824,12,2020,-6070.4
237705123451545984,7938,1,86641,1,2020,2664.92
237705123451545984,7938,1,86641,2,2020,3524.49
237705123451545984,7938,1,86641,3,2020,3175.79
237705123451545984,7938,1,86641,4,2020,2119.38
237705123451545984,7938,1,86641,5,2020,3677.91
237705123451545984,7938,1,86641,6,2020,3677.91
237705123451545984,7938,1,86641,7,2020,4885.53
237705123451545984,7938,1,86641,8,2020,1323.86
237705123451545984,7938,1,86641,9,2020,-225.56
237705123451545984,7938,1,86641,10,2020,-1509.34
237705123451545984,7938,1,86641,11,2020,1445.68
237705123451545984,7938,1,86641,12,2020,2490.55
2377450054336485376,5255,5,10024,1,2020,2293.88
2377450054336485376,5255,5,10024,2,2020,-1640.62
2377450054336485376,5255,5,10024,3,2020,-305.83
2377450054336485376,5255,5,10024,4,2020,-4385.02
2377450054336485376,5255,5,10024,5,2020,-3932.02
2377450054336485376,5255,5,10024,6,2020,-6791.84
2377450054336485376,5255,5,10024,7,2020,-4341.67
2377450054336485376,5255,5,10024,8,2020,-3632.76
2377450054336485376,5255,5,10024,9,2020,-9768.16
2377450054336485376,5255,5,10024,10,2020,-9929.88
2377450054336485376,5255,5,10024,11,2020,-9310.79
2377450054336485376,5255,5,10024,12,2020,-12380.82
2378275692584560128,6388,5,20424,1,2020,-1696.58
2378275692584560128,6388,5,20424,2,2020,-2885.52
2378275692584560128,6388,5,20424,3,2020,1568.8
2378275692584560128,6388,5,20424,4,2020,940.63
2378275692584560128,6388,5,20424,5,2020,2331.89
2378275692584560128,6388,5,20424,6,2020,5023.04
2378275692584560128,6388,5,20424,7,2020,4583.87
2378275692584560128,6388,5,20424,8,2020,9427.42
2378275692584560128,6388,5,20424,9,2020,12454.48
2378275692584560128,6388,5,20424,10,2020,10878.56
2378275692584560128,6388,5,20424,11,2020,7408.0
2378275692584560128,6388,5,20424,12,2020,8275.37
2379154729671679488,6578,8,35279,1,2020,769.94
2379154729671679488,6578,8,35279,2,2020,1160.97
2379154729671679488,6578,8,35279,3,2020,-750.63
2379154729671679488,6578,8,35279,4,2020,640.63
2379154729671679488,6578,8,35279,5,2020,-3494.06
2379154729671679488,6578,8,35279,6,2020,-6895.18
2379154729671679488,6578,8,35279,7,2020,-7971.93
2379154729671679488,6578,8,35279,8,2020,-8042.94
2379154729671679488,6578,8,35279,9,2020,-8624.45
2379154729671679488,6578,8,35279,10,2020,-14383.89
2379154729671679488,6578,8,35279,11,2020,-17164.11
2379154729671679488,6578,8,35279,12,2020,-18211.08
2379396689747850240,5281,5,14049,1,2020,0.0
2379396689747850240,5281,5,14049,2,2020,-1764.51
2379396689747850240,5281,5,14049,3,2020,-1764.51
2379396689747850240,5281,5,14049,4,2020,-1764.51
2379396689747850240,5281,5,14049,5,2020,-1662.77
2379396689747850240,5281,5,14049,6,2020,-1662.77
2379396689747850240,5281,5,14049,7,2020,-1662.77
2379396689747850240,5281,5,14049,8,2020,1266.91
2379396689747850240,5281,5,14049,9,2020,1266.91
2379396689747850240,5281,5,14049,10,2020,3224.17
2379396689747850240,5281,5,14049,11,2020,4467.44
2379396689747850240,5281,5,14049,12,2020,3832.22
2379712026004843520,2342,3,70931,1,2020,-3300.89
2379712026004843520,2342,3,70931,2,2020,79.62
2379712026004843520,2342,3,70931,3,2020,-1529.98
2379712026004843520,2342,3,70931,4,2020,-669.83
2379712026004843520,2342,3,70931,5,2020,-1129.17
2379712026004843520,2342,3,70931,6,2020,1971.24
2379712026004843520,2342,3,70931,7,2020,5600.56
2379712026004843520,2342,3,70931,8,2020,9478.19
2379712026004843520,2342,3,70931,9,2020,11286.41
2379712026004843520,2342,3,70931,10,2020,11435.6
2379712026004843520,2342,3,70931,11,2020,4660.85
2379712026004843520,2342,3,70931,12,2020,999.62
2380105399336111104,775,9,49233,1,2020,0.0
2380105399336111104,775,9,49233,2,2020,0.0
2380105399336111104,775,9,49233,3,2020,0.0
2380105399336111104,775,9,49233,4,2020,0.0
2380105399336111104,775,9,49233,5,2020,0.0
2380105399336111104,775,9,49233,6,2020,0.0
2380105399336111104,775,9,49233,7,2020,0.0
2380105399336111104,775,9,49233,8,2020,-28.7
2380105399336111104,775,9,49233,9,2020,-28.7
2380105399336111104,775,9,49233,10,2020,2432.59
2380105399336111104,775,9,49233,11,2020,2432.59
2380105399336111104,775,9,49233,12,2020,2432.59
2380587775143334400,1144,8,92532,1,2020,-5727.5
2380587775143334400,1144,8,92532,2,2020,-4470.67
2380587775143334400,1144,8,92532,3,2020,-8765.63
2380587775143334400,1144,8,92532,4,2020,-15909.99
2380587775143334400,1144,8,92532,5,2020,-12922.03
2380587775143334400,1144,8,92532,6,2020,-13922.0
2380587775143334400,1144,8,92532,7,2020,-14990.94
2380587775143334400,1144,8,92532,8,2020,-16963.02
2380587775143334400,1144,8,92532,9,2020,-23898.57
2380587775143334400,1144,8,92532,10,2020,-25025.73
2380587775143334400,1144,8,92532,11,2020,-25303.03
2380587775143334400,1144,8,92532,12,2020,-25466.89
2380613254082021376,8022,0,12964,1,2020,-5832.23
2380613254082021376,8022,0,12964,2,2020,-4112.77
2380613254082021376,8022,0,12964,3,2020,-6282.5
2380613254082021376,8022,0,12964,4,2020,-9603.71
2380613254082021376,8022,0,12964,5,2020,-5673.15
2380613254082021376,8022,0,12964,6,2020,-7929.78
2380613254082021376,8022,0,12964,7,2020,-3726.48
2380613254082021376,8022,0,12964,8,2020,-3691.86
2380613254082021376,8022,0,12964,9,2020,-2850.06
2380613254082021376,8022,0,12964,10,2020,-6228.17
2380613254082021376,8022,0,12964,11,2020,-6155.45
2380613254082021376,8022,0,12964,12,2020,-4969.51
2380852143177390592,7903,0,90061,1,2020,-2413.67
2380852143177390592,7903,0,90061,2,2020,-6898.28
2380852143177390592,7903,0,90061,3,2020,-5679.05
2380852143177390592,7903,0,90061,4,2020,-1086.75
2380852143177390592,7903,0,90061,5,2020,-895.05
2380852143177390592,7903,0,90061,6,2020,-441.01
2380852143177390592,7903,0,90061,7,2020,-6864.16
2380852143177390592,7903,0,90061,8,2020,-6281.52
2380852143177390592,7903,0,90061,9,2020,-7827.16
2380852143177390592,7903,0,90061,10,2020,-8127.75
2380852143177390592,7903,0,90061,11,2020,-8221.73
2380852143177390592,7903,0,90061,12,2020,-16066.91
238109535343645056,6921,4,98344,1,2020,6404.11
238109535343645056,6921,4,98344,2,2020,6717.64
238109535343645056,6921,4,98344,3,2020,-791.97
238109535343645056,6921,4,98344,4,2020,-665.7
238109535343645056,6921,4,98344,5,2020,-1733.33
238109535343645056,6921,4,98344,6,2020,-2943.54
238109535343645056,6921,4,98344,7,2020,-5450.09
238109535343645056,6921,4,98344,8,2020,-6438.41
238109535343645056,6921,4,98344,9,2020,-7405.23
238109535343645056,6921,4,98344,10,2020,-18801.15
238109535343645056,6921,4,98344,11,2020,-19553.62
238109535343645056,6921,4,98344,12,2020,-18402.5
2381732398222395392,551,0,83888,1,2020,784.86
2381732398222395392,551,0,83888,2,2020,-627.26
2381732398222395392,551,0,83888,3,2020,-1286.24
2381732398222395392,551,0,83888,4,2020,3697.42
2381732398222395392,551,0,83888,5,2020,5439.32
2381732398222395392,551,0,83888,6,2020,6435.46
2381732398222395392,551,0,83888,7,2020,7396.53
2381732398222395392,551,0,83888,8,2020,8012.54
2381732398222395392,551,0,83888,9,2020,6672.46
2381732398222395392,551,0,83888,10,2020,-289.6
2381732398222395392,551,0,83888,11,2020,1133.84
2381732398222395392,551,0,83888,12,2020,4236.8
