1796047019695740928,1257,6,72400,3,2020,-6816.62
1796047019695740928,1257,6,72400,4,2020,-11686.56
1796047019695740928,1257,6,72400,5,2020,-11091.75
1796047019695740928,1257,6,72400,6,2020,-5699.03
1796047019695740928,1257,6,72400,7,2020,-6684.97
1796047019695740928,1257,6,72400,8,2020,-4528.41
1796047019695740928,1257,6,72400,9,2020,-2437.27
1796047019695740928,1257,6,72400,10,2020,-6299.52
1796047019695740928,1257,6,72400,11,2020,-6687.95
1796047019695740928,1257,6,72400,12,2020,-3608.0
1797522174506398464,2187,2,24859,1,2020,1884.28
1797522174506398464,2187,2,24859,2,2020,1884.28
1797522174506398464,2187,2,24859,3,2020,2358.41
1797522174506398464,2187,2,24859,4,2020,1904.42
1797522174506398464,2187,2,24859,5,2020,1520.73
1797522174506398464,2187,2,24859,6,2020,-225.15
1797522174506398464,2187,2,24859,7,2020,-225.15
1797522174506398464,2187,2,24859,8,2020,-1141.72
1797522174506398464,2187,2,24859,9,2020,-1141.72
1797522174506398464,2187,2,24859,10,2020,-1141.72
1797522174506398464,2187,2,24859,11,2020,-261.09
1797522174506398464,2187,2,24859,12,2020,701.6
1798382214737520128,6660,4,75260,1,2020,-1425.76
1798382214737520128,6660,4,75260,2,2020,-6490.17
1798382214737520128,6660,4,75260,3,2020,-8478.45
1798382214737520128,6660,4,75260,4,2020,-9651.39
1798382214737520128,6660,4,75260,5,2020,-12445.75
1798382214737520128,6660,4,75260,6,2020,-10905.61
1798382214737520128,6660,4,75260,7,2020,-15838.73
1798382214737520128,6660,4,75260,8,2020,-15777.53
1798382214737520128,6660,4,75260,9,2020,-15194.06
1798382214737520128,6660,4,75260,10,2020,-12014.57
1798382214737520128,6660,4,75260,11,2020,-15269.18
1798382214737520128,6660,4,75260,12,2020,-12253.85
1799533662009272064,8411,2,21022,1,2020,0.0
1799533662009272064,8411,2,21022,2,2020,0.0
1799533662009272064,8411,2,21022,3,2020,-1751.8
1799533662009272064,8411,2,21022,4,2020,-1481.82
1799533662009272064,8411,2,21022,5,2020,428.08
1799533662009272064,8411,2,21022,6,2020,1225.82
1799533662009272064,8411,2,21022,7,2020,925.74
1799533662009272064,8411,2,21022,8,2020,-433.29
1799533662009272064,8411,2,21022,9,2020,-433.29
1799533662009272064,8411,2,21022,10,2020,-433.29
1799533662009272064,8411,2,21022,11,2020,-433.29
1799533662009272064,8411,2,21022,12,2020,-2227.59
180172769926227552,6181,1,87905,1,2020,-699.83
180172769926227552,6181,1,87905,2,2020,-7887.21
180172769926227552,6181,1,87905,3,2020,-5330.13
180172769926227552,6181,1,87905,4,2020,-5470.9
180172769926227552,6181,1,87905,5,2020,-6683.79
180172769926227552,6181,1,87905,6,2020,-2908.73
180172769926227552,6181,1,87905,7,2020,-2651.53
180172769926227552,6181,1,87905,8,2020,-3535.36
180172769926227552,6181,1,87905,9,2020,-3680.36
180172769926227552,6181,1,87905,10,2020,-8341.8
180172769926227552,6181,1,87905,11,2020,-6178.8
180172769926227552,6181,1,87905,12,2020,-8064.59
1802187590441074176,1693,4,29342,1,2020,1329.24
1802187590441074176,1693,4,29342,2,2020,-135.61
1802187590441074176,1693,4,29342,3,2020,1965.11
1802187590441074176,1693,4,29342,4,2020,452.55
1802187590441074176,1693,4,29342,5,2020,3840.44
1802187590441074176,1693,4,29342,6,2020,3456.54
1802187590441074176,1693,4,29342,7,2020,5765.43
1802187590441074176,1693,4,29342,8,2020,7394.55
1802187590441074176,1693,4,29342,9,2020,8299.25
1802187590441074176,1693,4,29342,10,2020,6305.51
1802187590441074176,1693,4,29342,11,2020,7975.42
1802187590441074176,1693,4,29342,12,2020,5996.69
1802402867300889088,7812,6,22059,1,2020,-3470.61
1802402867300889088,7812,6,22059,2,2020,-4505.41
1802402867300889088,7812,6,22059,3,2020,-686.84
1802402867300889088,7812,6,22059,4,2020,-4031.8
1802402867300889088,7812,6,22059,5,2020,-12580.89
1802402867300889088,7812,6,22059,6,2020,-13494.23
1802402867300889088,7812,6,22059,7,2020,-12148.06
1802402867300889088,7812,6,22059,8,2020,-11450.34
1802402867300889088,7812,6,22059,9,2020,-6285.41
1802402867300889088,7812,6,22059,10,2020,-9723.67
1802402867300889088,7812,6,22059,11,2020,-12023.96
1802402867300889088,7812,6,22059,12,2020,-10794.69
1802861372603037440,7360,1,10473,1,2020,0.0
1802861372603037440,7360,1,10473,2,2020,0.0
1802861372603037440,7360,1,10473,3,2020,250.26
1802861372603037440,7360,1,10473,4,2020,-3885.17
1802861372603037440,7360,1,10473,5,2020,-2720.99
1802861372603037440,7360,1,10473,6,2020,-2515.49
1802861372603037440,7360,1,10473,7,2020,-2914.9
1802861372603037440,7360,1,10473,8,2020,-1494.62
1802861372603037440,7360,1,10473,9,2020,95.57
1802861372603037440,7360,1,10473,10,2020,176.55
1802861372603037440,7360,1,10473,11,2020,1124.61
1802861372603037440,7360,1,10473,12,2020,2068.75
1803032889565436160,8499,4,53828,1,2020,2110.7
1803032889565436160,8499,4,53828,2,2020,1473.88
1803032889565436160,8499,4,53828,3,2020,1974.82
1803032889565436160,8499,4,53828,4,2020,-2063.89
1803032889565436160,8499,4,53828,5,2020,-147.23
1803032889565436160,8499,4,53828,6,2020,129.55
1803032889565436160,8499,4,53828,7,2020,2043.44
1803032889565436160,8499,4,53828,8,2020,863.5
1803032889565436160,8499,4,53828,9,2020,2528.86
1803032889565436160,8499,4,53828,10,2020,-1601.92
1803032889565436160,8499,4,53828,11,2020,-1453.1
1803032889565436160,8499,4,53828,12,2020,1166.28
1803199239862204928,7467,3,60141,1,2020,-6456.51
1803199239862204928,7467,3,60141,2,2020,2185.38
1803199239862204928,7467,3,60141,3,2020,-607.37
1803199239862204928,7467,3,60141,4,2020,6110.69
1803199239862204928,7467,3,60141,5,2020,7544.91
1803199239862204928,7467,3,60141,6,2020,9873.75
1803199239862204928,7467,3,60141,7,2020,11189.83
1803199239862204928,7467,3,60141,8,2020,16879.36
1803199239862204928,7467,3,60141,9,2020,12230.28
1803199239862204928,7467,3,60141,10,2020,11380.72
1803199239862204928,7467,3,60141,11,2020,15103.08
1803199239862204928,7467,3,60141,12,2020,16543.75
1803505742421939712,3321,9,24297,1,2020,-3326.84
1803505742421939712,3321,9,24297,2,2020,-2960.34
1803505742421939712,3321,9,24297,3,2020,-1007.18
1803505742421939712,3321,9,24297,4,2020,-3415.36
1803505742421939712,3321,9,24297,5,2020,-3117.81
1803505742421939712,3321,9,24297,6,2020,-4355.03
1803505742421939712,3321,9,24297,7,2020,-6336.22
1803505742421939712,3321,9,24297,8,2020,-9672.03
1803505742421939712,3321,9,24297,9,2020,-8858.22
1803505742421939712,3321,9,24297,10,2020,-7235.98
1803505742421939712,3321,9,24297,11,2020,-10236.0
1803505742421939712,3321,9,24297,12,2020,-10236.0
1804519959182424832,998,9,47599,1,2020,-1556.23
1804519959182424832,998,9,47599,2,2020,1911.35
1804519959182424832,998,9,47599,3,2020,9728.83
1804519959182424832,998,9,47599,4,2020,14259.22
1804519959182424832,998,9,47599,5,2020,10506.54
1804519959182424832,998,9,47599,6,2020,7209.89
1804519959182424832,998,9,47599,7,2020,14856.75
1804519959182424832,998,9,47599,8,2020,15924.3
1804519959182424832,998,9,47599,9,2020,17070.63
1804519959182424832,998,9,47599,10,2020,17947.98
1804519959182424832,998,9,47599,11,2020,20133.41
1804519959182424832,998,9,47599,12,2020,12892.78
1807237531968230144,6907,8,17831,1,2020,-4444.12
1807237531968230144,6907,8,17831,2,2020,8970.82
1807237531968230144,6907,8,17831,3,2020,9028.74
1807237531968230144,6907,8,17831,4,2020,17134.82
1807237531968230144,6907,8,17831,5,2020,17105.28
1807237531968230144,6907,8,17831,6,2020,19145.45
1807237531968230144,6907,8,17831,7,2020,25194.15
1807237531968230144,6907,8,17831,8,2020,30982.6
1807237531968230144,6907,8,17831,9,2020,29125.83
1807237531968230144,6907,8,17831,10,2020,42060.47
1807237531968230144,6907,8,17831,11,2020,40750.88
1807237531968230144,6907,8,17831,12,2020,40373.07
1807344973993044992,3769,9,50489,1,2020,-3250.35
1807344973993044992,3769,9,50489,2,2020,-3098.9
1807344973993044992,3769,9,50489,3,2020,-431.52
1807344973993044992,3769,9,50489,4,2020,-1400.98
1807344973993044992,3769,9,50489,5,2020,-1125.58
1807344973993044992,3769,9,50489,6,2020,-2363.06
1807344973993044992,3769,9,50489,7,2020,2495.34
1807344973993044992,3769,9,50489,8,2020,2246.31
1807344973993044992,3769,9,50489,9,2020,2335.05
1807344973993044992,3769,9,50489,10,2020,8503.56
1807344973993044992,3769,9,50489,11,2020,3476.24
1807344973993044992,3769,9,50489,12,2020,-802.42
1807449705873187328,166,2,53997,1,2020,2656.9
1807449705873187328,166,2,53997,2,2020,647.49
1807449705873187328,166,2,53997,3,2020,206.93
1807449705873187328,166,2,53997,4,2020,-2010.89
1807449705873187328,166,2,53997,5,2020,-1107.43
1807449705873187328,166,2,53997,6,2020,-1154.59
1807449705873187328,166,2,53997,7,2020,-5080.35
1807449705873187328,166,2,53997,8,2020,-8215.61
1807449705873187328,166,2,53997,9,2020,-5199.19
1807449705873187328,166,2,53997,10,2020,-9928.82
1807449705873187328,166,2,53997,11,2020,-9068.84
1807449705873187328,166,2,53997,12,2020,-9781.52
1810429809580685568,1537,1,28011,1,2020,-3678.12
1810429809580685568,1537,1,28011,2,2020,-8945.41
1810429809580685568,1537,1,28011,3,2020,-12529.22
1810429809580685568,1537,1,28011,4,2020,-14953.99
1810429809580685568,1537,1,28011,5,2020,-10886.15
1810429809580685568,1537,1,28011,6,2020,-13013.62
1810429809580685568,1537,1,28011,7,2020,-9371.51
1810429809580685568,1537,1,28011,8,2020,-10368.14
1810429809580685568,1537,1,28011,9,2020,-13751.85
1810429809580685568,1537,1,28011,10,2020,-14092.32
1810429809580685568,1537,1,28011,11,2020,-9175.13
1810429809580685568,1537,1,28011,12,2020,-12164.48
1811045589643177472,2253,2,95564,1,2020,1485.28
1811045589643177472,2253,2,95564,2,2020,-49.82
1811045589643177472,2253,2,95564,3,2020,-6372.0
1811045589643177472,2253,2,95564,4,2020,-3687.78
1811045589643177472,2253,2,95564,5,2020,-6451.34
1811045589643177472,2253,2,95564,6,2020,-8344.49
1811045589643177472,2253,2,95564,7,2020,-11224.87
1811045589643177472,2253,2,95564,8,2020,-18341.22
1811045589643177472,2253,2,95564,9,2020,-13536.91
1811045589643177472,2253,2,95564,10,2020,-3639.35
1811045589643177472,2253,2,95564,11,2020,1942.11
1811045589643177472,2253,2,95564,12,2020,-3689.57
1812102629991344384,9963,6,33387,1,2020,1816.51
1812102629991344384,9963,6,33387,2,2020,544.3
1812102629991344384,9963,6,33387,3,2020,-1117.32
1812102629991344384,9963,6,33387,4,2020,-2531.54
1812102629991344384,9963,6,33387,5,2020,639.83
1812102629991344384,9963,6,33387,6,2020,1986.57
1812102629991344384,9963,6,33387,7,2020,641.53
1812102629991344384,9963,6,33387,8,2020,6666.81
1812102629991344384,9963,6,33387,9,2020,295.26
1812102629991344384,9963,6,33387,10,2020,-2265.65
1812102629991344384,9963,6,33387,11,2020,-2911.24
1812102629991344384,9963,6,33387,12,2020,-3825.96
181251140315878272,6200,1,66236,1,2020,-9292.53
181251140315878272,6200,1,66236,2,2020,-9658.08
181251140315878272,6200,1,66236,3,2020,-5106.59
181251140315878272,6200,1,66236,4,2020,-5437.69
181251140315878272,6200,1,66236,5,2020,-6447.26
181251140315878272,6200,1,66236,6,2020,-10379.75
181251140315878272,6200,1,66236,7,2020,-11428.96
181251140315878272,6200,1,66236,8,2020,-13314.49
181251140315878272,6200,1,66236,9,2020,-8012.84
181251140315878272,6200,1,66236,10,2020,-4128.8
181251140315878272,6200,1,66236,11,2020,-1200.56
181251140315878272,6200,1,66236,12,2020,1466.28
1813457605860895488,8324,8,71302,1,2020,-1149.5
1813457605860895488,8324,8,71302,2,2020,-79.19
1813457605860895488,8324,8,71302,3,2020,1694.85
1813457605860895488,8324,8,71302,4,2020,3992.59
1813457605860895488,8324,8,71302,5,2020,11454.93
1813457605860895488,8324,8,71302,6,2020,11522.81
1813457605860895488,8324,8,71302,7,2020,12073.73
1813457605860895488,8324,8,71302,8,2020,11885.81
1813457605860895488,8324,8,71302,9,2020,11112.17
1813457605860895488,8324,8,71302,10,2020,11911.13
1813457605860895488,8324,8,71302,11,2020,10888.05
1813457605860895488,8324,8,71302,12,2020,10212.87
1814360241823186688,2041,6,92677,1,2020,-5685.15
1814360241823186688,2041,6,92677,2,2020,-9619.1
