2357711964064690688,4588,0,5187,2,2020,2594.3
2357711964064690688,4588,0,5187,3,2020,373.22
2357711964064690688,4588,0,5187,4,2020,4953.67
2357711964064690688,4588,0,5187,5,2020,10381.29
2357711964064690688,4588,0,5187,6,2020,5764.5
2357711964064690688,4588,0,5187,7,2020,13591.81
2357711964064690688,4588,0,5187,8,2020,9270.36
2357711964064690688,4588,0,5187,9,2020,8898.55
2357711964064690688,4588,0,5187,10,2020,6154.14
2357711964064690688,4588,0,5187,11,2020,5472.18
2357711964064690688,4588,0,5187,12,2020,5198.81
2357816559811238912,7980,8,1360,1,2020,1577.07
2357816559811238912,7980,8,1360,2,2020,-1568.93
2357816559811238912,7980,8,1360,3,2020,-1782.62
2357816559811238912,7980,8,1360,4,2020,3791.5
2357816559811238912,7980,8,1360,5,2020,5664.83
2357816559811238912,7980,8,1360,6,2020,6401.79
2357816559811238912,7980,8,1360,7,2020,7294.99
2357816559811238912,7980,8,1360,8,2020,8714.55
2357816559811238912,7980,8,1360,9,2020,12420.6
2357816559811238912,7980,8,1360,10,2020,12914.39
2357816559811238912,7980,8,1360,11,2020,6038.92
2357816559811238912,7980,8,1360,12,2020,526.24
235799480909338624,3840,5,93540,1,2020,-11221.84
235799480909338624,3840,5,93540,2,2020,-6401.88
235799480909338624,3840,5,93540,3,2020,-7424.26
235799480909338624,3840,5,93540,4,2020,-13847.37
235799480909338624,3840,5,93540,5,2020,-21007.83
235799480909338624,3840,5,93540,6,2020,-23504.97
235799480909338624,3840,5,93540,7,2020,-23291.57
235799480909338624,3840,5,93540,8,2020,-27880.42
235799480909338624,3840,5,93540,9,2020,-23011.32
235799480909338624,3840,5,93540,10,2020,-19105.22
235799480909338624,3840,5,93540,11,2020,-18767.96
235799480909338624,3840,5,93540,12,2020,-16667.04
236087614141118112,8003,0,79974,1,2020,-4349.55
236087614141118112,8003,0,79974,2,2020,-5295.91
236087614141118112,8003,0,79974,3,2020,-5324.11
236087614141118112,8003,0,79974,4,2020,-7656.58
236087614141118112,8003,0,79974,5,2020,697.44
236087614141118112,8003,0,79974,6,2020,-1680.52
236087614141118112,8003,0,79974,7,2020,-242.23
236087614141118112,8003,0,79974,8,2020,-7619.07
236087614141118112,8003,0,79974,9,2020,-16724.54
236087614141118112,8003,0,79974,10,2020,-15924.72
236087614141118112,8003,0,79974,11,2020,-13229.88
236087614141118112,8003,0,79974,12,2020,-8114.27
2361555576852939264,1995,3,96763,1,2020,-6311.0
2361555576852939264,1995,3,96763,2,2020,-6307.97
2361555576852939264,1995,3,96763,3,2020,-3302.31
2361555576852939264,1995,3,96763,4,2020,-83.09
2361555576852939264,1995,3,96763,5,2020,3141.61
2361555576852939264,1995,3,96763,6,2020,10667.96
2361555576852939264,1995,3,96763,7,2020,16534.32
2361555576852939264,1995,3,96763,8,2020,12694.77
2361555576852939264,1995,3,96763,9,2020,13703.41
2361555576852939264,1995,3,96763,10,2020,20737.25
2361555576852939264,1995,3,96763,11,2020,25251.19
2361555576852939264,1995,3,96763,12,2020,23567.83
2363549915758511616,6933,9,60200,1,2020,-2734.19
2363549915758511616,6933,9,60200,2,2020,-4221.5
2363549915758511616,6933,9,60200,3,2020,-605.13
2363549915758511616,6933,9,60200,4,2020,-2232.64
2363549915758511616,6933,9,60200,5,2020,-4975.2
2363549915758511616,6933,9,60200,6,2020,-4190.42
2363549915758511616,6933,9,60200,7,2020,-3954.88
2363549915758511616,6933,9,60200,8,2020,-4748.01
2363549915758511616,6933,9,60200,9,2020,-6264.53
2363549915758511616,6933,9,60200,10,2020,-8536.18
2363549915758511616,6933,9,60200,11,2020,-9558.87
2363549915758511616,6933,9,60200,12,2020,-10695.37
2363794691379914752,4182,8,25340,1,2020,-1643.02
2363794691379914752,4182,8,25340,2,2020,-7782.96
2363794691379914752,4182,8,25340,3,2020,-5776.44
2363794691379914752,4182,8,25340,4,2020,-8449.09
2363794691379914752,4182,8,25340,5,2020,-9035.77
2363794691379914752,4182,8,25340,6,2020,-11437.1
2363794691379914752,4182,8,25340,7,2020,-12896.0
2363794691379914752,4182,8,25340,8,2020,-15410.0
2363794691379914752,4182,8,25340,9,2020,-18998.44
2363794691379914752,4182,8,25340,10,2020,-25518.13
2363794691379914752,4182,8,25340,11,2020,-27230.4
2363794691379914752,4182,8,25340,12,2020,-23825.6
2363861767971650560,6300,7,98184,1,2020,5605.19
2363861767971650560,6300,7,98184,2,2020,16626.1
2363861767971650560,6300,7,98184,3,2020,17471.3
2363861767971650560,6300,7,98184,4,2020,19474.21
2363861767971650560,6300,7,98184,5,2020,23537.29
2363861767971650560,6300,7,98184,6,2020,32106.32
2363861767971650560,6300,7,98184,7,2020,31112.53
2363861767971650560,6300,7,98184,8,2020,24320.79
2363861767971650560,6300,7,98184,9,2020,20438.86
2363861767971650560,6300,7,98184,10,2020,18972.3
2363861767971650560,6300,7,98184,11,2020,24077.38
2363861767971650560,6300,7,98184,12,2020,22762.69
2364324214943538688,3237,0,16629,1,2020,-9585.66
2364324214943538688,3237,0,16629,2,2020,-13343.14
2364324214943538688,3237,0,16629,3,2020,-18842.15
2364324214943538688,3237,0,16629,4,2020,-17377.05
2364324214943538688,3237,0,16629,5,2020,-24155.13
2364324214943538688,3237,0,16629,6,2020,-37310.54
2364324214943538688,3237,0,16629,7,2020,-40067.99
2364324214943538688,3237,0,16629,8,2020,-43589.22
2364324214943538688,3237,0,16629,9,2020,-47032.89
2364324214943538688,3237,0,16629,10,2020,-50299.86
2364324214943538688,3237,0,16629,11,2020,-56215.62
2364324214943538688,3237,0,16629,12,2020,-57471.16
2364835205160216064,267,7,73577,1,2020,-1814.7
2364835205160216064,267,7,73577,2,2020,119.7
2364835205160216064,267,7,73577,3,2020,-575.94
2364835205160216064,267,7,73577,4,2020,-2816.85
2364835205160216064,267,7,73577,5,2020,-2816.85
2364835205160216064,267,7,73577,6,2020,-2816.85
2364835205160216064,267,7,73577,7,2020,-2816.85
2364835205160216064,267,7,73577,8,2020,-6941.99
2364835205160216064,267,7,73577,9,2020,-4781.42
2364835205160216064,267,7,73577,10,2020,-6202.6
2364835205160216064,267,7,73577,11,2020,-7471.25
2364835205160216064,267,7,73577,12,2020,-4904.81
2365594246675929088,2987,8,31943,1,2020,-5519.97
2365594246675929088,2987,8,31943,2,2020,-2418.21
2365594246675929088,2987,8,31943,3,2020,-7736.75
2365594246675929088,2987,8,31943,4,2020,-418.28
2365594246675929088,2987,8,31943,5,2020,2027.02
2365594246675929088,2987,8,31943,6,2020,6139.28
2365594246675929088,2987,8,31943,7,2020,8725.34
2365594246675929088,2987,8,31943,8,2020,12480.64
2365594246675929088,2987,8,31943,9,2020,11432.54
2365594246675929088,2987,8,31943,10,2020,8081.88
2365594246675929088,2987,8,31943,11,2020,13112.9
2365594246675929088,2987,8,31943,12,2020,11876.39
2365686326905317376,2617,8,26458,1,2020,4321.77
2365686326905317376,2617,8,26458,2,2020,2584.85
2365686326905317376,2617,8,26458,3,2020,986.84
2365686326905317376,2617,8,26458,4,2020,4015.48
2365686326905317376,2617,8,26458,5,2020,1640.08
2365686326905317376,2617,8,26458,6,2020,1490.87
2365686326905317376,2617,8,26458,7,2020,487.6
2365686326905317376,2617,8,26458,8,2020,322.76
2365686326905317376,2617,8,26458,9,2020,20.34
2365686326905317376,2617,8,26458,10,2020,3429.16
2365686326905317376,2617,8,26458,11,2020,4897.73
2365686326905317376,2617,8,26458,12,2020,5737.18
2366000792733122048,4145,3,88989,1,2020,2127.79
2366000792733122048,4145,3,88989,2,2020,2998.72
2366000792733122048,4145,3,88989,3,2020,2620.26
2366000792733122048,4145,3,88989,4,2020,425.16
2366000792733122048,4145,3,88989,5,2020,10429.07
2366000792733122048,4145,3,88989,6,2020,3331.0
2366000792733122048,4145,3,88989,7,2020,-1304.13
2366000792733122048,4145,3,88989,8,2020,-4782.25
2366000792733122048,4145,3,88989,9,2020,-3728.9
2366000792733122048,4145,3,88989,10,2020,1104.13
2366000792733122048,4145,3,88989,11,2020,4210.42
2366000792733122048,4145,3,88989,12,2020,7083.46
2367115971340684800,9468,3,24854,1,2020,-723.61
2367115971340684800,9468,3,24854,2,2020,-723.61
2367115971340684800,9468,3,24854,3,2020,-723.61
2367115971340684800,9468,3,24854,4,2020,-25.52
2367115971340684800,9468,3,24854,5,2020,-25.52
2367115971340684800,9468,3,24854,6,2020,-25.52
2367115971340684800,9468,3,24854,7,2020,351.63
2367115971340684800,9468,3,24854,8,2020,351.63
2367115971340684800,9468,3,24854,9,2020,351.63
2367115971340684800,9468,3,24854,10,2020,351.63
2367115971340684800,9468,3,24854,11,2020,351.63
2367115971340684800,9468,3,24854,12,2020,351.63
2367925938493628416,4925,2,25331,1,2020,-2997.68
2367925938493628416,4925,2,25331,2,2020,-6952.15
2367925938493628416,4925,2,25331,3,2020,-5828.0
2367925938493628416,4925,2,25331,4,2020,-1617.55
2367925938493628416,4925,2,25331,5,2020,-410.79
2367925938493628416,4925,2,25331,6,2020,1406.03
2367925938493628416,4925,2,25331,7,2020,4404.97
2367925938493628416,4925,2,25331,8,2020,-494.12
2367925938493628416,4925,2,25331,9,2020,-4315.8
2367925938493628416,4925,2,25331,10,2020,-1316.0
2367925938493628416,4925,2,25331,11,2020,-3151.43
2367925938493628416,4925,2,25331,12,2020,-3335.66
2368414625192041984,2720,9,95321,1,2020,1823.27
2368414625192041984,2720,9,95321,2,2020,1823.27
2368414625192041984,2720,9,95321,3,2020,1823.27
2368414625192041984,2720,9,95321,4,2020,1823.27
2368414625192041984,2720,9,95321,5,2020,1823.27
2368414625192041984,2720,9,95321,6,2020,1112.46
2368414625192041984,2720,9,95321,7,2020,1112.46
2368414625192041984,2720,9,95321,8,2020,1112.46
2368414625192041984,2720,9,95321,9,2020,376.98
2368414625192041984,2720,9,95321,10,2020,-668.19
2368414625192041984,2720,9,95321,11,2020,-668.19
2368414625192041984,2720,9,95321,12,2020,-668.19
236851404232655232,1328,5,90247,1,2020,1428.23
236851404232655232,1328,5,90247,2,2020,-506.76
236851404232655232,1328,5,90247,3,2020,3047.73
236851404232655232,1328,5,90247,4,2020,4709.14
236851404232655232,1328,5,90247,5,2020,2851.05
236851404232655232,1328,5,90247,6,2020,-1366.97
236851404232655232,1328,5,90247,7,2020,-537.84
236851404232655232,1328,5,90247,8,2020,-674.72
236851404232655232,1328,5,90247,9,2020,-5377.71
236851404232655232,1328,5,90247,10,2020,-9471.7
236851404232655232,1328,5,90247,11,2020,-10036.36
236851404232655232,1328,5,90247,12,2020,-8141.23
2369132834403627008,2066,8,93585,1,2020,1140.83
2369132834403627008,2066,8,93585,2,2020,3863.89
2369132834403627008,2066,8,93585,3,2020,8033.3
2369132834403627008,2066,8,93585,4,2020,10210.81
2369132834403627008,2066,8,93585,5,2020,8984.2
2369132834403627008,2066,8,93585,6,2020,9994.19
2369132834403627008,2066,8,93585,7,2020,6427.07
2369132834403627008,2066,8,93585,8,2020,6480.68
2369132834403627008,2066,8,93585,9,2020,3098.84
2369132834403627008,2066,8,93585,10,2020,8119.66
2369132834403627008,2066,8,93585,11,2020,6004.38
2369132834403627008,2066,8,93585,12,2020,3522.81
2369148549985959424,8761,0,7799,1,2020,2776.96
2369148549985959424,8761,0,7799,2,2020,-2145.61
2369148549985959424,8761,0,7799,3,2020,-1497.88
2369148549985959424,8761,0,7799,4,2020,621.8
2369148549985959424,8761,0,7799,5,2020,-1569.13
2369148549985959424,8761,0,7799,6,2020,4838.6
2369148549985959424,8761,0,7799,7,2020,3451.49
2369148549985959424,8761,0,7799,8,2020,2427.6
2369148549985959424,8761,0,7799,9,2020,2423.27
2369148549985959424,8761,0,7799,10,2020,2753.45
2369148549985959424,8761,0,7799,11,2020,882.43
2369148549985959424,8761,0,7799,12,2020,2529.7
2369751766521788416,9994,0,28641,1,2020,-4408.42
2369751766521788416,9994,0,28641,2,2020,-3.99
2369751766521788416,9994,0,28641,3,2020,2497.43
2369751766521788416,9994,0,28641,4,2020,2233.06
2369751766521788416,9994,0,28641,5,2020,8228.52
2369751766521788416,9994,0,28641,6,2020,8531.12
2369751766521788416,9994,0,28641,7,2020,9924.52
2369751766521788416,9994,0,28641,8,2020,10865.72
2369751766521788416,9994,0,28641,9,2020,13258.11
2369751766521788416,9994,0,28641,10,2020,6488.06
2369751766521788416,9994,0,28641,11,2020,6558.47
2369751766521788416,9994,0,28641,12,2020,13340.79
