138914554655046656,3959,6,95122,12,2020,-1638.88
1389563431296665344,1916,3,1892,1,2020,-2154.85
1389563431296665344,1916,3,1892,2,2020,-866.13
1389563431296665344,1916,3,1892,3,2020,2042.49
1389563431296665344,1916,3,1892,4,2020,915.0
1389563431296665344,1916,3,1892,5,2020,-619.4
1389563431296665344,1916,3,1892,6,2020,-592.11
1389563431296665344,1916,3,1892,7,2020,3038.37
1389563431296665344,1916,3,1892,8,2020,1148.62
1389563431296665344,1916,3,1892,9,2020,4663.65
1389563431296665344,1916,3,1892,10,2020,5750.55
1389563431296665344,1916,3,1892,11,2020,5332.91
1389563431296665344,1916,3,1892,12,2020,6386.79
1389823488389597184,117,3,90908,1,2020,-437.89
1389823488389597184,117,3,90908,2,2020,3166.37
1389823488389597184,117,3,90908,3,2020,348.42
1389823488389597184,117,3,90908,4,2020,738.31
1389823488389597184,117,3,90908,5,2020,5502.3
1389823488389597184,117,3,90908,6,2020,11697.73
1389823488389597184,117,3,90908,7,2020,11654.47
1389823488389597184,117,3,90908,8,2020,4676.23
1389823488389597184,117,3,90908,9,2020,931.79
1389823488389597184,117,3,90908,10,2020,-6085.92
1389823488389597184,117,3,90908,11,2020,-4946.09
1389823488389597184,117,3,90908,12,2020,-4141.75
1391317459874718976,3953,2,51572,1,2020,1522.56
1391317459874718976,3953,2,51572,2,2020,2882.19
1391317459874718976,3953,2,51572,3,2020,11174.92
1391317459874718976,3953,2,51572,4,2020,12450.84
1391317459874718976,3953,2,51572,5,2020,10491.78
1391317459874718976,3953,2,51572,6,2020,9546.87
1391317459874718976,3953,2,51572,7,2020,15476.38
1391317459874718976,3953,2,51572,8,2020,18747.57
1391317459874718976,3953,2,51572,9,2020,14610.37
1391317459874718976,3953,2,51572,10,2020,11842.0
1391317459874718976,3953,2,51572,11,2020,13393.11
1391317459874718976,3953,2,51572,12,2020,12426.92
1391362718805854976,6753,9,69537,1,2020,432.14
1391362718805854976,6753,9,69537,2,2020,2822.11
1391362718805854976,6753,9,69537,3,2020,1542.39
1391362718805854976,6753,9,69537,4,2020,12027.79
1391362718805854976,6753,9,69537,5,2020,15300.63
1391362718805854976,6753,9,69537,6,2020,13475.03
1391362718805854976,6753,9,69537,7,2020,14110.5
1391362718805854976,6753,9,69537,8,2020,22117.84
1391362718805854976,6753,9,69537,9,2020,30119.09
1391362718805854976,6753,9,69537,10,2020,33783.47
1391362718805854976,6753,9,69537,11,2020,33569.09
1391362718805854976,6753,9,69537,12,2020,30150.22
1391758237203656448,6695,3,69947,1,2020,-1685.41
1391758237203656448,6695,3,69947,2,2020,-606.98
1391758237203656448,6695,3,69947,3,2020,-4350.77
1391758237203656448,6695,3,69947,4,2020,-4688.2
1391758237203656448,6695,3,69947,5,2020,-7998.48
1391758237203656448,6695,3,69947,6,2020,-11759.52
1391758237203656448,6695,3,69947,7,2020,-11108.95
1391758237203656448,6695,3,69947,8,2020,-10564.86
1391758237203656448,6695,3,69947,9,2020,-19116.86
1391758237203656448,6695,3,69947,10,2020,-16680.19
1391758237203656448,6695,3,69947,11,2020,-17340.33
1391758237203656448,6695,3,69947,12,2020,-17928.58
1391983922362069504,9800,9,6451,1,2020,-2285.59
1391983922362069504,9800,9,6451,2,2020,377.76
1391983922362069504,9800,9,6451,3,2020,-856.83
1391983922362069504,9800,9,6451,4,2020,-4839.98
1391983922362069504,9800,9,6451,5,2020,-3072.26
1391983922362069504,9800,9,6451,6,2020,-1198.35
1391983922362069504,9800,9,6451,7,2020,1568.29
1391983922362069504,9800,9,6451,8,2020,3755.28
1391983922362069504,9800,9,6451,9,2020,1152.69
1391983922362069504,9800,9,6451,10,2020,-7586.09
1391983922362069504,9800,9,6451,11,2020,-10597.48
1391983922362069504,9800,9,6451,12,2020,-1463.63
139211761744912640,5679,6,66756,1,2020,-1265.27
139211761744912640,5679,6,66756,2,2020,901.29
139211761744912640,5679,6,66756,3,2020,-376.85
139211761744912640,5679,6,66756,4,2020,-944.02
139211761744912640,5679,6,66756,5,2020,-5408.15
139211761744912640,5679,6,66756,6,2020,-7719.4
139211761744912640,5679,6,66756,7,2020,-6666.22
139211761744912640,5679,6,66756,8,2020,-3438.86
139211761744912640,5679,6,66756,9,2020,-4143.16
139211761744912640,5679,6,66756,10,2020,-8755.19
139211761744912640,5679,6,66756,11,2020,-5187.64
139211761744912640,5679,6,66756,12,2020,-10306.35
1393152531082305792,6511,1,87453,1,2020,-461.42
1393152531082305792,6511,1,87453,2,2020,-1693.41
1393152531082305792,6511,1,87453,3,2020,-1594.55
1393152531082305792,6511,1,87453,4,2020,-1844.02
1393152531082305792,6511,1,87453,5,2020,-801.18
1393152531082305792,6511,1,87453,6,2020,-171.58
1393152531082305792,6511,1,87453,7,2020,-260.13
1393152531082305792,6511,1,87453,8,2020,272.67
1393152531082305792,6511,1,87453,9,2020,1856.41
1393152531082305792,6511,1,87453,10,2020,-4899.09
1393152531082305792,6511,1,87453,11,2020,-1496.27
1393152531082305792,6511,1,87453,12,2020,-3903.91
1395532935996938496,2020,0,15153,1,2020,1665.34
1395532935996938496,2020,0,15153,2,2020,-817.73
1395532935996938496,2020,0,15153,3,2020,2053.03
1395532935996938496,2020,0,15153,4,2020,453.6
1395532935996938496,2020,0,15153,5,2020,1464.43
1395532935996938496,2020,0,15153,6,2020,327.76
1395532935996938496,2020,0,15153,7,2020,3463.43
1395532935996938496,2020,0,15153,8,2020,436.45
1395532935996938496,2020,0,15153,9,2020,934.67
1395532935996938496,2020,0,15153,10,2020,876.67
1395532935996938496,2020,0,15153,11,2020,2506.68
1395532935996938496,2020,0,15153,12,2020,1853.39
1396334580564904704,4978,8,1035,1,2020,-2791.93
1396334580564904704,4978,8,1035,2,2020,-1471.19
1396334580564904704,4978,8,1035,3,2020,-2408.91
1396334580564904704,4978,8,1035,4,2020,255.94
1396334580564904704,4978,8,1035,5,2020,-2131.53
1396334580564904704,4978,8,1035,6,2020,-12.56
1396334580564904704,4978,8,1035,7,2020,-709.88
1396334580564904704,4978,8,1035,8,2020,4719.83
1396334580564904704,4978,8,1035,9,2020,8752.67
1396334580564904704,4978,8,1035,10,2020,14268.56
1396334580564904704,4978,8,1035,11,2020,14463.74
1396334580564904704,4978,8,1035,12,2020,17484.96
139659264818790800,1633,1,48676,1,2020,808.52
139659264818790800,1633,1,48676,2,2020,4131.51
139659264818790800,1633,1,48676,3,2020,3905.2
139659264818790800,1633,1,48676,4,2020,10297.86
139659264818790800,1633,1,48676,5,2020,9874.35
139659264818790800,1633,1,48676,6,2020,8606.05
139659264818790800,1633,1,48676,7,2020,11389.92
139659264818790800,1633,1,48676,8,2020,15290.92
139659264818790800,1633,1,48676,9,2020,15814.48
139659264818790800,1633,1,48676,10,2020,7963.56
139659264818790800,1633,1,48676,11,2020,1287.7
139659264818790800,1633,1,48676,12,2020,-619.47
1397177479155428864,458,2,61748,1,2020,-5431.4
1397177479155428864,458,2,61748,2,2020,-9894.66
1397177479155428864,458,2,61748,3,2020,-11373.4
1397177479155428864,458,2,61748,4,2020,-13649.46
1397177479155428864,458,2,61748,5,2020,-12532.39
1397177479155428864,458,2,61748,6,2020,-13279.25
1397177479155428864,458,2,61748,7,2020,-18033.86
1397177479155428864,458,2,61748,8,2020,-21374.13
1397177479155428864,458,2,61748,9,2020,-19267.64
1397177479155428864,458,2,61748,10,2020,-24968.6
1397177479155428864,458,2,61748,11,2020,-24039.55
1397177479155428864,458,2,61748,12,2020,-30873.43
1398683693131074048,6935,9,40370,1,2020,-1155.75
1398683693131074048,6935,9,40370,2,2020,1255.17
1398683693131074048,6935,9,40370,3,2020,-4988.26
1398683693131074048,6935,9,40370,4,2020,-1496.87
1398683693131074048,6935,9,40370,5,2020,-1846.67
1398683693131074048,6935,9,40370,6,2020,-2844.81
1398683693131074048,6935,9,40370,7,2020,-1991.75
1398683693131074048,6935,9,40370,8,2020,3775.04
1398683693131074048,6935,9,40370,9,2020,1766.15
1398683693131074048,6935,9,40370,10,2020,3129.4
1398683693131074048,6935,9,40370,11,2020,5788.41
1398683693131074048,6935,9,40370,12,2020,4006.69
1398795355506447104,6116,9,31542,1,2020,-825.0
1398795355506447104,6116,9,31542,2,2020,-2574.97
1398795355506447104,6116,9,31542,3,2020,437.67
1398795355506447104,6116,9,31542,4,2020,6831.25
1398795355506447104,6116,9,31542,5,2020,2984.33
1398795355506447104,6116,9,31542,6,2020,1701.73
1398795355506447104,6116,9,31542,7,2020,5183.65
1398795355506447104,6116,9,31542,8,2020,657.05
1398795355506447104,6116,9,31542,9,2020,1503.1
1398795355506447104,6116,9,31542,10,2020,2106.52
1398795355506447104,6116,9,31542,11,2020,572.17
1398795355506447104,6116,9,31542,12,2020,2119.38
1399484328192764160,1301,4,98502,1,2020,7067.6
1399484328192764160,1301,4,98502,2,2020,11555.43
1399484328192764160,1301,4,98502,3,2020,11890.32
1399484328192764160,1301,4,98502,4,2020,13940.16
1399484328192764160,1301,4,98502,5,2020,7482.65
1399484328192764160,1301,4,98502,6,2020,14846.69
1399484328192764160,1301,4,98502,7,2020,14567.42
1399484328192764160,1301,4,98502,8,2020,9788.25
1399484328192764160,1301,4,98502,9,2020,9908.82
1399484328192764160,1301,4,98502,10,2020,7473.34
1399484328192764160,1301,4,98502,11,2020,2044.56
1399484328192764160,1301,4,98502,12,2020,-5622.42
1399539637953662464,2803,8,77453,1,2020,-200.02
1399539637953662464,2803,8,77453,2,2020,-200.45
1399539637953662464,2803,8,77453,3,2020,2967.11
1399539637953662464,2803,8,77453,4,2020,2688.21
1399539637953662464,2803,8,77453,5,2020,2723.33
1399539637953662464,2803,8,77453,6,2020,1782.73
1399539637953662464,2803,8,77453,7,2020,2272.14
1399539637953662464,2803,8,77453,8,2020,-1751.06
1399539637953662464,2803,8,77453,9,2020,-6987.4
1399539637953662464,2803,8,77453,10,2020,-4494.32
1399539637953662464,2803,8,77453,11,2020,-3469.68
1399539637953662464,2803,8,77453,12,2020,369.6
1399590869447784704,154,8,8617,1,2020,1470.84
1399590869447784704,154,8,8617,2,2020,2960.41
1399590869447784704,154,8,8617,3,2020,1653.26
1399590869447784704,154,8,8617,4,2020,1289.36
1399590869447784704,154,8,8617,5,2020,-1616.23
1399590869447784704,154,8,8617,6,2020,1278.84
1399590869447784704,154,8,8617,7,2020,-2243.6
1399590869447784704,154,8,8617,8,2020,-3367.72
1399590869447784704,154,8,8617,9,2020,-2748.27
1399590869447784704,154,8,8617,10,2020,-487.64
1399590869447784704,154,8,8617,11,2020,-5560.9
1399590869447784704,154,8,8617,12,2020,-4461.74
1401584755745057792,6354,8,89902,1,2020,-5868.46
1401584755745057792,6354,8,89902,2,2020,-3347.81
1401584755745057792,6354,8,89902,3,2020,-3359.22
1401584755745057792,6354,8,89902,4,2020,-5803.49
1401584755745057792,6354,8,89902,5,2020,-4556.81
1401584755745057792,6354,8,89902,6,2020,-850.0
1401584755745057792,6354,8,89902,7,2020,3274.2
1401584755745057792,6354,8,89902,8,2020,6114.76
1401584755745057792,6354,8,89902,9,2020,10341.24
1401584755745057792,6354,8,89902,10,2020,4876.95
1401584755745057792,6354,8,89902,11,2020,3037.26
1401584755745057792,6354,8,89902,12,2020,-17.71
1401667317776158976,3762,3,58110,1,2020,4283.31
1401667317776158976,3762,3,58110,2,2020,3982.54
1401667317776158976,3762,3,58110,3,2020,12440.19
1401667317776158976,3762,3,58110,4,2020,11259.95
1401667317776158976,3762,3,58110,5,2020,2204.02
1401667317776158976,3762,3,58110,6,2020,12035.77
1401667317776158976,3762,3,58110,7,2020,21530.41
1401667317776158976,3762,3,58110,8,2020,16669.31
1401667317776158976,3762,3,58110,9,2020,12275.77
1401667317776158976,3762,3,58110,10,2020,17492.76
1401667317776158976,3762,3,58110,11,2020,28817.1
1401667317776158976,3762,3,58110,12,2020,29877.57
1401994282835416576,1661,4,37383,1,2020,-3171.07
1401994282835416576,1661,4,37383,2,2020,-2443.4
1401994282835416576,1661,4,37383,3,2020,-2319.96
1401994282835416576,1661,4,37383,4,2020,1049.31
1401994282835416576,1661,4,37383,5,2020,645.48
1401994282835416576,1661,4,37383,6,2020,6568.26
1401994282835416576,1661,4,37383,7,2020,6176.33
1401994282835416576,1661,4,37383,8,2020,7012.31
1401994282835416576,1661,4,37383,9,2020,11026.04
1401994282835416576,1661,4,37383,10,2020,9982.48
