1401994282835416576,1661,4,37383,11,2020,9874.46
1401994282835416576,1661,4,37383,12,2020,9274.51
1402303096017294080,2797,2,36386,1,2020,1582.81
1402303096017294080,2797,2,36386,2,2020,1303.99
1402303096017294080,2797,2,36386,3,2020,-597.98
1402303096017294080,2797,2,36386,4,2020,-2574.95
1402303096017294080,2797,2,36386,5,2020,-10115.13
1402303096017294080,2797,2,36386,6,2020,-11867.07
1402303096017294080,2797,2,36386,7,2020,-15601.58
1402303096017294080,2797,2,36386,8,2020,-12300.64
1402303096017294080,2797,2,36386,9,2020,-20597.75
1402303096017294080,2797,2,36386,10,2020,-20761.47
1402303096017294080,2797,2,36386,11,2020,-23836.06
1402303096017294080,2797,2,36386,12,2020,-20374.26
1403571591123570688,1226,6,55565,1,2020,6337.37
1403571591123570688,1226,6,55565,2,2020,6403.17
1403571591123570688,1226,6,55565,3,2020,3675.46
1403571591123570688,1226,6,55565,4,2020,1900.94
1403571591123570688,1226,6,55565,5,2020,5661.72
1403571591123570688,1226,6,55565,6,2020,6487.83
1403571591123570688,1226,6,55565,7,2020,6075.81
1403571591123570688,1226,6,55565,8,2020,4854.65
1403571591123570688,1226,6,55565,9,2020,5908.71
1403571591123570688,1226,6,55565,10,2020,6566.21
1403571591123570688,1226,6,55565,11,2020,5411.14
1403571591123570688,1226,6,55565,12,2020,-3354.6
1404296739460182272,6503,7,54209,1,2020,-2430.92
1404296739460182272,6503,7,54209,2,2020,-4520.62
1404296739460182272,6503,7,54209,3,2020,2725.7
1404296739460182272,6503,7,54209,4,2020,7154.58
1404296739460182272,6503,7,54209,5,2020,3788.47
1404296739460182272,6503,7,54209,6,2020,-416.97
1404296739460182272,6503,7,54209,7,2020,-1285.49
1404296739460182272,6503,7,54209,8,2020,2114.55
1404296739460182272,6503,7,54209,9,2020,-2614.73
1404296739460182272,6503,7,54209,10,2020,-3341.09
1404296739460182272,6503,7,54209,11,2020,-3320.39
1404296739460182272,6503,7,54209,12,2020,-2502.43
1404786862524718592,5874,4,34304,1,2020,5233.07
1404786862524718592,5874,4,34304,2,2020,15511.85
1404786862524718592,5874,4,34304,3,2020,14146.67
1404786862524718592,5874,4,34304,4,2020,7341.87
1404786862524718592,5874,4,34304,5,2020,11486.45
1404786862524718592,5874,4,34304,6,2020,13418.9
1404786862524718592,5874,4,34304,7,2020,17098.41
1404786862524718592,5874,4,34304,8,2020,15706.26
1404786862524718592,5874,4,34304,9,2020,13260.26
1404786862524718592,5874,4,34304,10,2020,2494.23
1404786862524718592,5874,4,34304,11,2020,-6742.5
1404786862524718592,5874,4,34304,12,2020,-2140.74
1405027679368980992,5847,7,1466,1,2020,-3915.57
1405027679368980992,5847,7,1466,2,2020,-8114.74
1405027679368980992,5847,7,1466,3,2020,-8908.84
1405027679368980992,5847,7,1466,4,2020,-1521.16
1405027679368980992,5847,7,1466,5,2020,1911.31
1405027679368980992,5847,7,1466,6,2020,4251.78
1405027679368980992,5847,7,1466,7,2020,481.84
1405027679368980992,5847,7,1466,8,2020,2432.36
1405027679368980992,5847,7,1466,9,2020,-205.42
1405027679368980992,5847,7,1466,10,2020,6249.07
1405027679368980992,5847,7,1466,11,2020,18263.08
1405027679368980992,5847,7,1466,12,2020,21510.43
1406040507782190848,1464,3,36041,1,2020,-2704.98
1406040507782190848,1464,3,36041,2,2020,-6410.26
1406040507782190848,1464,3,36041,3,2020,-16170.11
1406040507782190848,1464,3,36041,4,2020,-15398.81
1406040507782190848,1464,3,36041,5,2020,-16654.12
1406040507782190848,1464,3,36041,6,2020,-9778.08
1406040507782190848,1464,3,36041,7,2020,-14078.95
1406040507782190848,1464,3,36041,8,2020,-16569.46
1406040507782190848,1464,3,36041,9,2020,-15122.57
1406040507782190848,1464,3,36041,10,2020,-19677.91
1406040507782190848,1464,3,36041,11,2020,-15705.05
1406040507782190848,1464,3,36041,12,2020,-23737.78
1406172294229111296,9280,8,89510,1,2020,-3821.83
1406172294229111296,9280,8,89510,2,2020,-1668.77
1406172294229111296,9280,8,89510,3,2020,3118.42
1406172294229111296,9280,8,89510,4,2020,5590.49
1406172294229111296,9280,8,89510,5,2020,2968.72
1406172294229111296,9280,8,89510,6,2020,1941.96
1406172294229111296,9280,8,89510,7,2020,6879.7
1406172294229111296,9280,8,89510,8,2020,4348.6
1406172294229111296,9280,8,89510,9,2020,3652.02
1406172294229111296,9280,8,89510,10,2020,892.56
1406172294229111296,9280,8,89510,11,2020,1531.16
1406172294229111296,9280,8,89510,12,2020,1461.4
140816729931645584,6810,6,35462,1,2020,0.0
140816729931645584,6810,6,35462,2,2020,-1166.39
140816729931645584,6810,6,35462,3,2020,-1166.39
140816729931645584,6810,6,35462,4,2020,-1166.39
140816729931645584,6810,6,35462,5,2020,-1166.39
140816729931645584,6810,6,35462,6,2020,-1166.39
140816729931645584,6810,6,35462,7,2020,-158.29
140816729931645584,6810,6,35462,8,2020,-158.29
140816729931645584,6810,6,35462,9,2020,336.7
140816729931645584,6810,6,35462,10,2020,336.7
140816729931645584,6810,6,35462,11,2020,336.7
140816729931645584,6810,6,35462,12,2020,1748.37
1410599324640218368,9994,1,85680,1,2020,3494.71
1410599324640218368,9994,1,85680,2,2020,5057.6
1410599324640218368,9994,1,85680,3,2020,8481.72
1410599324640218368,9994,1,85680,4,2020,11517.41
1410599324640218368,9994,1,85680,5,2020,14379.5
1410599324640218368,9994,1,85680,6,2020,16006.16
1410599324640218368,9994,1,85680,7,2020,20440.08
1410599324640218368,9994,1,85680,8,2020,22494.02
1410599324640218368,9994,1,85680,9,2020,21966.44
1410599324640218368,9994,1,85680,10,2020,18253.92
1410599324640218368,9994,1,85680,11,2020,23512.14
1410599324640218368,9994,1,85680,12,2020,19579.24
1410738303977820160,4557,4,59683,1,2020,-2275.5
1410738303977820160,4557,4,59683,2,2020,-11671.25
1410738303977820160,4557,4,59683,3,2020,-10701.37
1410738303977820160,4557,4,59683,4,2020,-9941.6
1410738303977820160,4557,4,59683,5,2020,-11434.54
1410738303977820160,4557,4,59683,6,2020,-9242.62
1410738303977820160,4557,4,59683,7,2020,-11632.59
1410738303977820160,4557,4,59683,8,2020,-12029.75
1410738303977820160,4557,4,59683,9,2020,-11951.25
1410738303977820160,4557,4,59683,10,2020,-7584.02
1410738303977820160,4557,4,59683,11,2020,-10315.58
1410738303977820160,4557,4,59683,12,2020,-17087.61
1411429076410695168,8798,0,89131,1,2020,-2960.44
1411429076410695168,8798,0,89131,2,2020,-5564.47
1411429076410695168,8798,0,89131,3,2020,-7084.28
1411429076410695168,8798,0,89131,4,2020,-2362.93
1411429076410695168,8798,0,89131,5,2020,-2453.92
1411429076410695168,8798,0,89131,6,2020,-1087.34
1411429076410695168,8798,0,89131,7,2020,-5625.84
1411429076410695168,8798,0,89131,8,2020,-1069.76
1411429076410695168,8798,0,89131,9,2020,-3000.51
1411429076410695168,8798,0,89131,10,2020,6441.63
1411429076410695168,8798,0,89131,11,2020,11409.01
1411429076410695168,8798,0,89131,12,2020,16314.37
1411443745236337152,4059,2,35097,1,2020,-4361.55
1411443745236337152,4059,2,35097,2,2020,-8637.49
1411443745236337152,4059,2,35097,3,2020,-4128.85
1411443745236337152,4059,2,35097,4,2020,-136.7
1411443745236337152,4059,2,35097,5,2020,-2605.76
1411443745236337152,4059,2,35097,6,2020,-3735.76
1411443745236337152,4059,2,35097,7,2020,-6420.55
1411443745236337152,4059,2,35097,8,2020,-12189.89
1411443745236337152,4059,2,35097,9,2020,-13133.21
1411443745236337152,4059,2,35097,10,2020,-9809.38
1411443745236337152,4059,2,35097,11,2020,-9394.0
1411443745236337152,4059,2,35097,12,2020,-1927.75
1411541802555112192,498,0,23180,1,2020,2553.17
1411541802555112192,498,0,23180,2,2020,2014.1
1411541802555112192,498,0,23180,3,2020,2895.42
1411541802555112192,498,0,23180,4,2020,6168.57
1411541802555112192,498,0,23180,5,2020,3544.58
1411541802555112192,498,0,23180,6,2020,5651.76
1411541802555112192,498,0,23180,7,2020,6841.62
1411541802555112192,498,0,23180,8,2020,4188.9
1411541802555112192,498,0,23180,9,2020,3733.88
1411541802555112192,498,0,23180,10,2020,4214.74
1411541802555112192,498,0,23180,11,2020,1960.4
1411541802555112192,498,0,23180,12,2020,6303.97
1412620033190532352,5837,2,47282,1,2020,-4512.5
1412620033190532352,5837,2,47282,2,2020,-6108.28
1412620033190532352,5837,2,47282,3,2020,-10192.81
1412620033190532352,5837,2,47282,4,2020,-2239.69
1412620033190532352,5837,2,47282,5,2020,-3670.77
1412620033190532352,5837,2,47282,6,2020,-8565.62
1412620033190532352,5837,2,47282,7,2020,-9171.47
1412620033190532352,5837,2,47282,8,2020,-16144.33
1412620033190532352,5837,2,47282,9,2020,-12712.03
1412620033190532352,5837,2,47282,10,2020,-8813.89
1412620033190532352,5837,2,47282,11,2020,-3628.1
1412620033190532352,5837,2,47282,12,2020,-6997.63
1413750164460007936,3056,8,58318,1,2020,-250.33
1413750164460007936,3056,8,58318,2,2020,-3949.99
1413750164460007936,3056,8,58318,3,2020,-8414.04
1413750164460007936,3056,8,58318,4,2020,-7812.3
1413750164460007936,3056,8,58318,5,2020,-7661.0
1413750164460007936,3056,8,58318,6,2020,-3186.97
1413750164460007936,3056,8,58318,7,2020,-6755.21
1413750164460007936,3056,8,58318,8,2020,-2168.74
1413750164460007936,3056,8,58318,9,2020,-420.37
1413750164460007936,3056,8,58318,10,2020,-6593.66
1413750164460007936,3056,8,58318,11,2020,-11693.45
1413750164460007936,3056,8,58318,12,2020,-13277.33
141411854159038672,4610,7,9906,1,2020,62.37
141411854159038672,4610,7,9906,2,2020,-68.61
141411854159038672,4610,7,9906,3,2020,-3453.98
141411854159038672,4610,7,9906,4,2020,1874.1
141411854159038672,4610,7,9906,5,2020,2085.86
141411854159038672,4610,7,9906,6,2020,-4296.03
141411854159038672,4610,7,9906,7,2020,-5707.96
141411854159038672,4610,7,9906,8,2020,-6049.65
141411854159038672,4610,7,9906,9,2020,-6381.06
141411854159038672,4610,7,9906,10,2020,-5985.45
141411854159038672,4610,7,9906,11,2020,-341.57
141411854159038672,4610,7,9906,12,2020,-1762.27
1415121686008316416,7154,4,17977,1,2020,-3916.97
1415121686008316416,7154,4,17977,2,2020,-1018.03
1415121686008316416,7154,4,17977,3,2020,-7076.28
1415121686008316416,7154,4,17977,4,2020,342.48
1415121686008316416,7154,4,17977,5,2020,995.84
1415121686008316416,7154,4,17977,6,2020,4570.17
1415121686008316416,7154,4,17977,7,2020,1236.44
1415121686008316416,7154,4,17977,8,2020,9233.86
1415121686008316416,7154,4,17977,9,2020,15184.56
1415121686008316416,7154,4,17977,10,2020,14261.85
1415121686008316416,7154,4,17977,11,2020,16015.44
1415121686008316416,7154,4,17977,12,2020,18854.39
1415848802015030016,1013,2,7349,1,2020,-5300.38
1415848802015030016,1013,2,7349,2,2020,-11407.19
1415848802015030016,1013,2,7349,3,2020,-11830.09
1415848802015030016,1013,2,7349,4,2020,-13088.8
1415848802015030016,1013,2,7349,5,2020,-8409.97
1415848802015030016,1013,2,7349,6,2020,-10604.95
1415848802015030016,1013,2,7349,7,2020,-9992.51
1415848802015030016,1013,2,7349,8,2020,-9173.2
1415848802015030016,1013,2,7349,9,2020,-15252.68
1415848802015030016,1013,2,7349,10,2020,-19458.49
1415848802015030016,1013,2,7349,11,2020,-22233.79
1415848802015030016,1013,2,7349,12,2020,-13786.42
1416322820614377728,5448,8,48358,1,2020,1355.67
1416322820614377728,5448,8,48358,2,2020,299.01
1416322820614377728,5448,8,48358,3,2020,3350.1
1416322820614377728,5448,8,48358,4,2020,3103.6
1416322820614377728,5448,8,48358,5,2020,5052.01
1416322820614377728,5448,8,48358,6,2020,3228.01
1416322820614377728,5448,8,48358,7,2020,7085.51
1416322820614377728,5448,8,48358,8,2020,9963.19
1416322820614377728,5448,8,48358,9,2020,8957.73
1416322820614377728,5448,8,48358,10,2020,8197.15
1416322820614377728,5448,8,48358,11,2020,11012.14
1416322820614377728,5448,8,48358,12,2020,11226.3
1416443814225121024,5053,0,14680,1,2020,506.53
1416443814225121024,5053,0,14680,2,2020,3739.19
1416443814225121024,5053,0,14680,3,2020,2877.77
1416443814225121024,5053,0,14680,4,2020,1065.23
1416443814225121024,5053,0,14680,5,2020,-7016.56
1416443814225121024,5053,0,14680,6,2020,-9170.46
1416443814225121024,5053,0,14680,7,2020,-8080.9
1416443814225121024,5053,0,14680,8,2020,-6053.16
1416443814225121024,5053,0,14680,9,2020,223.76
1416443814225121024,5053,0,14680,10,2020,-9861.36
