2343772775428169216,8974,7,5214,2,2020,-7767.75
2343772775428169216,8974,7,5214,3,2020,-15300.64
2343772775428169216,8974,7,5214,4,2020,-13631.16
2343772775428169216,8974,7,5214,5,2020,-12354.82
2343772775428169216,8974,7,5214,6,2020,-14689.56
2343772775428169216,8974,7,5214,7,2020,-17312.44
2343772775428169216,8974,7,5214,8,2020,-26973.7
2343772775428169216,8974,7,5214,9,2020,-25943.91
2343772775428169216,8974,7,5214,10,2020,-24850.77
2343772775428169216,8974,7,5214,11,2020,-25528.36
2343772775428169216,8974,7,5214,12,2020,-24531.68
2345122273571355648,7020,3,76293,1,2020,2063.89
2345122273571355648,7020,3,76293,2,2020,5431.83
2345122273571355648,7020,3,76293,3,2020,11738.45
2345122273571355648,7020,3,76293,4,2020,9228.03
2345122273571355648,7020,3,76293,5,2020,15511.45
2345122273571355648,7020,3,76293,6,2020,18371.19
2345122273571355648,7020,3,76293,7,2020,24516.19
2345122273571355648,7020,3,76293,8,2020,28812.43
2345122273571355648,7020,3,76293,9,2020,29176.44
2345122273571355648,7020,3,76293,10,2020,30167.98
2345122273571355648,7020,3,76293,11,2020,22292.64
2345122273571355648,7020,3,76293,12,2020,22079.03
2347097847898244608,827,7,70896,1,2020,779.46
2347097847898244608,827,7,70896,2,2020,4072.24
2347097847898244608,827,7,70896,3,2020,4419.06
2347097847898244608,827,7,70896,4,2020,8407.12
2347097847898244608,827,7,70896,5,2020,9195.95
2347097847898244608,827,7,70896,6,2020,3226.27
2347097847898244608,827,7,70896,7,2020,2077.36
2347097847898244608,827,7,70896,8,2020,-3101.25
2347097847898244608,827,7,70896,9,2020,-2321.44
2347097847898244608,827,7,70896,10,2020,-1927.15
2347097847898244608,827,7,70896,11,2020,-567.58
2347097847898244608,827,7,70896,12,2020,1372.26
2347246643197181952,4117,9,94953,1,2020,-2752.19
2347246643197181952,4117,9,94953,2,2020,-2641.75
2347246643197181952,4117,9,94953,3,2020,-4445.25
2347246643197181952,4117,9,94953,4,2020,-5250.5
2347246643197181952,4117,9,94953,5,2020,-691.6
2347246643197181952,4117,9,94953,6,2020,38.96
2347246643197181952,4117,9,94953,7,2020,-2144.24
2347246643197181952,4117,9,94953,8,2020,-4187.2
2347246643197181952,4117,9,94953,9,2020,-5376.37
2347246643197181952,4117,9,94953,10,2020,-2400.9
2347246643197181952,4117,9,94953,11,2020,-75.44
2347246643197181952,4117,9,94953,12,2020,1295.22
2348481340578612736,4934,4,62423,1,2020,-78.25
2348481340578612736,4934,4,62423,2,2020,2601.15
2348481340578612736,4934,4,62423,3,2020,630.72
2348481340578612736,4934,4,62423,4,2020,-1784.23
2348481340578612736,4934,4,62423,5,2020,3259.78
2348481340578612736,4934,4,62423,6,2020,5957.17
2348481340578612736,4934,4,62423,7,2020,4205.65
2348481340578612736,4934,4,62423,8,2020,1728.11
2348481340578612736,4934,4,62423,9,2020,7560.67
2348481340578612736,4934,4,62423,10,2020,5766.07
2348481340578612736,4934,4,62423,11,2020,5621.32
2348481340578612736,4934,4,62423,12,2020,4991.7
2348513355398095360,2803,4,46174,1,2020,-374.05
2348513355398095360,2803,4,46174,2,2020,994.15
2348513355398095360,2803,4,46174,3,2020,-2723.93
2348513355398095360,2803,4,46174,4,2020,-900.25
2348513355398095360,2803,4,46174,5,2020,526.56
2348513355398095360,2803,4,46174,6,2020,587.79
2348513355398095360,2803,4,46174,7,2020,-1195.88
2348513355398095360,2803,4,46174,8,2020,-5304.2
2348513355398095360,2803,4,46174,9,2020,-7806.69
2348513355398095360,2803,4,46174,10,2020,-7185.78
2348513355398095360,2803,4,46174,11,2020,-6752.53
2348513355398095360,2803,4,46174,12,2020,-5302.1
234913061149708448,8117,8,16428,1,2020,1707.01
234913061149708448,8117,8,16428,2,2020,861.21
234913061149708448,8117,8,16428,3,2020,-5113.55
234913061149708448,8117,8,16428,4,2020,-6274.29
234913061149708448,8117,8,16428,5,2020,-4513.36
234913061149708448,8117,8,16428,6,2020,-4056.7
234913061149708448,8117,8,16428,7,2020,-2466.89
234913061149708448,8117,8,16428,8,2020,-2447.33
234913061149708448,8117,8,16428,9,2020,-4630.77
234913061149708448,8117,8,16428,10,2020,-5605.3
234913061149708448,8117,8,16428,11,2020,-6282.42
234913061149708448,8117,8,16428,12,2020,-8362.49
2350002886944352256,2214,8,82094,1,2020,-3321.96
2350002886944352256,2214,8,82094,2,2020,-4571.33
2350002886944352256,2214,8,82094,3,2020,-8639.1
2350002886944352256,2214,8,82094,4,2020,-11619.67
2350002886944352256,2214,8,82094,5,2020,-13101.97
2350002886944352256,2214,8,82094,6,2020,-14882.65
2350002886944352256,2214,8,82094,7,2020,-15019.38
2350002886944352256,2214,8,82094,8,2020,-14711.71
2350002886944352256,2214,8,82094,9,2020,-16066.76
2350002886944352256,2214,8,82094,10,2020,-12559.89
2350002886944352256,2214,8,82094,11,2020,-12784.6
2350002886944352256,2214,8,82094,12,2020,-12190.91
2352113013219256832,5665,8,96307,1,2020,11984.24
2352113013219256832,5665,8,96307,2,2020,18815.01
2352113013219256832,5665,8,96307,3,2020,17555.59
2352113013219256832,5665,8,96307,4,2020,17277.8
2352113013219256832,5665,8,96307,5,2020,10249.43
2352113013219256832,5665,8,96307,6,2020,6839.74
2352113013219256832,5665,8,96307,7,2020,7247.93
2352113013219256832,5665,8,96307,8,2020,11376.61
2352113013219256832,5665,8,96307,9,2020,13704.62
2352113013219256832,5665,8,96307,10,2020,12593.57
2352113013219256832,5665,8,96307,11,2020,16451.64
2352113013219256832,5665,8,96307,12,2020,18590.81
2352657235622706176,8057,8,21387,1,2020,-710.37
2352657235622706176,8057,8,21387,2,2020,-5221.91
2352657235622706176,8057,8,21387,3,2020,-439.28
2352657235622706176,8057,8,21387,4,2020,977.67
2352657235622706176,8057,8,21387,5,2020,-4133.25
2352657235622706176,8057,8,21387,6,2020,506.45
2352657235622706176,8057,8,21387,7,2020,9275.59
2352657235622706176,8057,8,21387,8,2020,10634.88
2352657235622706176,8057,8,21387,9,2020,6705.33
2352657235622706176,8057,8,21387,10,2020,8218.0
2352657235622706176,8057,8,21387,11,2020,11568.08
2352657235622706176,8057,8,21387,12,2020,9638.11
2353496498221665280,672,1,13058,1,2020,0.0
2353496498221665280,672,1,13058,2,2020,-1427.65
2353496498221665280,672,1,13058,3,2020,-4087.2
2353496498221665280,672,1,13058,4,2020,-4006.49
2353496498221665280,672,1,13058,5,2020,-4148.56
2353496498221665280,672,1,13058,6,2020,-2244.19
2353496498221665280,672,1,13058,7,2020,-2199.76
2353496498221665280,672,1,13058,8,2020,-1432.47
2353496498221665280,672,1,13058,9,2020,-1342.94
2353496498221665280,672,1,13058,10,2020,470.68
2353496498221665280,672,1,13058,11,2020,3547.62
2353496498221665280,672,1,13058,12,2020,2414.79
2353715241838808064,2356,3,40189,1,2020,1618.38
2353715241838808064,2356,3,40189,2,2020,483.89
2353715241838808064,2356,3,40189,3,2020,-1870.32
2353715241838808064,2356,3,40189,4,2020,-1452.48
2353715241838808064,2356,3,40189,5,2020,2888.86
2353715241838808064,2356,3,40189,6,2020,-4785.56
2353715241838808064,2356,3,40189,7,2020,-4492.71
2353715241838808064,2356,3,40189,8,2020,-6430.37
2353715241838808064,2356,3,40189,9,2020,-3079.52
2353715241838808064,2356,3,40189,10,2020,-4791.11
2353715241838808064,2356,3,40189,11,2020,-7606.3
2353715241838808064,2356,3,40189,12,2020,-7644.5
2354157519703808512,2649,0,10036,1,2020,-1770.03
2354157519703808512,2649,0,10036,2,2020,123.14
2354157519703808512,2649,0,10036,3,2020,481.08
2354157519703808512,2649,0,10036,4,2020,413.77
2354157519703808512,2649,0,10036,5,2020,112.79
2354157519703808512,2649,0,10036,6,2020,1048.9
2354157519703808512,2649,0,10036,7,2020,1301.28
2354157519703808512,2649,0,10036,8,2020,2285.43
2354157519703808512,2649,0,10036,9,2020,2546.08
2354157519703808512,2649,0,10036,10,2020,1437.9
2354157519703808512,2649,0,10036,11,2020,601.52
2354157519703808512,2649,0,10036,12,2020,-1128.27
2354288469390111744,7437,8,51609,1,2020,-1285.81
2354288469390111744,7437,8,51609,2,2020,-1035.79
2354288469390111744,7437,8,51609,3,2020,16.46
2354288469390111744,7437,8,51609,4,2020,-6514.88
2354288469390111744,7437,8,51609,5,2020,-5384.27
2354288469390111744,7437,8,51609,6,2020,-824.42
2354288469390111744,7437,8,51609,7,2020,1448.28
2354288469390111744,7437,8,51609,8,2020,3483.14
2354288469390111744,7437,8,51609,9,2020,414.22
2354288469390111744,7437,8,51609,10,2020,7185.76
2354288469390111744,7437,8,51609,11,2020,-627.09
2354288469390111744,7437,8,51609,12,2020,639.31
2354961350639845376,3409,8,91598,1,2020,6651.8
2354961350639845376,3409,8,91598,2,2020,13170.59
2354961350639845376,3409,8,91598,3,2020,14251.34
2354961350639845376,3409,8,91598,4,2020,13574.3
2354961350639845376,3409,8,91598,5,2020,11213.06
2354961350639845376,3409,8,91598,6,2020,7476.28
2354961350639845376,3409,8,91598,7,2020,10531.65
2354961350639845376,3409,8,91598,8,2020,5843.83
2354961350639845376,3409,8,91598,9,2020,10884.23
2354961350639845376,3409,8,91598,10,2020,4959.75
2354961350639845376,3409,8,91598,11,2020,14031.81
2354961350639845376,3409,8,91598,12,2020,22120.11
2355369301267373056,3502,3,96007,1,2020,877.36
2355369301267373056,3502,3,96007,2,2020,831.25
2355369301267373056,3502,3,96007,3,2020,2704.02
2355369301267373056,3502,3,96007,4,2020,7249.87
2355369301267373056,3502,3,96007,5,2020,7372.86
2355369301267373056,3502,3,96007,6,2020,5424.73
2355369301267373056,3502,3,96007,7,2020,2544.21
2355369301267373056,3502,3,96007,8,2020,4252.47
2355369301267373056,3502,3,96007,9,2020,6750.3
2355369301267373056,3502,3,96007,10,2020,6113.4
2355369301267373056,3502,3,96007,11,2020,5413.86
2355369301267373056,3502,3,96007,12,2020,4574.86
2355555030391447040,477,1,44588,1,2020,-2962.45
2355555030391447040,477,1,44588,2,2020,-2046.12
2355555030391447040,477,1,44588,3,2020,-199.89
2355555030391447040,477,1,44588,4,2020,651.39
2355555030391447040,477,1,44588,5,2020,2400.7
2355555030391447040,477,1,44588,6,2020,2408.79
2355555030391447040,477,1,44588,7,2020,1233.58
2355555030391447040,477,1,44588,8,2020,316.74
2355555030391447040,477,1,44588,9,2020,453.77
2355555030391447040,477,1,44588,10,2020,-474.89
2355555030391447040,477,1,44588,11,2020,-5353.37
2355555030391447040,477,1,44588,12,2020,-5354.26
2356354562736624640,9384,0,31530,1,2020,0.0
2356354562736624640,9384,0,31530,2,2020,0.0
2356354562736624640,9384,0,31530,3,2020,0.0
2356354562736624640,9384,0,31530,4,2020,216.53
2356354562736624640,9384,0,31530,5,2020,-974.44
2356354562736624640,9384,0,31530,6,2020,-2757.16
2356354562736624640,9384,0,31530,7,2020,-2757.16
2356354562736624640,9384,0,31530,8,2020,-2757.16
2356354562736624640,9384,0,31530,9,2020,-2757.16
2356354562736624640,9384,0,31530,10,2020,559.94
2356354562736624640,9384,0,31530,11,2020,559.94
2356354562736624640,9384,0,31530,12,2020,-3371.94
2356634169975249920,9423,5,48290,1,2020,-1816.94
2356634169975249920,9423,5,48290,2,2020,-2819.15
2356634169975249920,9423,5,48290,3,2020,-4272.3
2356634169975249920,9423,5,48290,4,2020,-5727.18
2356634169975249920,9423,5,48290,5,2020,-7405.22
2356634169975249920,9423,5,48290,6,2020,-7405.22
2356634169975249920,9423,5,48290,7,2020,-6452.85
2356634169975249920,9423,5,48290,8,2020,-5463.96
2356634169975249920,9423,5,48290,9,2020,-4056.59
2356634169975249920,9423,5,48290,10,2020,-5759.63
2356634169975249920,9423,5,48290,11,2020,-5759.63
2356634169975249920,9423,5,48290,12,2020,-4525.6
2356661094756744704,9987,8,48625,1,2020,-4596.13
2356661094756744704,9987,8,48625,2,2020,-6801.27
2356661094756744704,9987,8,48625,3,2020,-5882.94
2356661094756744704,9987,8,48625,4,2020,-10653.21
2356661094756744704,9987,8,48625,5,2020,-8554.34
2356661094756744704,9987,8,48625,6,2020,-8556.72
2356661094756744704,9987,8,48625,7,2020,-7546.78
2356661094756744704,9987,8,48625,8,2020,-7055.4
2356661094756744704,9987,8,48625,9,2020,-13396.28
2356661094756744704,9987,8,48625,10,2020,-15618.81
2356661094756744704,9987,8,48625,11,2020,-15034.47
2356661094756744704,9987,8,48625,12,2020,-18766.17
2357711964064690688,4588,0,5187,1,2020,-75.58
