1173306636433992960,8458,7,10165,6,2020,-4719.09
1173306636433992960,8458,7,10165,7,2020,-6434.16
1173306636433992960,8458,7,10165,8,2020,-4981.56
1173306636433992960,8458,7,10165,9,2020,-5162.01
1173306636433992960,8458,7,10165,10,2020,-8604.49
1173306636433992960,8458,7,10165,11,2020,-10368.34
1173306636433992960,8458,7,10165,12,2020,-10686.18
1173810188156396288,2027,5,30674,1,2020,-3374.57
1173810188156396288,2027,5,30674,2,2020,-1292.0
1173810188156396288,2027,5,30674,3,2020,5422.16
1173810188156396288,2027,5,30674,4,2020,5799.54
1173810188156396288,2027,5,30674,5,2020,1036.91
1173810188156396288,2027,5,30674,6,2020,3524.74
1173810188156396288,2027,5,30674,7,2020,8135.71
1173810188156396288,2027,5,30674,8,2020,9935.68
1173810188156396288,2027,5,30674,9,2020,3719.6
1173810188156396288,2027,5,30674,10,2020,5908.78
1173810188156396288,2027,5,30674,11,2020,4380.25
1173810188156396288,2027,5,30674,12,2020,7602.06
1174669385787789824,3409,6,86555,1,2020,-2898.38
1174669385787789824,3409,6,86555,2,2020,1300.95
1174669385787789824,3409,6,86555,3,2020,-2591.4
1174669385787789824,3409,6,86555,4,2020,-72.41
1174669385787789824,3409,6,86555,5,2020,6964.4
1174669385787789824,3409,6,86555,6,2020,4691.95
1174669385787789824,3409,6,86555,7,2020,6278.66
1174669385787789824,3409,6,86555,8,2020,2758.99
1174669385787789824,3409,6,86555,9,2020,7414.81
1174669385787789824,3409,6,86555,10,2020,7617.58
1174669385787789824,3409,6,86555,11,2020,7406.36
1174669385787789824,3409,6,86555,12,2020,6326.25
1174828881303312896,1277,1,43490,1,2020,1534.9
1174828881303312896,1277,1,43490,2,2020,-3761.06
1174828881303312896,1277,1,43490,3,2020,-7388.32
1174828881303312896,1277,1,43490,4,2020,-1260.09
1174828881303312896,1277,1,43490,5,2020,-11461.67
1174828881303312896,1277,1,43490,6,2020,-5817.47
1174828881303312896,1277,1,43490,7,2020,6987.71
1174828881303312896,1277,1,43490,8,2020,10372.99
1174828881303312896,1277,1,43490,9,2020,6047.45
1174828881303312896,1277,1,43490,10,2020,10369.73
1174828881303312896,1277,1,43490,11,2020,8619.69
1174828881303312896,1277,1,43490,12,2020,4766.5
1174831556553695744,5142,1,57282,1,2020,-1098.94
1174831556553695744,5142,1,57282,2,2020,-4196.73
1174831556553695744,5142,1,57282,3,2020,-1720.69
1174831556553695744,5142,1,57282,4,2020,-3635.11
1174831556553695744,5142,1,57282,5,2020,-10944.45
1174831556553695744,5142,1,57282,6,2020,-11713.36
1174831556553695744,5142,1,57282,7,2020,-12197.4
1174831556553695744,5142,1,57282,8,2020,-12155.78
1174831556553695744,5142,1,57282,9,2020,-15354.56
1174831556553695744,5142,1,57282,10,2020,-17434.08
1174831556553695744,5142,1,57282,11,2020,-17688.53
1174831556553695744,5142,1,57282,12,2020,-14182.83
1174942604784923392,2918,1,8362,1,2020,-68.72
1174942604784923392,2918,1,8362,2,2020,1481.65
1174942604784923392,2918,1,8362,3,2020,580.19
1174942604784923392,2918,1,8362,4,2020,3788.47
1174942604784923392,2918,1,8362,5,2020,5940.07
1174942604784923392,2918,1,8362,6,2020,8008.71
1174942604784923392,2918,1,8362,7,2020,9394.98
1174942604784923392,2918,1,8362,8,2020,7843.89
1174942604784923392,2918,1,8362,9,2020,8549.91
1174942604784923392,2918,1,8362,10,2020,7322.04
1174942604784923392,2918,1,8362,11,2020,6976.19
1174942604784923392,2918,1,8362,12,2020,3812.13
1175310501503876864,3025,4,66039,1,2020,466.17
1175310501503876864,3025,4,66039,2,2020,-1355.2
1175310501503876864,3025,4,66039,3,2020,-3291.59
1175310501503876864,3025,4,66039,4,2020,-6380.97
1175310501503876864,3025,4,66039,5,2020,-3255.37
1175310501503876864,3025,4,66039,6,2020,-3013.46
1175310501503876864,3025,4,66039,7,2020,-1691.16
1175310501503876864,3025,4,66039,8,2020,2137.45
1175310501503876864,3025,4,66039,9,2020,-1096.79
1175310501503876864,3025,4,66039,10,2020,-1694.54
1175310501503876864,3025,4,66039,11,2020,-1333.16
1175310501503876864,3025,4,66039,12,2020,-778.67
1175660105173463808,7796,6,45954,1,2020,284.57
1175660105173463808,7796,6,45954,2,2020,1312.83
1175660105173463808,7796,6,45954,3,2020,2423.25
1175660105173463808,7796,6,45954,4,2020,3025.66
1175660105173463808,7796,6,45954,5,2020,3350.89
1175660105173463808,7796,6,45954,6,2020,3350.89
1175660105173463808,7796,6,45954,7,2020,3350.89
1175660105173463808,7796,6,45954,8,2020,1861.82
1175660105173463808,7796,6,45954,9,2020,1861.82
1175660105173463808,7796,6,45954,10,2020,2735.65
1175660105173463808,7796,6,45954,11,2020,4509.85
1175660105173463808,7796,6,45954,12,2020,4914.35
1176498583799249408,3906,0,11197,1,2020,-5960.2
1176498583799249408,3906,0,11197,2,2020,-7530.7
1176498583799249408,3906,0,11197,3,2020,-7619.0
1176498583799249408,3906,0,11197,4,2020,-8185.92
1176498583799249408,3906,0,11197,5,2020,-461.84
1176498583799249408,3906,0,11197,6,2020,636.32
1176498583799249408,3906,0,11197,7,2020,849.81
1176498583799249408,3906,0,11197,8,2020,-2715.79
1176498583799249408,3906,0,11197,9,2020,-1548.71
1176498583799249408,3906,0,11197,10,2020,2747.4
1176498583799249408,3906,0,11197,11,2020,4387.28
1176498583799249408,3906,0,11197,12,2020,11144.88
1177173019302456576,3583,5,72311,1,2020,-102.8
1177173019302456576,3583,5,72311,2,2020,-613.22
1177173019302456576,3583,5,72311,3,2020,-561.62
1177173019302456576,3583,5,72311,4,2020,-561.62
1177173019302456576,3583,5,72311,5,2020,-2067.95
1177173019302456576,3583,5,72311,6,2020,-2067.95
1177173019302456576,3583,5,72311,7,2020,-2067.95
1177173019302456576,3583,5,72311,8,2020,-2067.95
1177173019302456576,3583,5,72311,9,2020,-2418.82
1177173019302456576,3583,5,72311,10,2020,-2418.82
1177173019302456576,3583,5,72311,11,2020,-2096.55
1177173019302456576,3583,5,72311,12,2020,-2096.55
1177544157731127040,2571,8,30500,1,2020,3487.31
1177544157731127040,2571,8,30500,2,2020,2502.74
1177544157731127040,2571,8,30500,3,2020,931.45
1177544157731127040,2571,8,30500,4,2020,8735.93
1177544157731127040,2571,8,30500,5,2020,13444.8
1177544157731127040,2571,8,30500,6,2020,14668.16
1177544157731127040,2571,8,30500,7,2020,21658.72
1177544157731127040,2571,8,30500,8,2020,23332.48
1177544157731127040,2571,8,30500,9,2020,27324.56
1177544157731127040,2571,8,30500,10,2020,27034.64
1177544157731127040,2571,8,30500,11,2020,30098.07
1177544157731127040,2571,8,30500,12,2020,31271.13
1179226274501617408,2911,1,54018,1,2020,5200.72
1179226274501617408,2911,1,54018,2,2020,-153.3
1179226274501617408,2911,1,54018,3,2020,-5195.11
1179226274501617408,2911,1,54018,4,2020,-9610.64
1179226274501617408,2911,1,54018,5,2020,-12193.81
1179226274501617408,2911,1,54018,6,2020,-15535.62
1179226274501617408,2911,1,54018,7,2020,-5183.59
1179226274501617408,2911,1,54018,8,2020,-8314.32
1179226274501617408,2911,1,54018,9,2020,-11550.39
1179226274501617408,2911,1,54018,10,2020,-12833.66
1179226274501617408,2911,1,54018,11,2020,-7663.93
1179226274501617408,2911,1,54018,12,2020,-4038.8
1179637238688351744,264,4,55458,1,2020,-4419.78
1179637238688351744,264,4,55458,2,2020,-10692.6
1179637238688351744,264,4,55458,3,2020,-8727.93
1179637238688351744,264,4,55458,4,2020,-10353.61
1179637238688351744,264,4,55458,5,2020,-10406.39
1179637238688351744,264,4,55458,6,2020,-11526.67
1179637238688351744,264,4,55458,7,2020,-12431.51
1179637238688351744,264,4,55458,8,2020,-18029.37
1179637238688351744,264,4,55458,9,2020,-12937.93
1179637238688351744,264,4,55458,10,2020,-11357.71
1179637238688351744,264,4,55458,11,2020,-17119.28
1179637238688351744,264,4,55458,12,2020,-13133.07
1179832357173819648,8210,9,15272,1,2020,-764.54
1179832357173819648,8210,9,15272,2,2020,-764.54
1179832357173819648,8210,9,15272,3,2020,-764.54
1179832357173819648,8210,9,15272,4,2020,-790.2
1179832357173819648,8210,9,15272,5,2020,-790.2
1179832357173819648,8210,9,15272,6,2020,-790.2
1179832357173819648,8210,9,15272,7,2020,-790.2
1179832357173819648,8210,9,15272,8,2020,216.96
1179832357173819648,8210,9,15272,9,2020,2022.68
1179832357173819648,8210,9,15272,10,2020,1064.4
1179832357173819648,8210,9,15272,11,2020,898.07
1179832357173819648,8210,9,15272,12,2020,898.07
1179846146234826496,5322,7,44067,1,2020,12556.96
1179846146234826496,5322,7,44067,2,2020,18479.37
1179846146234826496,5322,7,44067,3,2020,9898.89
1179846146234826496,5322,7,44067,4,2020,16092.9
1179846146234826496,5322,7,44067,5,2020,10776.44
1179846146234826496,5322,7,44067,6,2020,6855.3
1179846146234826496,5322,7,44067,7,2020,3568.06
1179846146234826496,5322,7,44067,8,2020,6709.32
1179846146234826496,5322,7,44067,9,2020,7738.72
1179846146234826496,5322,7,44067,10,2020,11556.42
1179846146234826496,5322,7,44067,11,2020,17759.54
1179846146234826496,5322,7,44067,12,2020,19054.45
1181475318149096192,1648,7,15138,1,2020,-2105.31
1181475318149096192,1648,7,15138,2,2020,-4656.17
1181475318149096192,1648,7,15138,3,2020,-4656.17
1181475318149096192,1648,7,15138,4,2020,-8701.03
1181475318149096192,1648,7,15138,5,2020,-6219.61
1181475318149096192,1648,7,15138,6,2020,-6537.79
1181475318149096192,1648,7,15138,7,2020,-9332.47
1181475318149096192,1648,7,15138,8,2020,-8963.83
1181475318149096192,1648,7,15138,9,2020,-7249.48
1181475318149096192,1648,7,15138,10,2020,-7249.48
1181475318149096192,1648,7,15138,11,2020,-6371.25
1181475318149096192,1648,7,15138,12,2020,-6930.67
1181737240240139264,9070,3,41722,1,2020,-2034.21
1181737240240139264,9070,3,41722,2,2020,-9765.06
1181737240240139264,9070,3,41722,3,2020,-11785.17
1181737240240139264,9070,3,41722,4,2020,-16130.6
1181737240240139264,9070,3,41722,5,2020,-22739.31
1181737240240139264,9070,3,41722,6,2020,-26843.33
1181737240240139264,9070,3,41722,7,2020,-28699.79
1181737240240139264,9070,3,41722,8,2020,-23891.34
1181737240240139264,9070,3,41722,9,2020,-24486.46
1181737240240139264,9070,3,41722,10,2020,-25540.69
1181737240240139264,9070,3,41722,11,2020,-24876.21
1181737240240139264,9070,3,41722,12,2020,-29525.0
1181922904690271744,3246,7,37028,1,2020,6278.41
1181922904690271744,3246,7,37028,2,2020,2705.42
1181922904690271744,3246,7,37028,3,2020,-2248.43
1181922904690271744,3246,7,37028,4,2020,-4981.06
1181922904690271744,3246,7,37028,5,2020,-8277.38
1181922904690271744,3246,7,37028,6,2020,-11489.55
1181922904690271744,3246,7,37028,7,2020,-11646.06
1181922904690271744,3246,7,37028,8,2020,-10855.54
1181922904690271744,3246,7,37028,9,2020,-12398.11
1181922904690271744,3246,7,37028,10,2020,-11882.34
1181922904690271744,3246,7,37028,11,2020,-13030.36
1181922904690271744,3246,7,37028,12,2020,-12708.6
1183192964232210944,9529,6,24444,1,2020,-372.98
1183192964232210944,9529,6,24444,2,2020,-482.28
1183192964232210944,9529,6,24444,3,2020,8049.25
1183192964232210944,9529,6,24444,4,2020,10380.38
1183192964232210944,9529,6,24444,5,2020,-708.69
1183192964232210944,9529,6,24444,6,2020,1097.78
1183192964232210944,9529,6,24444,7,2020,-5687.02
1183192964232210944,9529,6,24444,8,2020,-7301.81
1183192964232210944,9529,6,24444,9,2020,-12813.8
1183192964232210944,9529,6,24444,10,2020,-10136.82
1183192964232210944,9529,6,24444,11,2020,-4351.05
1183192964232210944,9529,6,24444,12,2020,-2002.89
1183821455117358080,121,9,84568,1,2020,2582.43
1183821455117358080,121,9,84568,2,2020,2213.07
1183821455117358080,121,9,84568,3,2020,2140.9
1183821455117358080,121,9,84568,4,2020,6116.99
1183821455117358080,121,9,84568,5,2020,5511.16
1183821455117358080,121,9,84568,6,2020,3173.25
1183821455117358080,121,9,84568,7,2020,1373.84
1183821455117358080,121,9,84568,8,2020,681.71
1183821455117358080,121,9,84568,9,2020,6026.26
1183821455117358080,121,9,84568,10,2020,7345.54
1183821455117358080,121,9,84568,11,2020,8346.55
1183821455117358080,121,9,84568,12,2020,13578.5
1183986025740465408,4043,4,72201,1,2020,0.0
1183986025740465408,4043,4,72201,2,2020,0.0
1183986025740465408,4043,4,72201,3,2020,1961.78
1183986025740465408,4043,4,72201,4,2020,1961.78
