1124337722170793344,5379,0,34692,3,2020,-4093.82
1124337722170793344,5379,0,34692,4,2020,-5547.8
1124337722170793344,5379,0,34692,5,2020,-2240.17
1124337722170793344,5379,0,34692,6,2020,-7605.94
1124337722170793344,5379,0,34692,7,2020,-1675.25
1124337722170793344,5379,0,34692,8,2020,-6878.75
1124337722170793344,5379,0,34692,9,2020,-7219.18
1124337722170793344,5379,0,34692,10,2020,-5228.44
1124337722170793344,5379,0,34692,11,2020,-9117.73
1124337722170793344,5379,0,34692,12,2020,-9596.44
112435425030770816,4164,6,36434,1,2020,-216.5
112435425030770816,4164,6,36434,2,2020,-2971.96
112435425030770816,4164,6,36434,3,2020,5716.64
112435425030770816,4164,6,36434,4,2020,5695.47
112435425030770816,4164,6,36434,5,2020,5442.85
112435425030770816,4164,6,36434,6,2020,1875.63
112435425030770816,4164,6,36434,7,2020,1775.44
112435425030770816,4164,6,36434,8,2020,5480.74
112435425030770816,4164,6,36434,9,2020,1537.99
112435425030770816,4164,6,36434,10,2020,915.64
112435425030770816,4164,6,36434,11,2020,665.36
112435425030770816,4164,6,36434,12,2020,13104.14
1125986684503965824,8384,0,61885,1,2020,5505.28
1125986684503965824,8384,0,61885,2,2020,8758.52
1125986684503965824,8384,0,61885,3,2020,20546.66
1125986684503965824,8384,0,61885,4,2020,21088.58
1125986684503965824,8384,0,61885,5,2020,22762.06
1125986684503965824,8384,0,61885,6,2020,21877.54
1125986684503965824,8384,0,61885,7,2020,26283.27
1125986684503965824,8384,0,61885,8,2020,29570.67
1125986684503965824,8384,0,61885,9,2020,25860.38
1125986684503965824,8384,0,61885,10,2020,18984.22
1125986684503965824,8384,0,61885,11,2020,20276.07
1125986684503965824,8384,0,61885,12,2020,21572.86
1127857824048717440,1114,4,11081,1,2020,-4834.39
1127857824048717440,1114,4,11081,2,2020,-472.18
1127857824048717440,1114,4,11081,3,2020,272.49
1127857824048717440,1114,4,11081,4,2020,52.63
1127857824048717440,1114,4,11081,5,2020,-835.25
1127857824048717440,1114,4,11081,6,2020,-5909.02
1127857824048717440,1114,4,11081,7,2020,-4708.05
1127857824048717440,1114,4,11081,8,2020,9305.64
1127857824048717440,1114,4,11081,9,2020,10139.52
1127857824048717440,1114,4,11081,10,2020,2189.5
1127857824048717440,1114,4,11081,11,2020,4667.68
1127857824048717440,1114,4,11081,12,2020,7665.6
1127934797913957632,3267,8,9098,1,2020,-1750.45
1127934797913957632,3267,8,9098,2,2020,-1289.6
1127934797913957632,3267,8,9098,3,2020,-8444.28
1127934797913957632,3267,8,9098,4,2020,-5078.81
1127934797913957632,3267,8,9098,5,2020,-7123.31
1127934797913957632,3267,8,9098,6,2020,-5062.01
1127934797913957632,3267,8,9098,7,2020,-2515.02
1127934797913957632,3267,8,9098,8,2020,2463.19
1127934797913957632,3267,8,9098,9,2020,1505.72
1127934797913957632,3267,8,9098,10,2020,2875.91
1127934797913957632,3267,8,9098,11,2020,398.79
1127934797913957632,3267,8,9098,12,2020,-129.62
1131782977201411584,8022,4,7899,1,2020,3452.58
1131782977201411584,8022,4,7899,2,2020,850.34
1131782977201411584,8022,4,7899,3,2020,2625.11
1131782977201411584,8022,4,7899,4,2020,7117.69
1131782977201411584,8022,4,7899,5,2020,5841.54
1131782977201411584,8022,4,7899,6,2020,3494.99
1131782977201411584,8022,4,7899,7,2020,7030.03
1131782977201411584,8022,4,7899,8,2020,9157.83
1131782977201411584,8022,4,7899,9,2020,7908.01
1131782977201411584,8022,4,7899,10,2020,5254.22
1131782977201411584,8022,4,7899,11,2020,3904.95
1131782977201411584,8022,4,7899,12,2020,-1006.15
1131994813904811648,8485,7,98889,1,2020,0.0
1131994813904811648,8485,7,98889,2,2020,0.0
1131994813904811648,8485,7,98889,3,2020,0.0
1131994813904811648,8485,7,98889,4,2020,0.0
1131994813904811648,8485,7,98889,5,2020,-212.1
1131994813904811648,8485,7,98889,6,2020,-212.1
1131994813904811648,8485,7,98889,7,2020,-212.1
1131994813904811648,8485,7,98889,8,2020,-212.1
1131994813904811648,8485,7,98889,9,2020,-307.9
1131994813904811648,8485,7,98889,10,2020,-307.9
1131994813904811648,8485,7,98889,11,2020,-307.9
1131994813904811648,8485,7,98889,12,2020,-307.9
1132420705450011776,66,4,72386,1,2020,5612.62
1132420705450011776,66,4,72386,2,2020,6883.29
1132420705450011776,66,4,72386,3,2020,7003.6
1132420705450011776,66,4,72386,4,2020,5959.12
1132420705450011776,66,4,72386,5,2020,3849.91
1132420705450011776,66,4,72386,6,2020,-1037.54
1132420705450011776,66,4,72386,7,2020,482.15
1132420705450011776,66,4,72386,8,2020,5280.69
1132420705450011776,66,4,72386,9,2020,-1003.4
1132420705450011776,66,4,72386,10,2020,-1561.05
1132420705450011776,66,4,72386,11,2020,962.61
1132420705450011776,66,4,72386,12,2020,-1425.35
1132674631571553664,2748,2,89273,1,2020,5578.86
1132674631571553664,2748,2,89273,2,2020,3815.15
1132674631571553664,2748,2,89273,3,2020,-1206.24
1132674631571553664,2748,2,89273,4,2020,2026.5
1132674631571553664,2748,2,89273,5,2020,-2831.17
1132674631571553664,2748,2,89273,6,2020,-385.1
1132674631571553664,2748,2,89273,7,2020,-2736.01
1132674631571553664,2748,2,89273,8,2020,-6502.34
1132674631571553664,2748,2,89273,9,2020,-9571.46
1132674631571553664,2748,2,89273,10,2020,-16026.16
1132674631571553664,2748,2,89273,11,2020,-12392.78
1132674631571553664,2748,2,89273,12,2020,-7790.56
1132841251705764352,389,8,75182,1,2020,-303.21
1132841251705764352,389,8,75182,2,2020,3155.68
1132841251705764352,389,8,75182,3,2020,1764.25
1132841251705764352,389,8,75182,4,2020,2128.56
1132841251705764352,389,8,75182,5,2020,3754.9
1132841251705764352,389,8,75182,6,2020,7738.18
1132841251705764352,389,8,75182,7,2020,5218.5
1132841251705764352,389,8,75182,8,2020,14888.53
1132841251705764352,389,8,75182,9,2020,13473.69
1132841251705764352,389,8,75182,10,2020,9821.32
1132841251705764352,389,8,75182,11,2020,11028.29
1132841251705764352,389,8,75182,12,2020,4675.13
1134440169400677504,9272,5,60403,1,2020,-2761.92
1134440169400677504,9272,5,60403,2,2020,-557.58
1134440169400677504,9272,5,60403,3,2020,1554.85
1134440169400677504,9272,5,60403,4,2020,-3013.67
1134440169400677504,9272,5,60403,5,2020,-3257.84
1134440169400677504,9272,5,60403,6,2020,-5719.79
1134440169400677504,9272,5,60403,7,2020,-3777.77
1134440169400677504,9272,5,60403,8,2020,-519.68
1134440169400677504,9272,5,60403,9,2020,-6126.6
1134440169400677504,9272,5,60403,10,2020,-9682.44
1134440169400677504,9272,5,60403,11,2020,-13247.42
1134440169400677504,9272,5,60403,12,2020,-10446.56
1134738212702573568,8608,8,66096,1,2020,-3243.32
1134738212702573568,8608,8,66096,2,2020,-4236.15
1134738212702573568,8608,8,66096,3,2020,2732.35
1134738212702573568,8608,8,66096,4,2020,-2441.73
1134738212702573568,8608,8,66096,5,2020,-2018.28
1134738212702573568,8608,8,66096,6,2020,-7471.33
1134738212702573568,8608,8,66096,7,2020,-6237.22
1134738212702573568,8608,8,66096,8,2020,-8551.55
1134738212702573568,8608,8,66096,9,2020,-11054.2
1134738212702573568,8608,8,66096,10,2020,-7679.94
1134738212702573568,8608,8,66096,11,2020,-4570.61
1134738212702573568,8608,8,66096,12,2020,-3918.66
1134913398395832192,118,0,18899,1,2020,2132.18
1134913398395832192,118,0,18899,2,2020,4641.12
1134913398395832192,118,0,18899,3,2020,4525.61
1134913398395832192,118,0,18899,4,2020,3859.65
1134913398395832192,118,0,18899,5,2020,6449.1
1134913398395832192,118,0,18899,6,2020,3679.9
1134913398395832192,118,0,18899,7,2020,2813.36
1134913398395832192,118,0,18899,8,2020,4040.17
1134913398395832192,118,0,18899,9,2020,1047.15
1134913398395832192,118,0,18899,10,2020,-42.87
1134913398395832192,118,0,18899,11,2020,-2128.68
1134913398395832192,118,0,18899,12,2020,-926.56
1135172054250470400,3872,2,59203,1,2020,-1287.46
1135172054250470400,3872,2,59203,2,2020,-220.84
1135172054250470400,3872,2,59203,3,2020,-3582.7
1135172054250470400,3872,2,59203,4,2020,-854.44
1135172054250470400,3872,2,59203,5,2020,5609.98
1135172054250470400,3872,2,59203,6,2020,3906.1
1135172054250470400,3872,2,59203,7,2020,1482.14
1135172054250470400,3872,2,59203,8,2020,1847.82
1135172054250470400,3872,2,59203,9,2020,5432.51
1135172054250470400,3872,2,59203,10,2020,8301.09
1135172054250470400,3872,2,59203,11,2020,6656.84
1135172054250470400,3872,2,59203,12,2020,4486.46
1135230866268876032,2357,2,7806,1,2020,-6371.24
1135230866268876032,2357,2,7806,2,2020,-4069.53
1135230866268876032,2357,2,7806,3,2020,-9264.11
1135230866268876032,2357,2,7806,4,2020,-10971.1
1135230866268876032,2357,2,7806,5,2020,-10444.11
1135230866268876032,2357,2,7806,6,2020,-12761.73
1135230866268876032,2357,2,7806,7,2020,-15703.41
1135230866268876032,2357,2,7806,8,2020,-19394.26
1135230866268876032,2357,2,7806,9,2020,-18953.01
1135230866268876032,2357,2,7806,10,2020,-11369.67
1135230866268876032,2357,2,7806,11,2020,-14076.84
1135230866268876032,2357,2,7806,12,2020,-15099.03
1138091313280378368,3935,1,28234,1,2020,1063.06
1138091313280378368,3935,1,28234,2,2020,-3151.38
1138091313280378368,3935,1,28234,3,2020,-3089.02
1138091313280378368,3935,1,28234,4,2020,-2852.3
1138091313280378368,3935,1,28234,5,2020,-2992.23
1138091313280378368,3935,1,28234,6,2020,-3246.47
1138091313280378368,3935,1,28234,7,2020,-1713.75
1138091313280378368,3935,1,28234,8,2020,1348.28
1138091313280378368,3935,1,28234,9,2020,1359.47
1138091313280378368,3935,1,28234,10,2020,3439.87
1138091313280378368,3935,1,28234,11,2020,7218.94
1138091313280378368,3935,1,28234,12,2020,5745.52
1138343552593731712,3681,0,99965,1,2020,2386.0
1138343552593731712,3681,0,99965,2,2020,2609.2
1138343552593731712,3681,0,99965,3,2020,5243.29
1138343552593731712,3681,0,99965,4,2020,2191.89
1138343552593731712,3681,0,99965,5,2020,157.39
1138343552593731712,3681,0,99965,6,2020,145.16
1138343552593731712,3681,0,99965,7,2020,183.83
1138343552593731712,3681,0,99965,8,2020,228.97
1138343552593731712,3681,0,99965,9,2020,-4671.29
1138343552593731712,3681,0,99965,10,2020,-1081.76
1138343552593731712,3681,0,99965,11,2020,-2444.99
1138343552593731712,3681,0,99965,12,2020,-1646.03
1138693967118421504,968,3,40859,1,2020,6179.36
1138693967118421504,968,3,40859,2,2020,8549.17
1138693967118421504,968,3,40859,3,2020,15082.36
1138693967118421504,968,3,40859,4,2020,21751.48
1138693967118421504,968,3,40859,5,2020,19831.99
1138693967118421504,968,3,40859,6,2020,19459.61
1138693967118421504,968,3,40859,7,2020,15512.89
1138693967118421504,968,3,40859,8,2020,18127.78
1138693967118421504,968,3,40859,9,2020,10521.61
1138693967118421504,968,3,40859,10,2020,16640.67
1138693967118421504,968,3,40859,11,2020,11433.2
1138693967118421504,968,3,40859,12,2020,12205.11
1139113871709509248,7300,1,61195,1,2020,-1254.93
1139113871709509248,7300,1,61195,2,2020,-1073.31
1139113871709509248,7300,1,61195,3,2020,-2386.15
1139113871709509248,7300,1,61195,4,2020,-1100.44
1139113871709509248,7300,1,61195,5,2020,-1030.21
1139113871709509248,7300,1,61195,6,2020,-1326.52
1139113871709509248,7300,1,61195,7,2020,460.2
1139113871709509248,7300,1,61195,8,2020,1428.72
1139113871709509248,7300,1,61195,9,2020,1428.72
1139113871709509248,7300,1,61195,10,2020,311.47
1139113871709509248,7300,1,61195,11,2020,776.88
1139113871709509248,7300,1,61195,12,2020,297.91
1139744594836191104,6645,0,5389,1,2020,6200.3
1139744594836191104,6645,0,5389,2,2020,-3002.7
1139744594836191104,6645,0,5389,3,2020,-5827.96
1139744594836191104,6645,0,5389,4,2020,-9863.91
1139744594836191104,6645,0,5389,5,2020,-9050.82
1139744594836191104,6645,0,5389,6,2020,-15443.98
1139744594836191104,6645,0,5389,7,2020,-17306.57
1139744594836191104,6645,0,5389,8,2020,-14671.18
1139744594836191104,6645,0,5389,9,2020,-14520.86
1139744594836191104,6645,0,5389,10,2020,-7250.1
1139744594836191104,6645,0,5389,11,2020,-4028.52
1139744594836191104,6645,0,5389,12,2020,-5243.77
